"version";"doi";"A_YEAR";"B_COUNTRY";"B_COUNTRY_ALPHA";"C_COW_NUM";"C_COW_ALPHA";"D_INTERVIEW";"J_INTDATE";"FW_START";"FW_END";"K_TIME_START";"K_TIME_END";"K_DURATION";"Q_MODE";"N_REGION_ISO";"N_REGION_WVS";"G_TOWNSIZE";"G_TOWNSIZE2";"H_SETTLEMENT";"H_URBRURAL";"I_PSU";"S_INTLANGUAGE";"LNGE_ISO";"E_RESPINT";"F_INTPRIVACY";"W_WEIGHT";"S018";"PWGHT";"Q1";"Q2";"Q3";"Q4";"Q5";"Q6";"Q7";"Q8";"Q9";"Q10";"Q11";"Q12";"Q13";"Q14";"Q15";"Q16";"Q17";"Q18";"Q19";"Q20";"Q21";"Q22";"Q23";"Q24";"Q25";"Q26";"Q27";"Q28";"Q29";"Q30";"Q31";"Q32";"Q33";"Q33_3";"Q34";"Q34_3";"Q35";"Q35_3";"Q36";"Q37";"Q38";"Q39";"Q40";"Q41";"Q42";"Q43";"Q44";"Q45";"Q46";"Q47";"Q48";"Q49";"Q50";"Q51";"Q52";"Q53";"Q54";"Q55";"Q56";"Q57";"Q58";"Q59";"Q60";"Q61";"Q62";"Q63";"Q64";"Q65";"Q66";"Q67";"Q68";"Q69";"Q70";"Q71";"Q72";"Q73";"Q74";"Q75";"Q76";"Q77";"Q78";"Q79";"Q80";"Q81";"Q82";"Q82_APEC";"Q83";"Q84";"Q85";"Q86";"Q87";"Q88";"Q89";"Q90";"Q91";"Q92";"Q93";"Q94";"Q95";"Q96";"Q97";"Q98";"Q99";"Q100";"Q101";"Q102";"Q103";"Q104";"Q105";"Q106";"Q107";"Q108";"Q109";"Q110";"Q111";"Q112";"Q113";"Q114";"Q115";"Q116";"Q117";"Q118";"Q119";"Q120";"Q121";"Q122";"Q123";"Q124";"Q125";"Q126";"Q127";"Q128";"Q129";"Q130";"Q131";"Q132";"Q133";"Q134";"Q135";"Q136";"Q137";"Q138";"Q139";"Q140";"Q141";"Q142";"Q143";"Q144";"Q145";"Q146";"Q147";"Q148";"Q149";"Q150";"Q151";"Q152";"Q153";"Q154";"Q155";"Q156";"Q157";"Q158";"Q159";"Q160";"Q161";"Q162";"Q163";"Q164";"Q165";"Q166";"Q167";"Q168";"Q169";"Q170";"Q171";"Q172";"Q173";"Q174";"Q175";"Q176";"Q177";"Q178";"Q179";"Q180";"Q181";"Q182";"Q183";"Q184";"Q185";"Q186";"Q187";"Q188";"Q189";"Q190";"Q191";"Q192";"Q193";"Q194";"Q195";"Q196";"Q197";"Q198";"Q199";"Q200";"Q201";"Q202";"Q203";"Q204";"Q205";"Q206";"Q207";"Q208";"Q209";"Q210";"Q211";"Q212";"Q213";"Q214";"Q215";"Q216";"Q217";"Q218";"Q219";"Q220";"Q221";"Q222";"Q223";"Q223_ABREV";"Q223_LOCAL";"Q224";"Q225";"Q226";"Q227";"Q228";"Q229";"Q230";"Q231";"Q232";"Q233";"Q234";"Q235";"Q236";"Q237";"Q238";"Q239";"Q240";"Q241";"Q242";"Q243";"Q244";"Q245";"Q246";"Q247";"Q248";"Q249";"Q250";"Q251";"Q252";"Q253";"Q254";"Q255";"Q256";"Q257";"Q258";"Q259";"Q260";"Q261";"Q262";"X003R";"X003R2";"Q263";"Q264";"Q265";"Q266";"Q267";"Q268";"Q269";"Q270";"Q271";"Q272";"Q273";"Q274";"Q275";"Q275R";"Q276";"Q276R";"Q277";"Q277R";"Q278";"Q278R";"Q279";"Q280";"Q281";"Q282";"Q283";"Q284";"Q285";"Q286";"Q287";"Q288";"Q288R";"Q289";"Q289CS9";"Q290";"Y001";"Y002";"Y003";"SACSECVAL";"SACSECVALB";"RESEMAVAL";"RESEMAVALB";"I_AUTHORITY";"I_NATIONALISM";"I_DEVOUT";"DEFIANCE";"I_RELIGIMP";"I_RELIGBEL";"I_RELIGPRAC";"DISBELIEF";"I_NORM1";"I_NORM2";"I_NORM3";"RELATIVISM";"I_TRUSTARMY";"I_TRUSTPOLICE";"I_TRUSTCOURTS";"SCEPTICISM";"I_INDEP";"I_IMAGIN";"I_NONOBED";"AUTONOMY";"I_WOMJOB";"I_WOMPOL";"I_WOMEDU";"EQUALITY";"I_HOMOLIB";"I_ABORTLIB";"I_DIVORLIB";"CHOICE";"I_VOICE1";"I_VOICE2";"I_VOI2_00";"VOICE";"SECVALWGT";"WEIGHT1A";"WEIGHT1B";"WEIGHT2A";"WEIGHT2B";"WEIGHT3A";"WEIGHT3B";"WEIGHT4A";"WEIGHT4B";"RESEMAVALBWGT";"RESEMAVALWGT";"SECVALBWGT";"Y001_1";"Y001_2";"Y001_3";"Y001_4";"Y001_5";"KR_A1";"KR_A10";"KR_A11";"KR_A12";"KR_A13";"KR_A14";"KR_A15";"KR_A16";"KR_A17";"KR_A18";"KR_A19";"KR_A2";"KR_A20";"KR_A21";"KR_A22";"KR_A23";"KR_A24";"KR_A25";"KR_A26";"KR_A27";"KR_A28";"KR_A29";"KR_A3";"KR_A30";"KR_A31";"KR_A4";"KR_A5";"KR_A6";"KR_A7";"KR_A8";"KR_A9";"KR_B1";"KR_B10";"KR_B11";"KR_B12";"KR_B13";"KR_B14";"KR_B15";"KR_B16";"KR_B17";"KR_B2";"KR_B3";"KR_B4";"KR_B5";"KR_B6";"KR_B7";"KR_B8";"KR_B9";"KR_Q290_2"
"1-5-0 (2020-11-16)";"doi.org/10.14281/18241.1";2018;410;"KOR";732;"ROK";410070001;20171224;201712;201801;10.4;11.22;42;1;410027;410003;8;5;2;1;1;2390;"ko";3;1;1.0;0.8032128514056225;41453.815261044176;1;2;2;2;1;2;1;2;1;1;2;2;1;1;2;2;2;1;2;1;2;1;2;1;2;2;1;2;2;3;3;2;3;3;2;1;4;2;3;2;3;1;2;1;2;3;1;2;2;2;8;7;4;4;4;4;4;4;2;1;1;2;2;3;3;3;2;2;2;2;3;3;3;3;3;3;3;2;3;2;2;3;2;3;2;2;2;3;2;3;2;3;2;6;3;1;2;0;0;0;0;0;0;0;0;0;0;0;0;6;4;6;5;6;1;7;3;3;3;3;3;3;4;8;4;2;2;1;2;1;2;2;2;2;3;3;2;3;3;3;2;3;1;1;2;2;3;2;2;2;2;3;1;2;1;2;4;3;1;1;2;6;7;6;7;3;7;8;1;1;1;1;3;3;4;5;2;2;2;3;2;3;2;2;2;4;1;4;5;6;1;5;1;1;2;1;1;1;4;4;4;4;2;2;5;1;5;5;5;5;5;2;3;3;3;3;3;3;3;2;3;3;3;3;1;1;-2;-2;-2;1;4;3;3;1;2;3;4;1;1;3;2;3;3;2;3;8;8;6;8;8;6;8;8;5;9;9;7;7;2;1;2;2;2;2;3;2;1953;64;5;3;1;1;1;410;410;410;1;2;1;2390;1;3;2;1;2;1;1;1;1;1;1;1;8;8;10;3;2;2;4;3;1;7;70000000;410004;1;1;1;0.5816666666666667;0.3883333333333333;0.3000925925925926;0.4335185185185185;0.5;0.0;0.0;0.16666666666666666;0.33;1.0;0.5;0.61;1.0;1.0;1.0;1.0;0.33;0.66;0.66;0.55;0.0;0.0;1.0;0.3333333333333333;0.5;0.33;0.66;0.49666666666666676;0.3333333333333333;0.3333333333333333;0.4444444444444444;0.3703703703703703;0.0;0.0;0.0;0.0;1.0;1.0;1.0;1.0;1.0;1.0;1.0;1.0;1.0;1.0;1.0;1.0;0;0;0;0;1;7;5;6;5;3;4;3;3;5;4;4;7;3;5;5;5;2;4;4;200;11060;0;7;3;1;7;7;4;8;5;1;1;2;2;8;5;3;2;3;4;1;3;3;3;3;8;5;3;4
"1-5-0 (2020-11-16)";"doi.org/10.14281/18241.1";2018;410;"KOR";732;"ROK";410070002;20171224;201712;201801;11.56;12.26;30;1;410027;410003;8;5;2;1;2;2390;"ko";3;1;1.0;0.8032128514056225;41453.815261044176;1;2;2;2;1;2;1;2;1;1;2;2;1;1;2;2;2;1;2;1;2;1;2;1;2;2;1;2;3;4;3;2;3;3;2;1;4;2;3;2;2;1;2;3;2;3;1;2;2;2;5;6;4;4;4;4;4;4;2;1;1;2;2;3;2;3;2;2;2;2;3;3;3;3;3;3;2;2;2;2;3;3;3;3;2;2;2;3;3;2;2;3;2;6;3;1;2;0;0;0;0;0;0;0;0;0;0;0;0;5;6;6;6;5;2;6;3;3;3;4;3;2;4;8;3;2;2;1;1;1;1;2;1;2;3;3;3;3;3;3;2;3;1;1;2;2;2;2;2;2;3;3;1;2;1;2;4;3;2;1;3;7;7;7;7;3;7;6;1;1;2;1;4;4;4;4;2;2;2;3;1;2;1;1;1;5;1;4;8;7;3;4;1;1;4;5;1;1;4;4;4;4;2;2;5;1;2;2;5;2;2;2;3;3;3;3;3;3;3;3;2;3;3;3;1;1;-2;-2;-2;1;4;3;3;1;2;3;4;1;2;1;3;3;2;2;3;8;8;2;8;6;5;8;7;3;9;9;7;7;2;2;2;2;2;3;3;1;1950;67;6;3;1;1;1;410;410;410;1;2;1;2390;1;2;2;1;3;2;1;1;1;1;4;1;-3;4;10;-3;2;2;5;2;1;7;70000000;410004;2;2;1;0.4425;0.44333333333333336;0.43421296296296297;0.6192592592592593;0.5;0.33;0.0;0.27666666666666667;0.33;1.0;0.5;0.61;1.0;0.0;0.0;0.3333333333333333;0.33;0.66;0.66;0.55;0.0;0.0;1.0;0.3333333333333333;0.5;0.66;1.0;0.7200000000000001;0.4444444444444444;0.3333333333333333;0.7777777777777778;0.5185185185185185;0.33;0.0;0.165;0.165;1.0;1.0;1.0;1.0;1.0;1.0;1.0;1.0;1.0;1.0;1.0;1.0;0;0;1;0;1;6;6;5;5;3;4;3;3;3;4;4;6;4;5;5;8;-3;-3;5;150;18500;0;6;3;1;6;7;6;8;5;1;1;4;2;6;5;2;2;2;3;2;3;4;1;3;6;5;2;4
"1-5-0 (2020-11-16)";"doi.org/10.14281/18241.1";2018;410;"KOR";732;"ROK";410070003;20171224;201712;201801;13.04;13.25;21;1;410027;410003;8;5;2;1;3;2390;"ko";2;1;1.0;0.8032128514056225;41453.815261044176;1;2;2;2;1;2;1;2;1;2;2;1;1;1;2;2;2;1;2;1;2;1;2;2;1;2;1;2;4;4;2;2;2;1;2;1;3;3;3;2;2;1;1;2;1;3;2;2;2;2;8;8;5;4;4;4;4;4;2;1;1;2;2;3;3;3;2;2;2;2;3;3;3;3;3;3;3;2;3;2;3;2;2;3;3;3;2;2;3;3;2;3;2;8;3;1;2;0;0;0;0;0;0;0;0;0;0;0;0;6;6;5;7;5;2;8;3;3;2;3;3;3;4;8;3;2;2;1;1;1;2;1;2;2;3;3;2;3;3;3;2;3;1;1;2;1;3;2;2;1;2;2;2;2;1;2;1;1;3;1;2;7;6;8;7;4;7;6;1;2;2;2;4;4;4;5;2;2;2;3;1;4;4;1;1;4;1;4;7;7;1;5;1;2;4;5;1;1;4;4;4;4;2;2;5;1;2;1;5;2;2;2;3;3;3;3;2;2;1;2;2;3;3;3;1;1;410001;410001;410001;1;4;2;3;2;2;3;3;1;2;1;3;4;3;2;3;8;8;6;8;7;3;5;5;4;9;8;7;6;2;2;3;2;2;3;3;1;1959;58;5;3;1;1;1;410;410;410;1;2;2;2390;1;2;3;2;3;2;0;1;1;1;3;5;4;-5;10;2;1;2;5;2;1;7;70000000;410004;1;1;1;0.4425;0.44333333333333336;0.3819444444444444;0.5972222222222222;0.5;0.33;0.0;0.27666666666666667;0.33;1.0;0.5;0.61;1.0;0.0;0.0;0.3333333333333333;0.33;0.66;0.66;0.55;0.0;0.0;1.0;0.3333333333333333;0.25;1.0;1.0;0.75;0.3333333333333333;0.3333333333333333;0.6666666666666666;0.4444444444444444;0.0;0.0;0.0;0.0;1.0;1.0;1.0;1.0;1.0;1.0;1.0;1.0;1.0;1.0;1.0;1.0;0;0;0;0;1;7;6;7;7;4;4;4;3;7;4;3;7;4;6;5;5;4;1;5;250;25000;2000;7;2;1;7;8;7;8;6;1;1;2;2;6;5;3;2;2;2;2;3;3;1;3;7;6;3;4
"1-5-0 (2020-11-16)";"doi.org/10.14281/18241.1";2018;410;"KOR";732;"ROK";410070004;20171224;201712;201801;16.38;16.59;21;1;410027;410003;8;5;2;1;4;2390;"ko";3;2;1.0;0.8032128514056225;41453.815261044176;1;2;2;2;1;2;2;2;1;1;2;1;1;1;2;2;2;1;2;1;2;1;2;1;2;2;1;2;2;3;3;2;3;3;2;1;2;1;3;2;2;2;3;2;1;3;2;2;2;2;5;6;5;4;4;4;4;4;2;2;1;3;2;3;3;3;3;2;2;2;3;3;3;3;3;3;2;2;2;3;2;3;2;3;3;3;2;2;3;3;3;3;2;6;3;1;2;0;0;0;0;0;0;0;0;0;2;0;0;6;4;6;5;6;2;8;3;3;2;3;3;3;0;6;4;2;2;1;1;1;1;2;1;2;3;3;2;3;3;4;2;3;1;1;2;2;2;2;2;1;2;2;2;2;1;2;3;3;1;1;2;7;6;6;7;5;6;6;1;1;1;1;3;3;3;4;2;2;2;4;1;1;1;1;1;5;1;5;6;7;1;5;2;1;2;3;2;1;4;4;4;4;2;2;5;1;5;2;5;1;2;2;3;3;3;3;3;3;3;3;3;3;3;3;1;1;410002;410002;410002;1;4;3;3;3;1;3;4;1;1;2;3;3;3;2;3;7;8;6;8;6;5;6;5;3;8;8;6;7;2;2;2;2;2;3;3;2;1960;57;5;3;1;1;1;410;410;410;1;4;1;2390;1;2;3;2;3;2;1;1;1;1;5;3;-3;4;-5;-3;2;2;5;4;2;2;20000000;410004;2;1;1;0.3452777777777778;0.41555555555555557;0.39037037037037037;0.4890740740740741;0.5;0.33;0.0;0.27666666666666667;0.33;1.0;0.3333333333333333;0.5544444444444444;0.0;0.0;0.0;0.0;0.33;0.66;0.66;0.55;0.0;0.0;1.0;0.3333333333333333;0.5;0.33;0.66;0.49666666666666676;0.4444444444444444;0.4444444444444444;0.5555555555555556;0.48148148148148145;0.0;0.5;0.25;0.25;1.0;1.0;1.0;1.0;1.0;1.0;1.0;1.0;1.0;1.0;1.0;1.0;1;0;0;0;1;7;5;6;5;4;4;3;4;5;3;3;7;4;4;4;5;-3;-3;5;500;28000;3000;-3;4;1;-3;-3;-3;7;4;1;1;3;2;6;4;2;2;2;4;1;3;3;1;3;8;5;3;4
"1-5-0 (2020-11-16)";"doi.org/10.14281/18241.1";2018;410;"KOR";732;"ROK";410070005;20171225;201712;201801;13.15;13.38;23;1;410027;410003;8;5;2;1;5;2390;"ko";3;1;1.0;0.8032128514056225;41453.815261044176;1;2;2;2;1;3;2;1;1;2;1;2;1;1;2;2;2;1;2;1;2;1;2;1;2;2;1;2;3;3;2;3;4;2;2;1;3;3;2;3;2;2;2;1;2;3;1;2;2;2;8;8;5;4;4;4;4;4;2;2;1;2;2;3;3;3;2;2;2;2;3;3;3;3;3;3;3;3;2;2;3;2;3;3;3;3;2;2;3;3;2;3;3;7;3;1;2;0;0;0;0;0;0;0;0;0;0;0;0;7;6;6;4;4;2;7;3;4;3;3;2;3;4;7;3;2;2;1;2;1;1;2;1;3;3;3;2;3;3;3;2;3;1;1;2;1;2;2;2;2;2;2;1;2;1;2;3;3;4;1;3;7;7;6;7;3;8;7;1;2;1;2;3;3;5;7;2;2;2;7;1;1;1;1;1;4;1;5;6;6;1;4;1;3;2;2;1;3;3;4;4;4;2;2;2;1;2;1;2;1;2;1;3;3;3;3;2;3;3;3;2;3;3;3;1;1;410002;410002;410002;1;4;3;3;1;1;3;4;1;1;1;3;2;3;2;3;5;7;3;8;5;4;5;8;5;9;9;7;7;2;2;2;2;2;2;3;1;1988;29;2;1;1;1;1;410;410;410;1;4;2;2390;6;0;6;3;-3;-3;2;1;2;1;1;-3;3;-3;4;2;2;2;3;5;2;7;70000000;410004;3;2;2;0.40055555555555555;0.5261111111111111;0.6373611111111112;0.5672222222222223;0.5;0.33;0.0;0.27666666666666667;0.66;1.0;0.6666666666666666;0.7755555555555556;0.0;0.0;0.0;0.0;0.33;0.66;0.66;0.55;1.0;1.0;1.0;1.0;0.75;0.66;0.66;0.6900000000000001;0.3333333333333333;0.4444444444444444;0.5555555555555556;0.4444444444444444;0.33;0.5;0.41500000000000004;0.41500000000000004;1.0;1.0;1.0;1.0;1.0;1.0;1.0;1.0;1.0;1.0;1.0;1.0;1;0;1;0;1;8;6;6;6;6;5;4;6;6;4;3;8;4;6;6;6;1;2;3;500;35000;0;8;4;1;9;9;8;8;6;1;1;3;1;8;5;3;2;2;2;1;3;4;1;3;8;5;4;-3
"1-5-0 (2020-11-16)";"doi.org/10.14281/18241.1";2018;410;"KOR";732;"ROK";410070006;20171225;201712;201801;14.38;14.58;20;1;410027;410003;8;5;2;1;6;2390;"ko";3;1;1.0;0.8032128514056225;41453.815261044176;1;2;2;2;1;3;2;1;1;1;2;2;1;1;2;2;2;1;2;1;2;1;2;1;2;2;2;2;3;3;2;2;4;2;3;3;2;1;3;3;2;2;2;2;2;3;1;2;2;2;4;5;5;4;4;4;4;4;2;2;1;2;3;3;3;3;2;3;2;2;3;3;3;3;3;3;3;2;2;2;3;3;2;3;3;3;3;2;2;3;3;2;2;4;3;2;2;0;0;0;0;0;0;0;0;0;0;0;0;3;3;5;4;3;1;8;3;3;2;3;3;3;4;7;4;2;2;1;1;1;2;2;2;3;3;3;2;3;3;3;2;3;1;1;2;2;2;2;2;2;2;3;1;1;1;2;3;3;1;1;2;8;7;7;8;8;7;6;1;2;1;2;3;3;5;6;2;2;2;8;1;1;1;1;1;5;1;5;7;6;1;4;1;1;1;1;1;1;4;4;4;4;2;2;2;1;5;1;2;1;2;2;3;3;3;3;3;3;3;3;2;3;3;3;1;1;410002;410002;410002;1;4;3;3;2;1;3;4;1;1;2;3;3;4;1;3;5;7;5;10;6;3;6;5;3;8;8;8;7;2;2;2;2;2;3;3;2;1973;44;3;2;1;1;1;410;410;410;1;5;1;2390;3;4;3;2;-3;-3;1;1;1;1;1;-3;5;-5;10;2;1;2;5;2;1;7;70000000;410004;2;1;2;0.4555555555555556;0.5811111111111111;0.5312962962962963;0.6042592592592593;0.5;0.33;0.33;0.3866666666666667;0.66;1.0;0.6666666666666666;0.7755555555555556;0.0;0.0;0.0;0.0;0.66;0.66;0.66;0.66;1.0;0.0;1.0;0.6666666666666666;0.75;0.66;0.66;0.6900000000000001;0.4444444444444444;0.4444444444444444;0.6666666666666666;0.5185185185185185;0.0;0.5;0.25;0.25;1.0;1.0;1.0;1.0;1.0;1.0;1.0;1.0;1.0;1.0;1.0;1.0;1;0;0;0;1;5;6;6;5;4;4;4;4;5;4;3;6;3;5;5;7;2;2;5;150;4000;0;8;2;2;8;7;8;7;4;1;1;4;2;7;6;4;3;2;2;1;3;4;1;3;7;5;3;-5
"1-5-0 (2020-11-16)";"doi.org/10.14281/18241.1";2018;410;"KOR";732;"ROK";410070007;20171225;201712;201801;18.22;18.42;20;1;410027;410003;8;5;2;1;7;2390;"ko";3;1;1.0;0.8032128514056225;41453.815261044176;1;2;2;3;2;3;2;1;1;2;1;1;2;1;2;2;2;1;2;1;2;2;2;1;2;2;2;1;3;3;3;2;2;1;3;3;3;3;2;3;4;2;2;3;2;3;1;2;2;2;4;7;5;4;4;4;4;4;2;2;1;2;3;3;3;3;2;2;2;2;3;3;3;3;3;3;3;2;3;3;2;2;3;3;3;3;2;2;3;2;2;3;3;4;3;1;2;0;0;0;0;0;0;0;0;0;0;0;0;3;3;3;4;7;2;1;3;3;3;3;2;3;4;8;3;2;2;1;1;2;1;2;1;3;3;3;2;3;3;3;2;3;1;1;2;2;2;2;2;2;2;3;2;1;1;2;3;3;4;1;3;8;8;6;8;7;7;6;1;1;1;2;3;3;4;5;2;2;2;5;1;1;1;1;1;5;1;4;5;6;1;4;1;1;1;5;1;1;4;4;4;4;2;2;5;1;3;1;2;1;1;1;3;3;3;3;3;3;3;3;1;3;3;3;1;1;410002;410002;410002;1;4;1;3;1;4;3;4;1;1;2;3;3;3;2;3;6;6;6;7;6;3;5;6;3;7;8;6;7;2;2;2;2;2;3;3;2;1979;38;3;2;1;1;1;410;410;410;1;4;2;2390;1;2;6;3;6;3;3;2;3;2;1;1;3;3;3;2;2;2;5;4;2;7;70000000;410004;3;2;2;0.41416666666666674;0.5533333333333335;0.5864351851851852;0.4653703703703703;0.5;0.33;0.33;0.3866666666666667;0.66;1.0;0.5;0.7200000000000001;0.0;0.0;0.0;0.0;0.33;0.66;0.66;0.55;1.0;1.0;1.0;1.0;0.25;0.66;0.66;0.5233333333333333;0.4444444444444444;0.3333333333333333;0.4444444444444444;0.4074074074074074;0.33;0.5;0.41500000000000004;0.41500000000000004;1.0;1.0;1.0;1.0;1.0;1.0;1.0;1.0;1.0;1.0;1.0;1.0;1;0;1;0;1;7;6;5;6;6;5;4;5;4;5;4;7;3;6;6;5;1;4;5;400;28000;3000;8;4;1;7;8;7;6;5;1;1;3;2;8;5;3;2;2;3;1;3;1;1;3;7;5;4;4
"1-5-0 (2020-11-16)";"doi.org/10.14281/18241.1";2018;410;"KOR";732;"ROK";410070008;20171228;201712;201801;15.24;16.02;38;1;410011;410001;8;5;1;1;8;2390;"ko";2;1;1.0;0.8032128514056225;41453.815261044176;3;2;2;2;4;4;1;1;2;1;1;2;2;1;2;2;2;1;2;1;2;1;2;2;2;2;2;2;3;3;3;3;3;3;2;1;5;2;3;4;3;1;2;4;2;3;2;3;2;1;6;9;8;4;4;4;4;4;1;1;2;2;2;3;2;2;2;3;2;2;2;3;3;3;3;3;3;2;2;4;2;2;2;2;2;2;2;2;2;2;2;2;2;4;3;3;2;0;1;1;0;0;0;0;0;0;0;0;1;9;6;8;2;2;2;7;3;4;3;3;3;2;3;6;4;2;2;2;0;0;2;0;2;2;2;3;2;2;4;4;3;3;1;2;2;4;3;2;2;3;3;3;2;2;1;1;2;2;4;3;1;9;8;7;4;3;10;2;2;2;2;2;4;4;6;7;3;1;2;2;3;3;1;4;3;3;4;5;5;7;3;8;2;3;3;2;5;1;4;2;3;3;3;2;4;4;5;1;2;1;1;1;2;2;2;2;2;2;2;2;2;2;2;2;1;1;410002;410002;410002;2;3;1;3;2;2;3;4;2;2;1;2;3;4;2;4;2;7;1;10;7;3;9;4;6;8;9;6;6;2;3;3;3;2;3;3;1;1993;24;1;1;1;1;1;410;410;410;1;4;2;2390;6;0;3;2;-3;-3;6;3;6;3;6;-3;-3;-3;3;-3;2;1;3;4;2;0;100000020;410004;3;3;2;0.8169444444444445;0.803888888888889;0.6192592592592593;0.4885185185185186;1.0;0.66;0.33;0.6633333333333334;1.0;1.0;0.8333333333333334;0.9444444444444445;1.0;1.0;1.0;1.0;0.66;0.66;0.66;0.66;1.0;1.0;1.0;1.0;0.5;0.66;0.66;0.6066666666666668;0.2222222222222222;0.4444444444444444;0.4444444444444444;0.3703703703703704;1.0;0.0;0.5;0.5;1.0;1.0;1.0;1.0;1.0;1.0;1.0;1.0;1.0;1.0;1.0;1.0;0;1;1;1;0;8;6;4;7;3;4;4;3;4;4;6;9;8;9;8;3;-3;-3;3;480;120000;0;-3;5;1;-3;-3;-3;5;1;2;2;6;8;7;1;7;5;8;2;1;2;1;1;2;7;3;8;-3
"1-5-0 (2020-11-16)";"doi.org/10.14281/18241.1";2018;410;"KOR";732;"ROK";410070009;20171228;201712;201801;15.28;16.36;68;1;410011;410001;8;5;1;1;9;2390;"ko";2;1;1.0;0.8032128514056225;41453.815261044176;1;1;1;2;2;2;2;1;1;1;2;1;2;1;2;2;2;1;2;1;2;1;2;1;2;2;2;2;3;3;3;2;3;3;3;3;4;2;2;2;3;2;3;3;2;2;1;3;2;2;7;7;7;4;4;4;4;4;1;2;1;2;1;2;3;3;2;3;2;3;2;2;3;2;2;2;2;3;2;2;2;2;1;2;2;2;2;2;3;2;3;2;2;8;1;1;2;0;1;0;0;0;0;0;0;0;0;0;0;6;8;7;8;8;1;5;2;3;2;3;2;2;3;7;4;1;1;2;1;1;1;1;1;2;2;3;3;4;4;4;4;3;1;1;2;3;3;2;2;3;3;3;1;1;2;1;3;1;4;2;3;8;8;8;8;8;8;8;1;1;1;1;3;3;2;3;2;2;2;8;8;6;8;2;2;2;2;6;8;6;2;7;2;2;2;2;2;5;4;2;3;2;2;2;2;1;2;1;5;1;5;2;1;2;1;3;2;2;2;2;2;2;2;2;1;1;410002;410002;410002;1;3;2;3;2;2;2;2;3;2;2;2;2;3;2;2;8;8;8;9;8;8;8;8;8;7;8;8;8;2;2;2;2;1;3;3;2;1949;68;6;3;1;1;1;410;410;410;1;2;1;2390;1;2;3;2;6;3;0;1;2;1;5;3;-3;5;9;-3;2;1;3;6;2;1;10100000;410004;4;2;2;0.6505555555555556;0.5261111111111112;0.5424537037037037;0.5440740740740742;1.0;0.33;0.33;0.5533333333333333;0.33;1.0;0.16666666666666666;0.49888888888888894;1.0;1.0;1.0;1.0;0.66;0.33;0.66;0.5499999999999999;1.0;0.0;1.0;0.6666666666666666;0.5;0.66;0.66;0.6066666666666668;0.1111111111111111;0.5555555555555556;0.7777777777777778;0.48148148148148157;0.33;0.5;0.41500000000000004;0.41500000000000004;1.0;1.0;1.0;1.0;1.0;1.0;1.0;1.0;1.0;1.0;1.0;1.0;1;0;1;1;1;8;7;8;8;8;8;7;6;7;8;7;8;8;7;7;8;-3;-3;3;500;70000;0;9;5;1;9;9;9;8;7;1;3;5;7;8;5;5;4;7;2;1;3;2;2;2;9;5;5;4
"1-5-0 (2020-11-16)";"doi.org/10.14281/18241.1";2018;410;"KOR";732;"ROK";410070010;20171228;201712;201801;17.41;18.28;47;1;410011;410001;8;5;1;1;10;2390;"ko";2;1;1.0;0.8032128514056225;41453.815261044176;1;1;1;2;2;3;2;1;1;1;1;2;2;1;2;2;2;1;2;1;2;1;2;1;2;2;3;2;2;2;3;2;3;3;4;2;3;3;3;3;4;3;3;3;2;2;2;3;2;2;8;8;8;4;4;4;4;4;3;2;2;2;2;3;3;3;3;3;3;3;3;2;2;2;3;3;2;3;2;3;2;2;2;2;2;2;3;3;3;3;3;3;3;8;1;2;2;0;0;0;0;0;0;0;0;0;0;0;0;5;6;6;6;6;2;8;2;2;2;3;3;2;3;7;4;1;2;1;1;1;2;1;1;3;2;3;2;1;2;2;3;3;2;2;2;2;2;2;2;3;3;3;2;2;1;3;1;3;2;1;3;8;8;8;8;8;8;8;2;1;2;2;2;2;7;8;3;2;2;8;3;3;1;2;2;5;2;5;6;9;2;8;2;1;4;2;2;2;6;2;3;3;2;2;1;1;2;1;5;1;1;1;2;2;2;2;2;2;2;2;2;2;2;2;1;1;410002;410002;410002;2;3;2;3;3;3;3;2;3;3;2;2;1;3;2;3;5;7;4;5;7;5;7;7;5;6;8;6;6;3;2;2;2;2;3;3;1;1967;50;4;3;1;1;1;410;410;410;1;4;1;2390;1;2;6;3;3;2;1;1;1;1;1;1;6;5;9;2;1;1;3;4;2;0;100000020;410004;3;2;2;0.7475;0.7750000000000001;0.633287037037037;0.43407407407407406;1.0;0.33;0.66;0.6633333333333334;0.66;1.0;1.0;0.8866666666666667;1.0;1.0;1.0;1.0;0.66;0.33;0.33;0.44;1.0;1.0;1.0;1.0;0.5;0.33;0.33;0.3866666666666667;0.4444444444444444;0.4444444444444444;0.5555555555555556;0.48148148148148145;0.33;1.0;0.665;0.665;1.0;1.0;1.0;1.0;1.0;1.0;1.0;1.0;1.0;1.0;1.0;1.0;1;0;1;0;1;8;6;8;8;8;8;8;8;7;8;8;8;7;8;8;8;1;2;3;600;40000;5000;9;4;1;8;9;8;8;8;1;3;5;6;9;4;5;5;6;2;1;3;2;3;2;9;2;5;4
"1-5-0 (2020-11-16)";"doi.org/10.14281/18241.1";2018;410;"KOR";732;"ROK";410070011;20171228;201712;201801;20.2;21.26;66;1;410011;410001;8;5;1;1;11;2390;"ko";2;1;1.0;0.8032128514056225;41453.815261044176;1;1;1;2;2;1;1;1;2;1;1;1;2;2;2;2;2;1;2;1;2;1;2;1;2;1;2;3;3;3;3;2;4;2;4;2;4;2;3;4;4;4;4;4;2;1;1;2;2;2;8;8;8;4;4;4;4;4;3;2;1;2;2;3;3;3;1;3;2;3;2;2;2;3;2;2;3;2;2;2;3;2;2;2;2;2;3;2;2;2;3;3;2;7;1;1;2;2;0;0;0;0;0;0;0;0;0;0;0;6;8;8;8;7;2;8;2;2;2;2;2;2;3;7;4;1;2;1;1;1;1;1;1;2;2;3;4;4;4;4;4;4;2;2;2;3;3;2;2;3;3;3;1;1;1;3;1;1;2;1;3;8;8;8;8;9;8;8;1;1;1;1;2;2;1;1;1;1;1;8;2;2;2;2;2;1;2;2;2;2;1;2;2;1;1;1;1;1;2;3;3;3;2;2;1;1;2;2;1;1;2;2;2;2;2;2;1;1;1;1;2;2;2;2;1;1;410009;410009;410009;2;3;2;2;2;2;3;3;3;3;2;2;2;3;2;3;7;7;6;7;7;6;7;7;7;6;7;7;7;2;2;2;1;2;2;2;2;1957;60;5;3;1;1;1;410;410;410;1;3;1;2390;1;2;3;2;3;2;1;1;1;1;1;1;5;5;9;2;2;2;3;5;2;2;20000000;410004;3;2;1;0.45666666666666667;0.19333333333333336;0.6072685185185185;0.38203703703703706;0.5;0.33;0.33;0.3866666666666667;0.0;0.0;0.0;0.0;1.0;1.0;1.0;1.0;0.66;0.33;0.33;0.44;1.0;1.0;1.0;1.0;0.75;0.66;0.66;0.6900000000000001;0.0;0.1111111111111111;0.1111111111111111;0.07407407407407407;0.33;1.0;0.665;0.665;1.0;1.0;1.0;1.0;1.0;1.0;1.0;1.0;1.0;1.0;1.0;1.0;1;0;1;0;1;9;8;8;8;7;8;8;6;7;8;7;8;7;6;7;8;2;2;3;500;55000;7000;9;5;1;9;9;9;8;8;1;2;8;5;6;5;5;8;7;2;4;3;3;3;3;6;5;6;4
"1-5-0 (2020-11-16)";"doi.org/10.14281/18241.1";2018;410;"KOR";732;"ROK";410070012;20171229;201712;201801;11.0;11.54;54;1;410011;410001;8;5;1;1;12;2390;"ko";2;1;1.0;0.8032128514056225;41453.815261044176;1;3;2;3;4;4;1;1;2;1;1;2;2;1;2;2;2;1;2;1;2;1;2;1;2;2;4;3;4;4;4;2;5;2;2;1;5;2;2;2;2;2;2;3;2;3;1;3;2;2;8;7;7;4;4;4;4;4;1;2;2;2;3;3;2;2;2;3;2;2;2;3;2;3;4;4;3;2;2;4;2;2;2;2;2;2;2;2;2;2;2;2;2;5;3;2;2;0;0;0;0;0;0;0;0;0;0;0;0;6;6;7;4;3;2;7;3;4;3;3;3;2;4;7;4;2;2;2;0;2;2;0;2;2;3;3;3;3;3;4;3;3;1;1;1;1;3;2;1;2;3;3;2;2;1;2;3;3;1;1;2;8;9;7;6;3;10;2;2;2;2;2;4;2;7;6;3;2;2;6;2;4;1;4;3;2;2;7;8;3;4;8;3;3;3;2;2;1;6;2;3;3;3;2;4;1;4;1;2;1;5;1;2;2;2;2;2;3;3;2;3;3;3;3;1;1;410002;410002;410002;2;4;2;3;2;2;3;4;2;3;1;1;3;4;2;4;3;7;1;10;6;1;10;3;5;10;10;6;6;2;3;3;3;2;4;3;2;1969;48;4;2;1;1;1;410;410;410;1;4;1;2390;1;2;7;3;6;3;0;1;2;1;5;2;-3;3;-5;-3;2;1;3;6;2;0;100000020;410004;2;1;2;0.8591666666666666;0.9433333333333334;0.6921296296296297;0.7592592592592593;1.0;0.66;1.0;0.8866666666666667;1.0;1.0;1.0;1.0;1.0;1.0;1.0;1.0;0.66;0.66;0.33;0.5499999999999999;1.0;1.0;1.0;1.0;1.0;1.0;1.0;1.0;0.1111111111111111;0.6666666666666666;0.7777777777777778;0.5185185185185185;0.0;0.5;0.25;0.25;1.0;1.0;1.0;1.0;1.0;1.0;1.0;1.0;1.0;1.0;1.0;1.0;1;0;0;0;1;7;5;5;6;3;3;3;3;4;3;4;7;4;3;8;3;-3;-3;3;500;130000;0;-3;6;1;-3;-3;-3;8;9;1;2;6;8;6;3;6;5;6;2;1;2;1;2;2;9;3;7;4
"1-5-0 (2020-11-16)";"doi.org/10.14281/18241.1";2018;410;"KOR";732;"ROK";410070013;20171229;201712;201801;11.0;12.16;76;1;410011;410001;8;5;1;1;13;2390;"ko";2;2;1.0;0.8032128514056225;41453.815261044176;1;2;2;3;1;3;1;1;2;1;1;1;2;2;2;2;2;1;2;1;2;1;2;1;2;1;2;2;2;3;3;3;3;3;3;3;2;1;3;3;2;3;4;3;2;1;1;2;2;2;7;8;7;4;4;4;4;4;3;1;2;2;2;3;2;3;2;3;2;2;2;2;2;2;2;2;2;2;2;2;2;2;2;2;3;3;3;3;3;2;3;2;3;7;1;1;2;1;1;1;1;1;1;1;1;1;1;1;1;7;6;7;7;6;1;8;3;3;3;3;3;3;4;7;2;2;1;1;0;0;0;0;1;3;2;3;3;3;3;3;2;2;2;2;2;3;3;2;2;3;3;3;1;1;2;1;3;2;3;3;2;7;6;7;7;7;6;7;2;2;1;1;3;3;5;6;3;2;2;7;6;7;7;6;7;6;6;7;6;7;6;6;6;6;5;7;6;6;6;3;2;3;3;2;4;2;5;1;1;1;2;1;3;3;3;3;2;3;3;3;3;3;3;3;3;2;-2;-2;-2;2;2;3;2;2;2;3;3;3;3;2;2;3;3;2;2;6;7;6;7;7;7;7;7;6;7;6;6;7;2;2;2;2;2;3;3;1;1969;48;4;2;1;1;1;410;410;410;1;4;2;2390;1;2;6;3;6;3;3;2;3;2;1;1;3;5;3;2;1;1;3;5;2;0;100000020;410004;4;2;1;0.6505555555555556;0.5811111111111111;0.6673148148148149;0.5446296296296297;0.5;0.33;0.33;0.3866666666666667;0.66;1.0;0.6666666666666666;0.7755555555555556;1.0;1.0;1.0;1.0;0.66;0.33;0.33;0.44;1.0;1.0;1.0;1.0;0.5;0.33;0.66;0.49666666666666676;0.5555555555555556;0.6666666666666666;0.5555555555555556;0.5925925925925927;0.66;0.5;0.5800000000000001;0.5800000000000001;1.0;1.0;1.0;1.0;1.0;1.0;1.0;1.0;1.0;1.0;1.0;1.0;1;1;0;1;1;7;7;6;7;7;8;7;7;8;7;8;7;7;7;7;7;1;6;3;450;20000;4000;8;4;1;7;8;8;8;7;1;2;5;7;7;1;5;4;6;2;1;3;3;2;3;9;1;5;4
"1-5-0 (2020-11-16)";"doi.org/10.14281/18241.1";2018;410;"KOR";732;"ROK";410070014;20171229;201712;201801;13.07;15.17;130;1;410011;410001;8;5;1;1;14;2390;"ko";2;1;1.0;0.8032128514056225;41453.815261044176;1;2;1;3;1;2;1;1;1;1;1;2;2;2;2;2;2;1;1;1;2;1;2;1;2;1;2;2;2;2;3;2;2;1;3;3;3;3;2;3;2;2;3;2;2;2;2;2;2;2;7;6;7;4;4;4;4;4;1;2;1;2;2;3;2;2;2;2;2;2;2;2;2;3;2;2;2;2;2;2;2;2;2;2;2;2;3;2;3;3;3;3;2;6;1;1;1;0;0;0;0;0;0;0;0;0;0;0;0;7;7;7;6;7;2;6;2;3;2;2;2;3;4;6;3;1;1;1;1;1;1;1;1;3;3;2;3;2;3;2;2;2;2;2;2;3;3;2;2;3;3;3;2;1;1;3;1;2;3;1;3;7;6;7;7;6;7;7;2;2;2;2;3;2;5;6;2;2;2;6;7;6;7;8;7;7;6;7;6;5;2;2;1;1;1;1;1;1;4;2;3;2;3;3;4;1;5;1;3;1;3;2;3;3;3;3;3;3;3;3;3;3;3;3;2;2;8;8;8;2;2;2;2;2;2;2;2;2;2;2;3;3;3;2;3;6;7;6;6;5;6;5;8;7;8;7;8;7;2;2;3;3;2;2;3;2;1978;39;3;2;1;1;1;410;410;410;1;3;2;2390;1;1;5;3;6;3;3;2;3;2;5;1;-3;5;6;-3;2;1;3;4;2;0;100000020;410004;3;2;1;0.5955555555555556;0.5261111111111112;0.6907407407407409;0.4664814814814815;0.5;0.33;0.33;0.3866666666666667;0.33;1.0;0.6666666666666666;0.6655555555555556;1.0;1.0;1.0;1.0;0.33;0.33;0.33;0.33;1.0;1.0;1.0;1.0;0.25;0.33;0.33;0.3033333333333334;0.6666666666666666;0.6666666666666666;0.5555555555555556;0.6296296296296297;0.66;1.0;0.8300000000000001;0.8300000000000001;1.0;1.0;1.0;1.0;1.0;1.0;1.0;1.0;1.0;1.0;1.0;1.0;1;1;0;0;1;7;7;6;6;6;7;6;7;6;7;6;8;7;6;7;6;-3;-3;3;220;8000;2500;-3;4;2;-3;-3;-3;7;6;1;2;5;8;7;2;4;5;7;2;1;3;3;3;3;7;2;5;4
"1-5-0 (2020-11-16)";"doi.org/10.14281/18241.1";2018;410;"KOR";732;"ROK";410070015;20171229;201712;201801;14.41;15.48;67;1;410011;410001;8;5;1;1;15;2390;"ko";2;1;1.0;0.8032128514056225;41453.815261044176;2;3;3;3;1;4;2;1;1;1;1;2;2;1;2;2;2;1;2;1;2;1;2;1;2;1;3;3;3;4;4;3;5;2;5;2;5;2;4;3;2;2;2;4;2;3;3;3;3;3;7;4;6;4;4;4;4;4;3;2;3;4;3;4;3;3;3;3;3;3;3;3;2;3;3;3;2;2;2;4;2;3;3;3;3;3;3;3;3;3;3;3;3;5;3;3;2;0;1;0;0;0;0;0;0;0;0;0;0;6;7;8;4;7;2;6;3;3;3;3;3;2;4;6;3;2;2;2;0;1;2;0;0;3;3;3;2;3;3;3;3;2;1;1;2;2;3;2;2;2;2;3;1;1;1;2;1;1;4;2;1;8;7;2;7;3;9;2;2;2;2;2;4;3;7;7;3;2;2;6;2;2;2;3;4;3;1;7;8;4;3;8;3;7;5;3;3;2;5;3;3;3;3;2;4;5;5;1;2;1;2;1;2;2;2;2;2;2;2;2;1;2;2;2;1;1;-2;-2;-2;2;3;2;3;3;2;3;3;3;3;1;2;2;4;2;4;5;7;1;9;7;1;8;3;4;10;9;7;6;2;3;3;3;2;3;3;2;1992;25;2;1;1;1;1;410;410;410;1;4;2;2390;6;0;6;3;-3;-3;6;3;6;3;1;-3;3;-3;3;3;2;1;3;5;2;0;100000020;410004;2;2;2;0.8308333333333333;0.8866666666666667;0.6518055555555555;0.721111111111111;1.0;0.66;0.66;0.7733333333333334;1.0;1.0;1.0;1.0;1.0;1.0;1.0;1.0;0.66;0.66;0.33;0.5499999999999999;1.0;1.0;1.0;1.0;1.0;0.66;1.0;0.8866666666666667;0.2222222222222222;0.6666666666666666;0.7777777777777778;0.5555555555555555;0.33;0.0;0.165;0.165;1.0;1.0;1.0;1.0;1.0;1.0;1.0;1.0;1.0;1.0;1.0;1.0;0;0;1;1;0;4;6;4;4;4;4;3;4;4;4;5;6;4;6;8;3;2;7;3;560;105000;0;4;6;1;3;5;5;6;3;1;2;6;5;6;2;6;5;6;3;1;2;1;2;2;8;2;7;-3
"1-5-0 (2020-11-16)";"doi.org/10.14281/18241.1";2018;410;"KOR";732;"ROK";410070016;20171229;201712;201801;15.14;15.34;20;1;410027;410003;8;5;2;1;16;2390;"ko";3;1;1.0;0.8032128514056225;41453.815261044176;1;2;2;3;2;3;1;1;2;1;1;2;1;2;2;2;2;1;2;1;2;1;2;1;2;2;2;3;3;3;3;3;4;2;2;1;3;3;4;3;3;4;3;3;2;1;1;1;2;2;8;7;8;4;4;4;4;4;1;2;1;2;3;3;3;3;3;2;2;3;3;3;2;2;3;2;2;3;3;3;3;3;3;2;2;2;3;3;3;3;2;3;3;6;3;1;2;0;0;0;0;0;0;0;0;0;0;0;0;8;8;6;6;6;1;7;2;2;2;2;2;2;3;6;3;1;1;2;1;2;1;1;1;3;3;3;3;3;3;3;3;3;2;1;2;1;1;2;2;2;2;2;2;1;1;2;1;1;3;1;4;6;7;6;7;5;6;6;2;2;2;2;3;3;7;7;3;2;2;6;6;6;7;4;3;3;2;3;6;6;4;5;4;5;4;4;3;4;2;3;3;3;3;2;2;1;4;1;4;4;5;3;3;3;3;3;2;2;2;2;3;3;3;3;1;1;-2;-2;-2;2;3;3;3;3;3;3;3;3;3;2;3;3;2;2;3;8;5;6;5;7;5;6;4;6;6;5;7;6;2;2;2;2;3;3;3;2;1958;59;5;3;1;1;1;410;410;410;1;3;1;2390;1;3;3;2;3;2;1;1;1;1;5;1;-3;5;6;-3;2;2;3;5;2;0;100000020;410004;0;1;1;0.6366666666666666;0.5533333333333333;0.5058333333333334;0.5116666666666667;0.0;0.33;0.33;0.22;0.66;1.0;1.0;0.8866666666666667;1.0;1.0;1.0;1.0;0.33;0.66;0.33;0.44;1.0;1.0;1.0;1.0;0.75;0.66;0.66;0.6900000000000001;0.2222222222222222;0.2222222222222222;0.5555555555555556;0.3333333333333333;0.0;0.0;0.0;0.0;1.0;1.0;1.0;1.0;1.0;1.0;1.0;1.0;1.0;1.0;1.0;1.0;0;0;0;0;0;8;8;7;7;7;6;5;6;6;6;6;9;6;6;6;6;-3;-3;3;500;20000;0;8;4;1;8;8;8;7;7;1;1;6;5;5;6;4;5;3;2;2;2;2;2;4;5;6;5;4
"1-5-0 (2020-11-16)";"doi.org/10.14281/18241.1";2018;410;"KOR";732;"ROK";410070017;20171229;201712;201801;15.59;16.28;29;1;410011;410001;8;5;1;1;17;2390;"ko";2;1;1.0;0.8032128514056225;41453.815261044176;1;1;1;3;1;2;1;1;1;1;1;2;2;2;2;2;2;1;2;1;2;1;2;1;2;1;2;2;3;2;2;2;2;1;3;3;2;1;4;3;3;2;3;3;2;2;2;2;2;2;7;6;7;1;1;1;1;1;2;2;2;2;2;3;3;3;2;3;3;2;3;2;2;3;3;3;3;2;3;2;3;3;3;2;3;3;3;2;3;2;2;3;2;6;1;1;2;0;0;0;0;0;0;0;0;0;0;0;0;6;5;6;5;6;1;6;3;2;3;2;2;2;2;5;4;0;0;0;0;0;0;0;0;1;2;2;3;3;3;2;3;2;2;2;2;2;2;2;2;3;3;3;1;2;2;1;4;3;2;3;1;7;6;7;6;7;6;8;2;2;1;1;2;2;5;7;3;1;2;6;7;6;7;1;1;3;1;4;7;6;1;1;1;3;2;4;2;2;4;2;3;2;3;2;4;1;5;1;2;1;2;2;3;3;3;3;3;3;3;3;3;3;3;3;3;2;-2;-2;-2;2;2;2;3;2;3;3;2;2;2;2;2;2;2;3;3;3;7;7;6;7;7;7;6;5;7;7;6;7;2;3;2;2;2;2;3;2;1989;28;2;1;1;1;1;410;410;410;1;4;2;2390;6;0;6;3;-3;-3;3;2;3;2;1;-3;3;-3;4;2;2;1;3;4;2;0;100000020;410004;2;2;1;0.48388888888888887;0.5811111111111111;0.4964351851851852;0.4103703703703704;0.5;0.66;0.33;0.49666666666666676;0.33;1.0;0.6666666666666666;0.6655555555555556;1.0;0.0;0.0;0.3333333333333333;0.66;0.33;0.33;0.44;1.0;1.0;1.0;1.0;0.25;0.66;0.33;0.4133333333333334;0.2222222222222222;0.3333333333333333;0.6666666666666666;0.40740740740740744;0.33;0.0;0.165;0.165;1.0;1.0;1.0;1.0;1.0;1.0;1.0;1.0;1.0;1.0;1.0;1.0;0;0;1;1;0;7;6;7;6;7;7;6;7;5;6;5;6;6;5;6;6;1;5;3;500;27000;2000;7;4;1;6;7;7;7;6;1;3;3;7;7;1;4;4;7;2;1;3;2;3;3;8;1;5;-3
"1-5-0 (2020-11-16)";"doi.org/10.14281/18241.1";2018;410;"KOR";732;"ROK";410070018;20171229;201712;201801;17.13;18.57;104;1;410011;410001;8;5;1;1;18;2390;"ko";3;1;1.0;0.8032128514056225;41453.815261044176;1;1;1;3;1;1;1;1;1;1;2;2;1;2;2;2;2;1;2;1;2;1;2;1;2;1;2;2;2;2;3;2;2;1;3;3;3;3;3;2;2;2;2;2;1;3;3;1;2;2;6;6;5;4;4;4;4;4;2;2;1;2;3;3;3;3;2;3;2;2;2;2;2;2;2;2;2;2;2;2;2;2;2;2;2;2;3;2;3;3;2;3;2;5;1;2;1;0;0;0;0;0;0;0;0;0;0;0;0;5;4;5;5;5;2;6;2;3;3;2;3;2;2;5;2;0;0;0;0;0;0;0;0;1;3;3;3;3;3;3;2;2;2;2;2;2;3;2;2;2;3;3;2;2;2;4;1;2;4;1;2;6;4;5;5;4;4;6;1;2;1;1;2;2;2;3;1;1;2;5;4;5;5;1;1;2;1;4;5;3;1;2;1;4;2;3;2;3;2;2;2;2;4;3;5;1;5;3;5;3;5;2;3;3;3;3;3;3;3;3;3;3;3;3;1;1;410001;410001;410001;2;2;3;3;2;3;3;2;3;3;2;3;3;3;3;3;8;5;6;5;5;4;5;8;7;6;7;7;6;2;2;2;2;2;3;3;2;1953;64;5;3;1;1;1;410;410;410;1;3;1;2390;1;3;3;2;3;2;1;1;2;1;5;1;-3;5;5;-3;2;2;3;4;2;2;20000000;410004;3;3;1;0.2622222222222222;0.13777777777777778;0.4415740740740741;0.29981481481481487;0.0;0.33;0.33;0.22;0.0;0.0;0.16666666666666666;0.05555555555555555;1.0;0.0;0.0;0.3333333333333333;0.66;0.33;0.33;0.44;1.0;0.0;1.0;0.6666666666666666;0.25;0.33;0.33;0.3033333333333334;0.1111111111111111;0.3333333333333333;0.4444444444444444;0.2962962962962963;1.0;0.0;0.5;0.5;1.0;1.0;1.0;1.0;1.0;1.0;1.0;1.0;1.0;1.0;1.0;1.0;0;1;1;0;1;5;5;4;4;4;5;4;4;4;4;5;5;4;4;4;5;-3;-3;3;300;23000;4000;-3;3;1;-3;-3;-3;6;4;1;1;4;2;2;7;2;2;2;2;2;3;3;3;3;2;8;2;4
"1-5-0 (2020-11-16)";"doi.org/10.14281/18241.1";2018;410;"KOR";732;"ROK";410070019;20171229;201712;201801;18.46;19.36;50;1;410027;410003;8;5;2;1;19;2390;"ko";2;2;1.0;0.8032128514056225;41453.815261044176;1;2;2;3;2;3;1;1;1;2;1;1;2;2;2;2;2;1;2;1;1;1;2;1;2;2;2;3;2;3;3;2;3;3;2;1;3;3;2;3;2;2;2;2;2;2;1;1;2;2;8;7;4;4;4;4;4;4;3;2;1;2;3;4;3;3;3;2;4;3;3;3;3;3;3;3;3;3;3;3;2;3;3;3;3;3;3;3;3;3;3;3;3;5;2;3;2;0;0;0;0;0;0;0;0;0;0;0;0;5;4;8;5;6;2;8;2;2;2;3;3;2;2;6;2;0;0;2;1;0;0;0;2;2;2;3;3;3;3;3;3;3;2;2;2;1;3;2;2;3;3;3;1;1;1;1;3;1;3;1;3;7;6;4;5;4;8;7;2;2;2;2;4;4;7;7;3;2;2;4;4;3;2;2;2;4;4;3;5;6;4;4;1;1;1;1;1;1;3;2;2;2;3;3;5;2;5;1;2;1;2;2;2;3;3;2;2;3;3;3;2;3;3;3;3;3;-2;-2;-2;2;3;3;3;3;3;2;3;3;3;2;3;2;2;3;4;8;3;3;3;4;4;3;4;4;4;3;3;3;2;2;2;2;2;2;3;1;1996;21;1;1;1;1;1;410;410;410;1;3;2;2390;6;0;3;2;-3;-3;3;2;3;2;6;-3;-3;-3;3;-3;2;2;3;5;2;0;100000020;410004;2;1;1;0.6641666666666666;0.5533333333333333;0.52;0.41500000000000004;0.0;0.33;0.33;0.22;0.66;1.0;1.0;0.8866666666666667;1.0;1.0;1.0;1.0;0.33;0.66;0.66;0.55;1.0;1.0;1.0;1.0;0.5;0.33;0.66;0.49666666666666676;0.3333333333333333;0.2222222222222222;0.4444444444444444;0.3333333333333333;0.0;0.5;0.25;0.25;1.0;1.0;1.0;1.0;1.0;1.0;1.0;1.0;1.0;1.0;1.0;1.0;1;0;0;0;1;6;7;7;6;7;4;5;4;4;5;4;7;5;6;6;4;-3;-3;2;400;15000;3000;7;5;1;6;6;7;5;5;1;1;6;5;5;2;5;6;5;3;7;2;3;2;2;5;4;5;-3
"1-5-0 (2020-11-16)";"doi.org/10.14281/18241.1";2018;410;"KOR";732;"ROK";410070020;20171229;201712;201801;19.24;19.59;36;1;410011;410001;8;5;1;1;20;2390;"ko";2;1;1.0;0.8032128514056225;41453.815261044176;1;2;2;3;1;3;1;1;1;2;1;2;1;2;2;2;2;1;2;1;2;1;2;1;2;1;3;2;3;3;2;3;3;3;3;3;3;3;4;2;3;3;3;3;3;3;3;3;2;2;6;5;6;4;4;4;4;4;2;1;1;2;3;3;3;3;2;3;3;3;2;3;3;2;2;3;2;3;2;3;3;3;3;2;3;3;3;2;3;2;3;3;3;4;1;1;2;0;0;0;0;0;0;0;0;0;0;0;0;5;6;5;6;6;1;5;2;3;2;3;2;2;2;5;3;1;1;1;2;0;1;1;1;3;2;3;3;3;2;2;3;2;2;2;2;2;3;2;2;3;3;4;1;2;2;3;4;2;3;1;3;6;6;5;6;5;6;5;2;2;1;1;2;2;5;6;3;2;1;5;4;6;5;1;1;1;1;1;5;2;1;1;4;5;4;1;2;1;3;2;2;2;2;2;5;1;3;1;5;3;5;2;3;3;3;3;3;3;3;3;3;3;3;3;2;2;410002;410002;410002;2;2;3;2;3;2;2;3;2;3;2;2;3;3;2;3;5;5;5;6;5;6;6;5;6;6;5;6;6;2;2;2;1;2;2;3;2;1965;52;4;3;1;1;1;410;410;410;1;4;1;2390;1;2;3;2;5;3;1;1;3;2;2;1;4;5;5;2;2;1;3;4;2;7;70000000;410004;3;2;1;0.6080555555555556;0.7194444444444446;0.6462037037037037;0.37740740740740747;1.0;0.33;0.66;0.6633333333333334;0.66;1.0;0.6666666666666666;0.7755555555555556;1.0;0.0;0.0;0.3333333333333333;0.66;0.66;0.66;0.66;1.0;1.0;1.0;1.0;0.5;0.66;0.66;0.6066666666666668;0.0;0.0;0.4444444444444444;0.14814814814814814;0.66;1.0;0.8300000000000001;0.8300000000000001;1.0;1.0;1.0;1.0;1.0;1.0;1.0;1.0;1.0;1.0;1.0;1.0;1;1;0;0;1;7;5;4;6;6;5;4;5;4;5;4;6;5;4;5;5;4;1;3;450;15000;3000;6;4;2;5;6;6;5;6;1;1;5;5;7;1;4;5;5;2;1;2;2;3;3;7;1;2;4
"1-5-0 (2020-11-16)";"doi.org/10.14281/18241.1";2018;410;"KOR";732;"ROK";410070021;20171229;201712;201801;19.47;20.22;35;1;410027;410003;8;5;2;1;21;2390;"ko";3;1;1.0;0.8032128514056225;41453.815261044176;1;2;2;3;2;3;1;2;2;2;2;1;1;1;2;2;1;1;1;1;2;1;2;1;2;2;2;2;2;3;2;3;2;1;2;1;2;1;5;3;3;2;2;2;1;1;1;1;2;3;9;7;5;4;4;4;4;4;1;2;2;2;2;4;3;4;3;3;3;3;2;2;3;4;4;4;3;2;3;3;2;3;2;3;3;3;3;3;3;3;4;3;3;5;3;3;3;0;0;0;0;0;0;0;0;0;0;0;0;8;8;5;7;5;2;7;3;2;3;3;3;1;3;5;2;2;2;2;0;2;2;0;2;3;3;4;4;4;4;4;4;4;1;1;2;1;2;2;2;2;3;4;1;2;1;3;1;3;1;1;4;8;9;8;7;7;6;2;2;2;2;2;4;3;7;7;3;2;2;4;2;1;1;2;2;1;2;4;3;5;2;5;1;1;1;1;1;2;3;2;2;2;3;2;4;1;4;2;5;2;5;1;3;3;3;3;3;2;2;2;2;3;3;3;1;1;410009;410009;410009;2;3;2;3;3;3;3;3;3;3;2;2;3;3;3;3;7;7;6;6;6;8;7;4;6;6;5;5;4;2;2;2;2;2;2;2;1;1954;63;5;3;1;1;1;410;410;410;1;2;1;2390;1;2;2;1;2;1;1;1;1;1;1;5;5;-5;9;2;1;2;5;4;2;0;100000020;410004;1;1;0;0.5808333333333333;0.5533333333333333;0.27462962962962967;0.2992592592592593;0.0;0.33;0.33;0.22;0.66;1.0;1.0;0.8866666666666667;0.0;1.0;1.0;0.6666666666666666;0.66;0.33;0.66;0.5499999999999999;0.0;0.0;0.0;0.0;0.25;0.33;0.66;0.41333333333333333;0.0;0.3333333333333333;0.2222222222222222;0.1851851851851852;0.0;1.0;0.5;0.5;1.0;1.0;1.0;1.0;1.0;1.0;1.0;1.0;1.0;1.0;1.0;1.0;1;0;0;0;0;7;6;5;8;6;4;4;4;4;4;5;7;5;7;5;4;4;1;5;300;15000;0;5;4;1;5;5;5;7;4;1;1;7;5;2;5;4;6;4;3;4;2;2;2;4;2;6;5;4
"1-5-0 (2020-11-16)";"doi.org/10.14281/18241.1";2018;410;"KOR";732;"ROK";410070022;20171229;201712;201801;20.27;20.53;26;1;410027;410003;8;5;2;1;22;2390;"ko";3;1;1.0;0.8032128514056225;41453.815261044176;1;2;2;2;2;2;1;2;1;2;1;1;1;2;2;2;2;1;1;1;1;1;2;1;2;2;2;2;3;2;2;2;2;1;2;1;3;3;2;3;3;2;2;3;2;1;1;1;2;2;5;6;6;4;4;4;4;4;1;2;1;2;3;4;3;3;2;2;3;4;3;4;2;4;3;3;3;2;3;3;2;2;2;3;3;3;3;3;3;3;3;2;3;4;2;1;2;0;0;0;0;0;0;0;0;0;0;0;0;3;6;7;4;8;1;5;2;2;2;2;2;1;0;5;3;2;1;2;0;2;2;0;2;3;3;4;2;4;4;3;3;4;1;1;2;1;1;2;2;2;2;3;1;1;2;1;4;3;1;1;2;7;7;5;7;5;5;2;2;2;2;2;3;2;4;5;2;2;1;7;4;1;1;1;1;2;2;4;5;5;1;5;1;1;1;1;1;5;5;2;2;2;3;2;5;1;5;1;5;5;5;2;3;3;3;3;3;2;3;3;2;2;3;3;1;1;-2;-2;-2;2;3;3;2;3;2;3;3;3;3;3;2;2;2;3;3;8;7;4;4;5;7;5;7;1;4;9;4;4;2;2;2;2;2;2;2;2;1955;62;5;3;1;1;1;410;410;410;1;2;1;2390;1;2;3;2;3;2;0;1;1;1;5;1;-3;6;9;-3;2;2;5;4;2;7;70000000;410004;1;1;0;0.3458333333333333;0.415;0.3440740740740741;0.3548148148148148;0.0;0.33;0.33;0.22;0.33;1.0;0.5;0.61;0.0;0.0;0.0;0.0;0.33;1.0;0.33;0.5533333333333333;0.0;1.0;1.0;0.6666666666666666;0.25;0.66;0.33;0.4133333333333334;0.1111111111111111;0.3333333333333333;0.4444444444444444;0.2962962962962963;0.0;0.0;0.0;0.0;1.0;1.0;1.0;1.0;1.0;1.0;1.0;1.0;1.0;1.0;1.0;1.0;0;0;0;0;1;7;7;7;6;4;4;4;4;5;3;3;7;4;5;9;5;-3;-3;3;250;20000;0;7;4;1;7;6;6;7;2;1;1;4;4;2;5;4;4;3;3;2;3;2;2;3;2;5;4;4
"1-5-0 (2020-11-16)";"doi.org/10.14281/18241.1";2018;410;"KOR";732;"ROK";410070023;20171229;201712;201801;9.14;10.02;48;1;410011;410001;8;5;1;1;23;2390;"ko";2;2;1.0;0.8032128514056225;41453.815261044176;1;1;1;3;1;3;1;1;1;2;1;2;1;2;2;2;2;1;2;1;2;1;2;1;2;2;2;2;3;2;2;2;2;1;3;3;2;1;4;3;3;3;2;2;2;3;3;2;2;2;7;6;6;4;4;4;4;4;3;2;1;2;2;3;3;3;2;2;2;3;3;2;3;2;3;2;3;2;3;2;2;2;2;2;3;3;2;3;2;2;2;3;2;7;1;3;1;0;0;0;0;0;0;0;0;0;0;0;0;7;6;7;7;7;2;7;3;2;3;3;2;2;2;7;4;1;1;1;2;1;1;0;0;3;2;3;3;3;2;3;3;2;2;2;2;2;3;2;2;3;3;3;2;1;1;4;3;2;3;1;3;8;6;7;7;6;7;7;2;2;1;1;2;2;4;4;2;2;1;7;6;7;6;1;1;3;1;4;5;3;1;3;1;4;2;3;3;3;2;2;2;3;2;2;3;1;5;1;5;1;4;2;3;3;3;3;3;3;3;3;3;3;3;3;2;2;410002;410002;410002;2;2;3;3;3;2;3;2;2;3;2;2;3;4;2;2;3;7;5;7;7;5;7;7;7;5;9;7;7;2;2;2;2;2;3;3;1;1967;50;4;3;1;1;1;410;410;410;1;4;2;2390;1;2;6;3;3;2;3;2;3;2;1;5;5;-5;8;2;1;2;3;4;2;2;20000000;410004;3;2;1;0.47000000000000003;0.5533333333333335;0.5816666666666667;0.37333333333333335;0.5;0.33;0.33;0.3866666666666667;0.66;1.0;0.5;0.7200000000000001;1.0;0.0;0.0;0.3333333333333333;0.33;0.33;0.66;0.44;1.0;1.0;1.0;1.0;0.25;0.66;0.33;0.4133333333333334;0.2222222222222222;0.3333333333333333;0.4444444444444444;0.3333333333333333;0.66;0.5;0.5800000000000001;0.5800000000000001;1.0;1.0;1.0;1.0;1.0;1.0;1.0;1.0;1.0;1.0;1.0;1.0;1;1;0;0;1;7;7;6;7;7;7;6;7;7;8;7;7;7;7;8;7;3;2;3;350;35000;5000;7;4;1;6;7;6;8;7;1;3;4;6;8;1;3;4;5;2;1;3;3;3;2;8;1;5;4
"1-5-0 (2020-11-16)";"doi.org/10.14281/18241.1";2018;410;"KOR";732;"ROK";410070024;20171230;201712;201801;10.45;11.21;36;1;410011;410001;8;5;1;1;24;2390;"ko";2;1;1.0;0.8032128514056225;41453.815261044176;2;2;1;2;3;4;1;1;1;1;2;2;2;1;2;2;2;1;2;1;2;1;2;1;2;1;3;2;3;3;3;3;4;2;5;2;4;2;4;2;2;1;2;2;2;3;1;2;2;3;9;8;6;4;4;4;4;4;3;1;2;2;2;3;3;2;2;2;2;2;2;3;2;2;3;3;2;2;2;4;2;2;2;2;2;2;2;2;2;2;2;2;2;6;3;3;2;1;0;0;0;0;0;0;0;0;0;0;2;7;8;8;4;4;2;5;2;4;2;2;2;2;4;7;4;2;2;2;1;1;1;0;2;3;3;3;2;2;4;4;3;3;1;1;2;2;4;2;2;2;2;4;2;2;1;2;3;3;2;2;1;7;6;8;5;3;9;4;1;1;1;1;3;3;6;7;2;2;2;7;4;5;3;4;3;2;1;5;8;7;4;7;4;1;3;2;3;3;7;3;3;3;3;2;2;1;2;1;3;1;5;2;2;2;2;2;2;2;2;2;1;2;2;2;1;1;-2;-2;-2;2;3;2;3;2;2;3;4;2;2;1;3;3;4;2;4;2;7;3;10;7;1;8;6;6;8;8;7;7;2;3;2;2;2;3;3;1;1954;63;5;3;1;1;1;410;410;410;1;3;1;2390;1;2;6;3;3;2;0;1;2;1;4;5;-3;-5;9;-3;1;3;3;5;2;1;10100000;410004;3;2;2;0.7477777777777778;0.7755555555555557;0.5540277777777778;0.5672222222222223;0.5;0.66;0.66;0.6066666666666668;1.0;1.0;0.8333333333333334;0.9444444444444445;1.0;1.0;1.0;1.0;0.33;0.66;0.33;0.44;1.0;0.0;1.0;0.6666666666666666;0.75;0.66;0.66;0.6900000000000001;0.1111111111111111;0.4444444444444444;0.7777777777777778;0.4444444444444445;0.33;0.5;0.41500000000000004;0.41500000000000004;1.0;1.0;1.0;1.0;1.0;1.0;1.0;1.0;1.0;1.0;1.0;1.0;1;0;1;1;0;9;6;6;7;5;6;5;3;4;4;5;9;5;4;8;3;-3;-3;3;300;60000;0;-3;5;1;-3;-3;-3;8;7;2;2;6;5;7;1;6;5;5;2;3;2;1;2;2;7;2;8;4
"1-5-0 (2020-11-16)";"doi.org/10.14281/18241.1";2018;410;"KOR";732;"ROK";410070025;20171230;201712;201801;13.47;14.37;50;1;410011;410001;8;5;1;1;25;2390;"ko";2;2;1.0;0.8032128514056225;41453.815261044176;1;1;2;2;2;3;1;2;1;1;1;1;2;2;2;2;2;1;2;1;2;1;2;1;2;2;2;2;1;3;3;2;2;1;2;1;4;2;2;3;2;2;2;3;2;2;1;3;2;2;7;8;6;4;4;4;4;4;2;2;1;1;1;3;2;2;2;4;2;3;3;3;3;3;3;3;2;2;3;3;2;2;2;2;2;2;2;2;2;2;2;2;2;8;3;1;2;0;0;0;0;0;0;0;0;0;0;0;0;7;2;4;8;7;2;10;4;4;4;4;3;2;2;8;2;2;1;2;2;1;1;1;2;3;2;3;2;4;4;4;3;4;2;2;2;2;3;2;2;2;3;4;1;1;1;1;2;3;4;1;2;8;8;6;4;5;7;3;2;2;2;2;3;4;7;8;3;1;1;9;1;1;1;1;1;5;5;5;1;8;3;9;2;1;1;2;2;1;9;3;4;4;2;2;5;2;5;1;4;1;1;1;2;3;2;3;2;2;2;2;2;2;2;2;2;1;410002;410002;410002;3;4;3;4;4;2;3;4;1;2;1;3;3;4;2;4;2;8;2;10;9;1;9;10;4;9;10;8;7;1;2;2;2;2;2;3;1;1987;30;2;2;1;1;1;410;410;410;1;3;1;2390;1;1;3;2;3;2;3;2;3;2;1;1;5;5;3;2;1;1;3;3;1;0;100000020;410004;2;2;0;0.5533333333333333;0.72;0.35782407407407407;0.2998148148148148;1.0;0.33;0.33;0.5533333333333333;0.66;1.0;1.0;0.8866666666666667;0.0;0.0;0.0;0.0;1.0;0.66;0.66;0.7733333333333334;0.0;1.0;1.0;0.6666666666666666;0.25;0.0;0.66;0.30333333333333334;0.4444444444444444;0.4444444444444444;0.0;0.2962962962962963;0.33;0.0;0.165;0.165;1.0;1.0;1.0;1.0;1.0;1.0;1.0;1.0;1.0;1.0;1.0;1.0;0;0;1;0;1;7;7;4;8;6;6;4;4;3;4;6;8;7;7;7;5;1;2;3;300;10000;5000;7;3;3;7;6;8;8;6;1;1;2;3;10;1;1;2;2;2;1;3;2;1;1;10;1;1;4
"1-5-0 (2020-11-16)";"doi.org/10.14281/18241.1";2018;410;"KOR";732;"ROK";410070026;20171230;201712;201801;14.02;14.25;23;1;410027;410003;8;5;2;1;26;2390;"ko";3;1;1.0;0.8032128514056225;41453.815261044176;2;2;2;2;2;2;1;2;1;1;1;2;1;2;2;2;2;1;2;1;2;1;2;1;2;2;2;3;2;3;3;2;2;1;2;1;3;3;2;3;3;2;2;2;2;3;1;3;2;2;7;7;7;4;4;4;4;4;1;2;1;2;2;3;3;4;3;3;4;3;3;3;3;3;3;4;4;4;4;3;2;3;3;3;4;4;4;4;3;3;2;2;2;4;2;3;1;1;0;0;0;0;0;0;0;0;0;0;0;7;3;3;3;6;2;7;2;2;2;2;3;1;3;5;2;2;2;2;0;2;2;2;2;3;3;4;4;4;4;4;4;4;1;2;2;1;1;2;2;3;3;3;1;1;1;1;2;1;3;1;3;5;4;4;4;4;3;1;2;2;2;2;3;3;6;7;2;2;2;5;2;1;1;1;1;2;3;3;5;5;1;4;1;1;1;1;1;1;5;3;2;2;3;2;1;1;4;1;5;2;5;2;3;3;3;3;2;2;2;2;2;2;2;3;1;1;8;8;8;2;3;3;3;2;2;3;2;2;2;2;2;2;2;3;3;5;4;3;4;3;3;3;3;3;3;7;6;4;2;2;2;2;2;2;3;1;1963;54;4;3;1;1;1;410;410;410;1;4;1;2390;1;2;3;2;3;2;1;1;1;1;3;1;5;5;7;2;1;2;3;5;2;1;10100000;410004;1;1;0;0.4836111111111111;0.6372222222222222;0.3348148148148148;0.3362962962962963;1.0;0.33;0.33;0.5533333333333333;0.33;1.0;0.8333333333333334;0.7211111111111111;0.0;0.0;0.0;0.0;0.66;0.66;0.66;0.66;0.0;1.0;1.0;0.6666666666666666;0.25;0.33;0.66;0.41333333333333333;0.1111111111111111;0.2222222222222222;0.4444444444444444;0.25925925925925924;0.0;0.0;0.0;0.0;1.0;1.0;1.0;1.0;1.0;1.0;1.0;1.0;1.0;1.0;1.0;1.0;0;0;0;0;1;6;5;4;7;6;3;3;3;3;4;5;7;4;8;6;4;4;1;3;500;10000;6000;6;4;1;6;6;8;6;3;1;1;5;4;1;5;3;4;3;2;2;3;2;2;4;1;5;3;4
"1-5-0 (2020-11-16)";"doi.org/10.14281/18241.1";2018;410;"KOR";732;"ROK";410070027;20171230;201712;201801;14.31;15.07;36;1;410027;410003;8;5;2;1;27;2390;"ko";3;1;1.0;0.8032128514056225;41453.815261044176;2;2;2;3;1;3;2;1;1;1;1;2;2;1;2;2;2;1;1;1;2;1;2;2;2;2;1;3;3;3;3;3;3;3;1;1;3;3;3;3;3;3;3;3;2;2;2;2;2;2;8;7;7;4;4;4;4;4;1;2;2;3;3;3;3;3;3;3;4;4;3;3;4;3;4;4;3;3;3;3;3;3;3;4;4;4;4;3;3;4;3;3;3;4;2;2;2;0;0;0;0;0;0;0;0;0;0;0;0;4;7;7;6;4;1;7;2;2;2;2;2;1;3;4;3;1;0;0;2;2;2;1;2;3;4;3;3;3;4;4;4;4;1;1;2;1;1;2;2;2;2;2;1;1;2;1;2;3;4;1;3;4;6;5;4;5;8;4;2;2;2;2;3;3;7;7;3;2;2;4;5;4;5;1;1;2;1;1;3;3;2;5;1;1;1;1;2;1;5;2;2;2;4;3;5;2;3;1;2;2;2;2;3;2;3;3;2;2;3;2;2;3;3;3;2;2;410002;410002;410002;2;3;3;3;3;3;2;2;2;3;2;3;2;3;3;3;6;5;5;5;5;6;5;4;5;6;5;4;6;2;3;3;2;2;3;3;2;1982;35;3;2;1;1;1;410;410;410;1;3;1;2390;1;1;5;3;5;3;3;2;3;2;1;1;5;5;4;2;2;1;3;4;2;0;100000020;410004;2;2;2;0.595;0.6366666666666667;0.47069444444444447;0.3588888888888889;0.5;0.66;0.0;0.3866666666666667;0.66;1.0;1.0;0.8866666666666667;1.0;0.0;0.0;0.3333333333333333;0.66;0.66;1.0;0.7733333333333334;1.0;1.0;1.0;1.0;0.5;0.66;0.66;0.6066666666666668;0.1111111111111111;0.0;0.2222222222222222;0.1111111111111111;0.33;0.0;0.165;0.165;1.0;1.0;1.0;1.0;1.0;1.0;1.0;1.0;1.0;1.0;1.0;1.0;0;0;1;0;1;6;6;5;7;8;3;4;5;6;6;5;8;6;4;8;6;2;2;3;400;18000;5000;6;4;2;7;5;7;7;3;1;1;3;3;5;1;3;3;3;2;1;3;2;2;2;6;1;3;4
"1-5-0 (2020-11-16)";"doi.org/10.14281/18241.1";2018;410;"KOR";732;"ROK";410070028;20171230;201712;201801;14.57;15.33;36;1;410011;410001;8;5;1;1;28;2390;"ko";2;1;1.0;0.8032128514056225;41453.815261044176;1;2;1;2;1;4;1;2;1;1;2;1;2;1;2;2;2;1;2;1;1;2;2;1;2;2;3;3;3;4;3;3;4;2;2;1;4;2;3;4;2;1;3;3;2;1;1;2;2;2;6;6;7;4;4;4;4;4;1;2;2;3;2;4;3;4;3;4;4;3;3;3;3;4;4;4;4;3;2;4;3;2;4;3;4;4;2;3;4;2;2;2;2;1;1;1;2;0;0;0;0;0;0;0;0;0;0;0;0;4;8;1;6;10;1;10;4;3;3;4;4;2;4;6;2;0;0;2;1;2;0;2;2;3;2;4;3;3;3;4;4;4;1;2;2;1;2;2;2;2;4;4;2;2;2;2;3;2;4;1;2;10;10;1;2;3;10;1;2;2;2;2;4;4;7;8;3;2;2;4;1;3;1;1;1;4;1;5;6;8;1;5;1;4;4;1;1;1;5;2;3;4;3;2;5;4;5;1;5;2;2;2;2;2;2;2;1;2;1;2;1;1;2;2;4;4;-2;-2;-2;3;3;2;2;4;4;3;4;3;1;1;2;3;4;2;4;5;5;1;8;6;1;7;6;4;10;7;5;4;3;4;2;2;3;3;3;1;1997;20;1;1;1;1;1;410;410;410;1;3;2;2390;6;0;3;2;-3;-3;6;3;6;3;2;-3;5;-3;3;2;2;2;3;5;2;0;100000020;410004;4;3;1;0.7066666666666668;0.8600000000000001;0.5827777777777778;0.6238888888888889;0.5;1.0;0.66;0.7200000000000001;1.0;1.0;1.0;1.0;1.0;0.0;0.0;0.3333333333333333;1.0;0.66;0.66;0.7733333333333334;0.0;0.0;1.0;0.3333333333333333;0.75;0.66;1.0;0.8033333333333333;0.3333333333333333;0.4444444444444444;0.5555555555555556;0.4444444444444444;1.0;0.5;0.75;0.75;1.0;1.0;1.0;1.0;1.0;1.0;1.0;1.0;1.0;1.0;1.0;1.0;1;1;1;0;1;6;5;5;6;1;6;3;4;1;1;3;6;4;4;4;2;2;5;3;500;30000;5000;-3;6;1;-3;-3;-3;7;7;2;1;4;1;1;1;2;1;2;2;7;2;1;1;3;1;1;2;-3
"1-5-0 (2020-11-16)";"doi.org/10.14281/18241.1";2018;410;"KOR";732;"ROK";410070029;20171230;201712;201801;15.06;15.44;38;1;410011;410001;8;5;1;1;29;2390;"ko";2;1;1.0;0.8032128514056225;41453.815261044176;1;2;2;2;2;2;1;2;2;1;2;1;1;1;2;2;2;1;2;1;2;2;2;1;2;2;2;2;3;4;3;3;3;3;1;1;4;2;4;2;2;1;2;4;2;2;3;3;2;2;9;5;5;4;4;4;4;4;1;1;2;2;2;4;2;2;2;4;4;3;2;2;3;2;3;3;2;3;3;3;2;2;2;2;2;2;2;2;2;2;2;2;2;10;3;2;2;1;0;0;0;0;0;0;0;0;0;0;0;9;2;3;3;3;2;8;3;2;3;3;2;2;2;9;4;2;2;2;1;1;2;0;0;2;3;3;3;3;4;3;3;4;2;2;2;3;3;2;2;2;3;3;2;2;1;1;2;3;1;1;4;8;8;7;3;3;8;8;1;1;1;1;2;3;4;4;2;1;1;7;2;2;1;2;3;2;1;7;8;7;5;9;1;1;2;2;1;2;10;2;4;4;2;1;5;5;5;1;5;1;2;2;1;3;1;3;1;2;3;3;2;2;3;1;3;2;410002;410002;410002;1;3;2;4;2;2;2;3;2;2;2;2;2;4;3;3;1;9;5;10;7;1;9;9;7;8;9;9;8;1;3;2;2;2;2;3;2;1978;39;3;2;1;1;1;410;410;410;1;4;1;2390;1;2;6;3;6;3;2;1;2;1;1;1;5;3;-5;2;2;2;2;5;2;1;10100000;410004;0;1;1;0.7341666666666666;0.6366666666666667;0.39296296296296296;0.6192592592592593;1.0;0.66;0.33;0.6633333333333334;0.33;1.0;0.5;0.61;1.0;1.0;1.0;1.0;1.0;0.33;0.66;0.6633333333333333;0.0;0.0;1.0;0.3333333333333333;0.5;0.66;1.0;0.7200000000000001;0.1111111111111111;0.6666666666666666;0.7777777777777778;0.5185185185185185;0.0;0.0;0.0;0.0;1.0;1.0;1.0;1.0;1.0;1.0;1.0;1.0;1.0;1.0;1.0;1.0;0;0;0;0;0;5;5;5;8;5;8;5;5;9;7;3;5;8;8;5;8;1;3;2;400;40000;2000;5;5;2;5;5;8;6;5;1;4;5;6;8;1;2;4;6;1;1;4;3;1;2;8;2;1;4
"1-5-0 (2020-11-16)";"doi.org/10.14281/18241.1";2018;410;"KOR";732;"ROK";410070030;20171230;201712;201801;15.4;16.08;27;1;410011;410001;8;5;1;1;30;2390;"ko";2;1;1.0;0.8032128514056225;41453.815261044176;1;2;2;3;1;3;1;1;1;2;2;2;1;1;2;2;2;1;2;1;2;1;2;1;2;2;1;3;3;3;4;2;4;2;3;3;4;2;4;3;3;2;3;2;2;3;1;3;2;2;7;8;7;4;4;4;4;4;1;1;1;2;2;2;2;2;3;2;2;2;2;2;2;2;3;3;2;2;2;2;2;2;2;3;2;2;2;2;2;2;2;2;2;5;3;3;2;0;1;0;0;0;0;0;0;0;0;0;0;5;5;5;5;5;1;6;2;3;3;2;2;2;3;4;3;0;1;2;1;1;0;1;1;2;2;4;3;3;3;4;2;3;2;2;2;4;4;2;2;4;3;2;1;2;1;1;3;2;3;1;2;5;6;5;5;5;5;5;2;2;2;2;3;4;7;8;3;2;2;5;4;3;3;3;3;3;2;4;3;2;2;5;2;2;2;2;2;2;4;2;2;3;3;3;5;1;5;2;2;3;2;2;2;3;2;3;2;3;3;3;3;3;3;3;1;1;-2;-2;-2;4;4;4;4;4;4;4;4;4;4;1;2;3;3;2;4;7;6;4;7;6;4;5;4;5;5;6;6;6;2;2;3;3;2;3;3;1;1960;57;5;3;1;1;1;410;410;410;1;4;2;2390;1;2;6;3;6;3;2;1;6;3;1;5;3;-5;3;2;1;2;3;6;2;0;100000020;410004;3;2;2;0.665;0.665;0.5489814814814815;0.4746296296296296;1.0;0.33;0.0;0.44333333333333336;0.66;1.0;1.0;0.8866666666666667;1.0;1.0;1.0;1.0;0.33;0.33;0.33;0.33;1.0;0.0;1.0;0.6666666666666666;0.75;0.66;0.66;0.6900000000000001;0.2222222222222222;0.3333333333333333;0.2222222222222222;0.25925925925925924;0.66;0.5;0.5800000000000001;0.5800000000000001;1.0;1.0;1.0;1.0;1.0;1.0;1.0;1.0;1.0;1.0;1.0;1.0;1;1;0;0;1;8;5;5;7;5;5;4;5;5;4;5;8;5;6;6;5;1;6;2;700;75000;0;8;6;1;7;8;7;8;6;1;1;6;5;5;5;5;5;5;3;1;2;2;2;2;7;5;6;4
"1-5-0 (2020-11-16)";"doi.org/10.14281/18241.1";2018;410;"KOR";732;"ROK";410070031;20171230;201712;201801;16.09;16.53;44;1;410011;410001;8;5;1;1;31;2390;"ko";1;2;1.0;0.8032128514056225;41453.815261044176;1;1;2;2;1;2;1;2;1;1;1;2;1;2;2;2;2;1;2;2;2;1;2;1;2;1;1;3;3;3;1;2;2;1;2;1;1;1;1;3;2;2;4;4;1;1;2;2;2;2;8;7;7;4;4;4;4;4;3;1;1;2;2;3;2;3;2;3;2;2;2;2;2;2;3;2;2;2;2;2;2;2;2;2;2;2;2;2;2;2;2;2;2;9;1;1;2;0;0;0;0;0;0;0;0;0;0;0;0;9;3;8;8;7;2;8;1;2;1;2;2;1;2;9;4;2;1;2;2;0;1;1;2;3;2;3;3;4;4;4;4;4;2;2;2;3;3;2;2;3;3;3;1;2;1;2;1;3;2;1;4;7;7;7;7;2;7;4;1;2;2;2;3;3;7;8;3;1;1;5;3;3;2;2;2;2;2;2;5;5;3;7;3;3;2;3;2;2;3;4;4;4;2;2;5;1;5;2;5;3;5;2;2;2;2;2;2;2;2;2;2;2;2;2;1;1;410002;410002;410002;1;3;2;3;3;1;2;3;1;2;1;1;1;3;2;3;4;8;5;8;9;2;7;9;8;7;9;8;9;2;2;1;1;2;4;4;1;1967;50;4;3;1;1;1;410;410;410;1;4;1;2390;1;2;3;2;3;2;1;1;1;1;3;3;4;4;9;2;1;1;3;3;1;0;100000020;410004;1;2;0;0.6233333333333334;0.5266666666666667;0.3943055555555556;0.37277777777777776;0.5;0.33;0.0;0.27666666666666667;0.33;1.0;1.0;0.7766666666666667;1.0;1.0;1.0;1.0;0.66;0.33;0.33;0.44;0.0;1.0;1.0;0.6666666666666666;0.25;0.66;0.66;0.5233333333333333;0.1111111111111111;0.1111111111111111;0.4444444444444444;0.22222222222222224;0.33;0.0;0.165;0.165;1.0;1.0;1.0;1.0;1.0;1.0;1.0;1.0;1.0;1.0;1.0;1.0;0;0;1;0;0;7;6;4;8;7;8;7;7;8;8;7;5;7;8;8;5;4;2;3;300;45000;0;5;6;1;7;6;7;7;7;1;1;4;6;9;1;1;3;5;3;1;3;2;1;2;9;2;1;4
"1-5-0 (2020-11-16)";"doi.org/10.14281/18241.1";2018;410;"KOR";732;"ROK";410070032;20171230;201712;201801;16.23;17.04;41;1;410011;410001;8;5;1;1;32;2390;"ko";3;1;1.0;0.8032128514056225;41453.815261044176;1;2;2;2;1;2;1;1;1;1;1;2;2;2;2;2;2;1;2;1;2;1;2;2;2;2;2;3;2;3;3;3;2;1;2;1;2;1;3;2;4;3;2;3;2;1;1;3;2;2;7;6;6;4;4;4;4;4;3;2;2;3;3;3;3;3;4;2;3;3;3;2;2;2;3;4;3;3;3;3;3;3;3;3;3;3;3;3;3;3;3;3;3;6;1;3;2;0;0;0;0;0;0;0;0;0;0;0;0;7;7;2;3;5;1;7;3;3;3;2;3;2;3;5;3;1;2;1;1;2;1;2;2;3;3;2;2;3;3;3;2;2;1;2;2;2;3;2;2;3;2;2;1;1;1;2;3;2;1;1;3;7;6;7;6;4;6;4;2;2;2;2;3;3;7;8;3;2;2;7;6;3;1;2;2;5;5;6;7;7;5;7;2;6;4;4;5;5;8;2;3;3;2;2;1;1;3;1;2;1;1;1;2;3;3;3;2;3;2;2;2;2;2;2;2;2;-2;-2;-2;2;3;3;3;2;3;2;2;2;3;3;3;4;4;4;4;6;7;5;8;7;1;3;5;5;7;8;6;6;2;2;2;2;2;3;3;1;1991;26;2;1;1;1;1;410;410;410;1;4;2;2390;6;0;6;3;-3;-3;3;2;3;2;1;-3;3;-3;6;2;2;2;3;6;2;0;100000020;410004;3;2;1;0.665;0.665;0.6372222222222222;0.48444444444444446;1.0;0.33;0.33;0.5533333333333333;0.33;1.0;1.0;0.7766666666666667;1.0;1.0;1.0;1.0;0.33;0.33;0.33;0.33;1.0;1.0;1.0;1.0;0.25;0.33;0.66;0.41333333333333333;0.4444444444444444;0.5555555555555556;0.6666666666666666;0.5555555555555556;0.66;0.5;0.5800000000000001;0.5800000000000001;1.0;1.0;1.0;1.0;1.0;1.0;1.0;1.0;1.0;1.0;1.0;1.0;1;1;0;0;1;7;7;7;6;5;5;5;4;5;5;6;8;5;6;6;6;1;3;3;600;60000;0;7;5;1;7;8;7;8;4;3;1;5;4;5;5;3;4;2;2;1;2;3;2;3;6;4;5;-3
"1-5-0 (2020-11-16)";"doi.org/10.14281/18241.1";2018;410;"KOR";732;"ROK";410070033;20171230;201712;201801;16.58;17.36;39;1;410011;410001;8;5;1;1;33;2390;"ko";2;1;1.0;0.8032128514056225;41453.815261044176;1;2;1;1;1;1;1;1;1;1;2;2;1;2;2;2;2;1;2;1;2;1;2;2;2;2;1;3;3;3;3;1;4;2;1;1;4;2;4;4;2;1;3;2;2;2;1;1;2;2;7;6;6;3;4;4;3;4;1;2;1;3;2;4;3;4;1;4;2;3;3;3;3;3;4;3;4;3;4;3;4;2;3;2;4;4;1;2;3;4;3;2;2;1;2;2;2;1;0;0;0;0;0;0;0;0;0;1;0;8;5;3;4;1;2;7;2;2;2;3;3;2;3;6;1;0;1;2;1;2;1;2;2;3;2;4;3;3;4;4;2;3;1;2;2;2;2;2;2;2;2;3;2;2;2;1;3;4;1;1;2;9;7;4;4;6;7;7;1;2;1;1;3;3;2;4;2;2;2;4;3;3;1;2;3;3;2;5;5;2;3;8;2;4;3;3;4;3;5;2;3;3;3;2;5;1;5;1;4;2;5;2;2;2;2;3;2;3;2;2;2;1;2;2;2;1;410001;410001;410001;2;3;2;2;3;3;2;4;2;2;2;2;3;4;2;4;7;7;5;7;7;2;7;5;4;7;8;5;6;2;2;2;1;2;2;3;2;1958;59;5;3;1;1;1;410;410;410;1;2;1;2390;1;2;3;2;3;2;0;1;0;1;1;1;5;5;9;2;2;2;3;4;2;2;20000000;410004;3;2;1;0.5680555555555555;0.24944444444444444;0.5767592592592593;0.5301851851851852;0.0;0.33;0.0;0.11;0.0;1.0;0.16666666666666666;0.3888888888888889;1.0;1.0;1.0;1.0;1.0;0.66;0.66;0.7733333333333334;1.0;0.0;1.0;0.6666666666666666;0.75;0.66;0.66;0.6900000000000001;0.2222222222222222;0.4444444444444444;0.4444444444444444;0.3703703703703704;0.66;0.5;0.5800000000000001;0.5800000000000001;1.0;1.0;1.0;1.0;1.0;1.0;1.0;1.0;1.0;1.0;1.0;1.0;1;1;0;0;1;6;7;5;6;8;6;4;4;5;6;5;7;7;6;6;6;5;1;3;500;33000;8000;6;5;1;5;4;6;7;5;2;1;8;3;4;6;5;5;5;2;2;2;2;2;3;3;5;4;4
"1-5-0 (2020-11-16)";"doi.org/10.14281/18241.1";2018;410;"KOR";732;"ROK";410070034;20171230;201712;201801;17.09;17.29;20;1;410027;410003;8;5;2;1;34;2390;"ko";3;1;1.0;0.8032128514056225;41453.815261044176;2;2;2;2;2;2;1;2;2;1;2;1;1;2;2;2;1;1;2;1;2;1;2;1;2;2;2;2;2;2;2;2;2;1;2;1;3;3;4;3;3;4;3;2;2;1;1;2;2;2;6;6;6;4;4;4;4;4;1;2;1;2;2;4;3;4;2;2;4;3;3;3;4;3;4;4;4;3;3;3;2;2;2;2;3;3;3;2;3;3;3;2;3;6;3;3;2;1;0;0;0;0;0;0;0;0;0;0;0;6;8;5;7;4;2;6;2;3;2;2;4;2;3;4;3;1;0;1;2;2;2;2;1;2;3;3;2;3;4;4;4;3;1;1;2;1;1;2;2;3;2;2;1;2;2;1;3;3;2;1;2;8;8;8;5;5;8;5;2;1;1;1;2;2;2;2;1;1;1;3;1;1;1;1;1;1;1;1;3;5;1;1;1;1;1;1;1;1;1;2;3;2;3;2;5;1;5;1;1;1;4;2;3;2;2;3;2;2;3;3;2;2;2;2;1;1;410009;410009;410009;2;3;3;3;3;3;3;3;3;3;3;2;2;2;2;3;6;6;6;5;6;6;6;6;3;7;8;6;6;2;2;2;2;2;3;3;1;1969;48;4;2;1;1;1;410;410;410;1;4;1;2390;1;2;6;3;5;3;3;2;3;2;1;1;3;4;9;2;1;1;3;5;2;2;20000000;410004;3;2;-1;0.30388888888888893;0.27611111111111114;0.19810185185185186;0.18870370370370373;0.5;0.33;0.33;0.3866666666666667;0.33;0.0;0.16666666666666666;0.16555555555555557;0.0;0.0;0.0;0.0;0.33;0.66;1.0;0.6633333333333334;0.0;0.0;0.0;0.0;0.25;0.33;0.33;0.3033333333333334;0.0;0.0;0.2222222222222222;0.07407407407407407;0.33;0.5;0.41500000000000004;0.41500000000000004;1.0;1.0;1.0;1.0;1.0;1.0;1.0;1.0;1.0;1.0;1.0;1.0;1;0;1;0;1;6;7;6;6;6;5;5;6;5;6;6;8;6;5;7;7;1;3;3;600;25000;10000;6;5;1;7;6;6;7;4;1;1;6;5;5;5;5;7;4;3;4;2;2;2;3;5;5;5;4
"1-5-0 (2020-11-16)";"doi.org/10.14281/18241.1";2018;410;"KOR";732;"ROK";410070035;20171230;201712;201801;17.41;18.01;20;1;410027;410003;8;5;2;1;35;2390;"ko";3;1;1.0;0.8032128514056225;41453.815261044176;1;2;2;3;2;3;1;2;1;2;2;1;1;2;2;2;1;1;2;1;1;1;2;2;2;2;2;3;3;3;3;2;3;3;2;1;4;2;4;3;3;3;3;3;2;2;1;1;2;2;7;6;7;4;4;4;4;4;1;2;1;2;2;3;3;3;2;2;3;3;3;3;3;3;4;4;3;2;2;2;2;2;2;2;3;3;3;2;2;2;3;3;2;7;3;1;2;2;0;0;0;0;0;0;0;0;0;0;0;5;5;5;7;6;2;7;2;2;2;2;2;2;3;4;3;2;2;2;1;2;0;1;2;2;3;3;3;4;4;4;4;4;1;1;2;1;1;2;2;2;2;2;1;1;1;3;1;3;1;1;2;7;7;7;7;7;7;5;2;1;1;1;2;2;1;1;1;1;2;5;2;1;1;3;3;3;3;4;4;4;1;1;1;1;1;1;1;1;5;2;2;2;3;2;2;1;2;1;1;1;5;2;3;3;3;3;2;2;2;2;2;2;2;2;2;2;410002;410002;410002;2;3;3;3;2;2;3;3;2;2;3;2;2;2;3;3;6;6;5;7;7;5;6;7;3;6;7;7;7;2;2;2;1;1;2;2;2;1969;48;4;2;1;1;1;410;410;410;1;4;1;2390;1;2;3;2;3;2;1;1;2;1;1;1;3;3;9;2;2;1;3;5;2;1;10100000;410004;2;1;-1;0.4141666666666667;0.22;0.3507407407407408;0.45148148148148154;0.0;0.33;0.33;0.22;0.66;0.0;0.0;0.22;0.0;1.0;1.0;0.6666666666666666;0.33;0.66;0.66;0.55;0.0;0.0;0.0;0.0;0.5;0.66;0.66;0.6066666666666668;0.2222222222222222;0.3333333333333333;0.3333333333333333;0.2962962962962963;0.0;1.0;0.5;0.5;1.0;1.0;1.0;1.0;1.0;1.0;1.0;1.0;1.0;1.0;1.0;1.0;1;0;0;0;1;7;7;7;7;7;5;7;6;6;7;8;8;8;4;7;6;1;3;3;650;30000;0;8;5;1;8;7;7;9;5;1;1;5;4;6;5;5;5;4;3;1;3;2;2;3;6;4;5;4
"1-5-0 (2020-11-16)";"doi.org/10.14281/18241.1";2018;410;"KOR";732;"ROK";410070036;20171230;201712;201801;17.55;18.29;34;1;410011;410001;8;5;1;1;36;2390;"ko";2;1;1.0;0.8032128514056225;41453.815261044176;1;2;1;2;1;3;1;1;1;1;2;1;2;2;2;2;2;1;2;1;2;2;2;1;2;2;2;3;3;3;3;2;4;2;2;1;4;2;4;4;2;2;3;2;2;1;2;1;2;2;6;7;7;3;4;4;3;4;3;2;2;3;2;4;3;4;4;4;3;3;3;4;3;3;3;3;2;2;3;3;3;3;3;2;4;4;4;3;3;4;3;2;2;4;2;3;2;0;0;0;0;0;0;0;0;0;0;0;0;4;5;3;3;5;1;7;2;3;2;3;2;2;3;6;1;0;1;2;0;2;1;2;2;2;3;4;2;3;4;4;2;3;1;2;2;2;2;2;2;2;3;3;1;2;2;3;2;1;2;1;2;7;7;3;1;3;8;1;2;2;2;2;3;4;4;6;3;2;2;3;1;1;2;2;2;9;2;9;8;8;5;5;3;3;5;5;3;5;5;2;3;4;3;2;5;1;4;1;3;1;1;3;2;2;2;3;2;2;1;1;2;2;2;3;2;2;410002;410002;410002;2;3;2;2;3;3;2;3;3;3;2;3;3;4;2;3;5;6;5;7;5;2;6;5;6;7;7;7;7;2;3;2;2;2;3;3;2;1988;29;2;1;1;1;1;410;410;410;1;4;1;2390;1;2;6;3;6;3;3;2;6;3;1;1;4;4;4;2;2;3;2;6;2;0;100000020;410004;3;2;1;0.6508333333333334;0.525;0.7183796296296295;0.7709259259259259;0.0;0.66;0.33;0.33;0.66;1.0;0.5;0.7200000000000001;0.0;1.0;1.0;0.6666666666666666;1.0;1.0;0.66;0.8866666666666667;1.0;0.0;1.0;0.6666666666666666;0.75;0.66;0.66;0.6900000000000001;0.8888888888888888;0.8888888888888888;0.7777777777777778;0.8518518518518517;0.33;1.0;0.665;0.665;1.0;1.0;1.0;1.0;1.0;1.0;1.0;1.0;1.0;1.0;1.0;1.0;1;0;1;0;1;8;7;6;6;3;6;3;3;1;2;3;7;3;7;4;6;3;2;2;500;15000;5000;7;5;2;6;7;7;7;4;2;1;5;6;7;3;4;5;5;2;1;2;2;2;2;7;2;3;4
"1-5-0 (2020-11-16)";"doi.org/10.14281/18241.1";2018;410;"KOR";732;"ROK";410070037;20171230;201712;201801;18.02;19.12;70;1;410011;410001;8;5;1;1;37;2390;"ko";1;1;1.0;0.8032128514056225;41453.815261044176;1;1;2;1;1;2;1;1;1;1;2;2;2;2;2;2;1;1;2;1;2;1;2;1;2;2;1;2;2;3;3;2;2;1;2;1;3;3;2;2;2;2;2;4;2;2;2;2;2;2;7;6;6;3;4;3;4;4;2;2;1;2;2;2;2;2;1;2;3;2;3;2;2;2;2;4;2;2;2;3;2;2;2;2;2;2;2;2;2;2;2;2;2;5;3;3;2;1;0;0;0;0;0;0;0;0;0;0;0;4;7;5;4;4;1;7;2;3;2;2;2;2;2;4;4;2;2;1;1;1;0;0;0;2;3;4;2;3;2;4;3;3;1;1;2;2;2;2;2;2;2;3;2;1;1;2;3;1;2;2;3;7;7;5;6;5;8;9;1;1;1;1;2;3;1;2;2;1;2;5;4;2;3;4;2;3;2;4;7;6;1;6;1;1;1;1;3;1;1;3;4;4;2;1;4;1;2;1;5;1;5;2;2;2;2;2;2;1;2;1;1;2;2;2;1;1;410002;410002;410002;1;4;2;3;2;2;3;4;1;1;1;3;2;4;2;3;4;8;3;9;9;5;9;7;6;9;10;7;7;3;2;1;1;1;3;3;2;1961;56;5;3;1;1;1;410;410;410;1;3;1;2390;5;2;3;2;-3;-3;1;1;1;1;1;-3;8;-5;9;1;1;2;3;4;2;1;10100000;410004;4;2;0;0.5125;0.36;0.3922685185185185;0.4103703703703704;0.5;0.33;0.0;0.27666666666666667;0.33;1.0;0.0;0.44333333333333336;1.0;1.0;1.0;1.0;0.33;0.33;0.33;0.33;1.0;0.0;0.0;0.3333333333333333;0.25;0.33;0.66;0.41333333333333333;0.2222222222222222;0.3333333333333333;0.6666666666666666;0.40740740740740744;0.33;0.5;0.41500000000000004;0.41500000000000004;1.0;1.0;1.0;1.0;1.0;1.0;1.0;1.0;1.0;1.0;1.0;1.0;1;0;1;1;1;6;5;6;6;5;5;5;6;6;5;5;7;3;6;8;6;2;5;3;400;20000;0;7;4;1;9;8;8;7;5;1;2;5;6;9;3;2;2;3;2;1;2;3;1;2;9;2;5;-5
"1-5-0 (2020-11-16)";"doi.org/10.14281/18241.1";2018;410;"KOR";732;"ROK";410070038;20171230;201712;201801;18.18;18.54;36;1;410011;410001;8;5;1;1;38;2390;"ko";2;1;1.0;0.8032128514056225;41453.815261044176;2;2;2;2;2;3;1;1;1;1;2;1;2;2;2;2;2;1;2;1;2;1;2;1;2;2;3;3;3;3;3;3;3;3;3;3;4;2;3;4;2;2;2;3;1;2;2;2;3;2;8;5;3;4;4;4;4;4;1;1;1;2;2;2;3;3;3;3;3;3;3;3;3;3;3;3;2;3;3;3;3;2;2;3;2;2;2;2;2;3;2;3;2;8;3;3;2;0;0;0;0;0;0;0;0;0;0;0;0;6;8;5;5;8;2;7;2;2;2;3;3;2;2;7;2;1;1;2;0;1;2;2;0;2;3;3;2;3;3;3;3;3;2;2;2;2;2;2;2;3;3;3;1;2;2;2;3;1;2;2;4;7;8;5;6;7;8;3;2;2;2;2;3;3;7;8;3;2;2;3;3;3;2;3;4;5;6;7;7;7;5;8;3;4;6;3;4;5;8;2;2;3;3;2;5;1;4;1;5;1;5;1;2;3;2;3;2;1;1;1;2;2;2;2;1;1;410002;410002;410002;1;2;3;3;2;2;2;3;2;3;2;2;2;3;3;3;4;8;3;8;6;3;8;8;5;8;9;8;8;2;2;2;3;2;3;3;2;1965;52;4;3;1;1;1;410;410;410;1;4;1;2390;1;2;3;2;3;2;0;1;0;1;2;1;4;6;10;2;2;3;3;5;2;0;100000020;410004;3;2;1;0.7608333333333335;0.6916666666666668;0.5702314814814815;0.5996296296296297;0.5;0.33;0.66;0.49666666666666676;0.66;1.0;1.0;0.8866666666666667;1.0;1.0;1.0;1.0;0.66;0.66;0.66;0.66;1.0;0.0;1.0;0.6666666666666666;0.5;0.66;0.66;0.6066666666666668;0.4444444444444444;0.6666666666666666;0.6666666666666666;0.5925925925925926;0.33;0.5;0.41500000000000004;0.41500000000000004;1.0;1.0;1.0;1.0;1.0;1.0;1.0;1.0;1.0;1.0;1.0;1.0;1;0;1;1;0;5;3;4;4;3;3;2;3;3;2;5;6;3;4;7;7;2;2;3;300;35000;0;5;5;2;4;5;3;7;3;1;2;5;7;7;2;3;5;5;3;5;2;2;2;3;7;2;3;4
"1-5-0 (2020-11-16)";"doi.org/10.14281/18241.1";2018;410;"KOR";732;"ROK";410070039;20171230;201712;201801;18.36;19.52;76;1;410027;410003;8;5;2;1;39;2390;"ko";3;1;1.0;0.8032128514056225;41453.815261044176;1;2;2;2;2;2;1;2;2;1;2;1;1;2;2;2;1;1;2;1;2;1;2;1;2;1;2;3;2;3;3;3;2;1;2;1;3;3;3;3;4;3;3;3;2;2;2;2;2;2;7;7;4;4;4;4;4;4;1;1;1;2;3;3;3;3;2;2;2;3;2;3;3;4;4;3;3;4;3;3;3;3;3;3;4;4;3;2;3;2;2;3;3;7;2;2;2;0;0;0;0;0;0;0;0;0;0;0;0;6;5;6;7;6;2;5;2;2;2;2;3;1;2;6;2;1;0;1;2;2;2;2;0;3;3;3;3;3;3;3;3;3;1;1;2;2;2;2;2;2;2;2;1;1;2;1;3;3;1;1;2;7;6;7;7;7;7;3;2;2;2;2;3;3;6;7;3;2;2;4;2;1;1;1;1;1;1;1;4;3;1;3;1;1;1;1;1;1;3;2;2;3;3;2;3;1;5;1;1;5;5;2;3;3;2;2;2;2;2;2;2;2;2;2;1;1;-2;-2;-2;2;3;3;3;3;3;3;3;3;3;3;2;3;3;3;2;7;8;5;8;5;7;3;8;5;5;5;4;5;3;2;2;2;2;2;2;2;1967;50;4;3;1;1;1;410;410;410;1;4;1;2390;1;2;3;2;3;2;1;1;2;1;1;1;5;5;5;2;1;2;3;4;2;0;100000020;410004;2;1;-1;0.41444444444444445;0.5538888888888889;0.19361111111111112;0.26222222222222225;0.5;0.33;0.33;0.3866666666666667;0.33;1.0;0.8333333333333334;0.7211111111111111;0.0;0.0;0.0;0.0;0.33;0.66;0.66;0.55;0.0;0.0;0.0;0.0;0.25;0.33;0.66;0.41333333333333333;0.0;0.0;0.3333333333333333;0.1111111111111111;0.0;0.5;0.25;0.25;1.0;1.0;1.0;1.0;1.0;1.0;1.0;1.0;1.0;1.0;1.0;1.0;1;0;0;0;1;7;5;6;6;7;4;6;6;6;7;7;7;6;5;7;7;1;2;3;500;20000;0;8;4;1;7;7;7;8;5;1;1;4;3;4;6;4;4;2;3;2;2;3;3;3;4;7;5;4
"1-5-0 (2020-11-16)";"doi.org/10.14281/18241.1";2018;410;"KOR";732;"ROK";410070040;20171230;201712;201801;18.54;19.29;35;1;410011;410001;8;5;1;1;40;2390;"ko";2;1;1.0;0.8032128514056225;41453.815261044176;1;2;3;2;2;1;1;2;2;1;2;1;2;2;1;2;1;1;2;1;2;1;2;1;2;2;2;3;3;3;3;2;3;3;2;1;4;2;4;2;2;1;3;3;2;1;1;3;2;2;8;6;7;4;4;4;4;4;1;2;1;2;2;3;2;2;2;2;3;3;3;3;3;3;4;4;3;3;3;4;3;3;3;3;2;2;2;2;2;2;2;2;2;7;3;1;2;2;0;0;0;0;0;0;0;0;0;0;0;7;6;4;4;6;1;8;2;3;3;3;4;1;2;7;3;0;2;1;0;0;2;2;0;3;3;4;4;4;4;4;4;4;1;1;2;2;1;2;2;1;2;2;2;2;1;2;3;3;1;1;2;6;8;7;7;5;7;8;1;1;1;1;2;3;1;1;1;1;1;4;6;7;1;1;1;1;1;1;5;4;1;3;1;1;1;1;1;1;1;2;2;2;2;2;5;1;5;2;5;2;5;2;3;3;3;3;2;2;3;3;3;3;3;3;1;1;-2;-2;-2;2;3;3;3;2;2;3;3;3;2;1;2;2;3;2;3;5;7;5;8;8;8;7;7;6;8;9;6;7;3;2;2;2;1;3;4;2;1962;55;5;3;1;1;1;410;410;410;1;5;1;2390;1;1;3;2;3;2;2;1;2;1;1;1;5;5;6;2;2;2;3;7;2;2;20000000;410004;2;1;-2;0.3591666666666667;0.27666666666666667;0.2512037037037037;0.37740740740740747;1.0;0.33;0.33;0.5533333333333333;0.0;0.0;0.0;0.0;1.0;0.0;0.0;0.3333333333333333;0.33;0.66;0.66;0.55;0.0;0.0;0.0;0.0;0.5;0.66;0.66;0.6066666666666668;0.0;0.0;0.4444444444444444;0.14814814814814814;0.0;0.5;0.25;0.25;1.0;1.0;1.0;1.0;1.0;1.0;1.0;1.0;1.0;1.0;1.0;1.0;1;0;0;0;1;6;7;5;6;4;4;3;4;3;4;3;7;4;7;8;5;2;3;2;580;100000;5000;7;6;1;7;6;6;8;8;1;1;6;4;4;5;4;4;3;2;2;2;3;1;2;5;7;6;4
"1-5-0 (2020-11-16)";"doi.org/10.14281/18241.1";2018;410;"KOR";732;"ROK";410070041;20171230;201712;201801;19.05;19.45;40;1;410011;410001;8;5;1;1;41;2390;"ko";2;2;1.0;0.8032128514056225;41453.815261044176;2;2;2;2;2;3;1;1;1;1;1;2;2;2;2;2;2;1;2;1;2;1;2;1;2;2;3;2;2;3;3;2;4;2;2;1;4;2;4;2;2;2;2;3;2;2;1;2;2;2;7;8;8;4;4;4;4;4;1;2;1;2;2;3;3;3;3;3;3;2;3;3;3;3;4;4;3;3;3;3;3;2;2;2;3;3;2;2;2;3;3;3;2;8;2;2;2;0;0;0;0;0;0;1;0;0;1;0;0;7;4;6;4;7;1;7;2;2;3;3;3;3;2;7;3;1;1;2;1;1;2;1;1;3;3;3;2;3;3;3;3;3;2;1;2;3;3;2;2;3;3;3;1;1;2;2;3;1;3;1;4;7;6;4;6;8;7;3;2;2;2;2;3;3;7;8;3;2;2;4;3;4;3;3;4;5;5;7;7;7;3;7;3;3;3;3;4;7;8;2;2;2;3;2;5;1;5;1;5;5;5;1;2;3;3;3;2;1;2;2;2;3;2;2;1;1;410001;410001;410001;2;3;3;2;2;2;2;2;2;3;2;2;2;3;2;3;8;8;4;7;5;3;8;5;3;8;9;8;8;2;2;2;3;3;3;3;2;1954;63;5;3;1;1;1;410;410;410;1;2;1;2390;1;3;3;2;3;2;0;1;0;1;1;1;5;6;7;2;2;1;3;7;2;0;100000020;410004;1;1;1;0.7608333333333335;0.6916666666666668;0.6056481481481482;0.5862962962962963;0.5;0.33;0.66;0.49666666666666676;0.66;1.0;1.0;0.8866666666666667;1.0;1.0;1.0;1.0;0.66;0.66;0.66;0.66;1.0;1.0;1.0;1.0;0.75;0.33;0.66;0.5800000000000001;0.4444444444444444;0.6666666666666666;0.6666666666666666;0.5925925925925926;0.0;0.5;0.25;0.25;1.0;1.0;1.0;1.0;1.0;1.0;1.0;1.0;1.0;1.0;1.0;1.0;1;0;0;0;0;8;5;4;6;4;3;3;4;6;3;4;8;7;5;7;5;4;1;3;250;35000;0;7;6;1;6;6;8;7;6;1;1;2;2;3;6;2;2;4;3;2;3;3;2;2;3;7;4;4
"1-5-0 (2020-11-16)";"doi.org/10.14281/18241.1";2018;410;"KOR";732;"ROK";410070042;20171230;201712;201801;19.23;20.0;37;1;410011;410001;8;5;1;1;42;2390;"ko";3;1;1.0;0.8032128514056225;41453.815261044176;1;2;2;3;2;3;1;1;2;1;1;1;2;2;2;2;2;1;2;1;2;1;2;2;2;2;2;3;2;2;2;3;2;1;1;1;2;1;2;2;2;2;2;1;2;1;1;3;2;3;8;7;7;4;4;4;4;4;1;2;2;2;3;3;3;3;4;2;2;2;3;2;2;2;3;3;3;3;3;3;3;3;3;3;3;3;3;3;3;2;3;2;2;7;2;2;2;0;0;0;0;0;0;0;0;0;0;0;0;8;7;7;3;3;1;7;2;2;3;3;2;2;3;6;3;2;1;1;1;2;1;1;1;3;3;3;2;3;3;3;2;2;1;2;2;3;3;2;2;2;2;2;2;2;1;2;3;2;4;2;3;7;6;6;7;6;7;7;1;1;2;2;3;3;5;8;3;1;2;7;6;1;1;1;2;4;5;4;8;8;7;8;6;8;4;3;4;4;7;3;3;3;3;2;2;1;1;5;5;5;5;2;2;2;2;2;2;2;2;2;2;2;3;2;2;2;-2;-2;-2;2;3;2;3;3;3;2;2;3;2;3;3;3;2;2;3;8;5;5;8;7;6;6;5;7;6;7;6;7;2;2;2;2;2;3;3;1;1949;68;6;3;1;1;1;410;410;410;1;4;1;2390;1;2;3;2;3;2;0;1;1;1;3;5;4;-5;10;3;1;2;3;4;2;0;100000020;410004;5;3;1;0.49805555555555553;0.6644444444444444;0.6337037037037037;0.3924074074074074;1.0;0.33;0.33;0.5533333333333333;0.66;1.0;0.6666666666666666;0.7755555555555556;0.0;0.0;1.0;0.3333333333333333;0.33;0.33;0.33;0.33;1.0;1.0;1.0;1.0;0.25;0.33;0.33;0.3033333333333334;0.3333333333333333;0.3333333333333333;0.7777777777777778;0.48148148148148145;1.0;0.5;0.75;0.75;1.0;1.0;1.0;1.0;1.0;1.0;1.0;1.0;1.0;1.0;1.0;1.0;1;1;1;1;1;6;7;7;8;7;5;4;5;5;6;6;6;7;8;7;7;4;1;3;500;50000;5000;8;4;1;8;8;7;8;7;2;1;6;3;5;5;5;3;3;3;2;2;3;1;3;5;6;4;4
"1-5-0 (2020-11-16)";"doi.org/10.14281/18241.1";2018;410;"KOR";732;"ROK";410070043;20171230;201712;201801;19.36;20.3;54;1;410011;410001;8;5;1;1;43;2390;"ko";1;1;1.0;0.8032128514056225;41453.815261044176;1;1;1;1;2;2;1;1;2;1;2;2;2;1;2;2;1;1;2;1;2;2;2;1;2;2;1;2;3;3;3;3;3;3;2;1;4;2;2;3;2;1;2;3;2;1;2;3;2;2;7;7;6;3;4;4;4;4;1;1;1;1;1;3;3;3;2;2;3;3;2;2;2;2;3;3;3;3;2;3;2;2;2;2;2;2;2;2;2;2;2;2;2;7;3;1;2;1;2;2;0;0;0;0;0;0;0;0;0;4;7;4;3;3;1;6;2;3;2;2;3;1;2;7;3;2;2;1;1;1;0;0;1;2;3;4;3;3;4;4;2;3;1;1;2;2;1;2;2;1;2;2;1;2;1;2;3;2;1;2;1;7;6;6;7;7;8;7;1;2;2;2;2;3;1;1;2;2;2;6;3;3;2;3;3;4;2;4;7;4;1;5;1;1;1;1;1;1;5;3;3;3;1;1;4;1;1;1;5;1;5;1;1;2;2;2;2;2;2;2;2;2;2;2;2;2;410002;410002;410002;2;3;2;3;2;2;2;4;1;3;1;2;2;3;3;3;3;6;3;8;8;3;8;7;6;7;7;7;7;2;3;1;1;1;2;2;2;1980;37;3;2;1;1;1;410;410;410;1;3;1;2390;1;1;6;3;6;3;3;2;3;2;1;1;3;3;9;2;2;1;3;6;2;1;10100000;410004;3;2;1;0.5816666666666667;0.49833333333333335;0.4911111111111111;0.5255555555555556;1.0;0.66;0.0;0.5533333333333333;0.33;1.0;0.0;0.44333333333333336;1.0;1.0;1.0;1.0;0.33;0.33;0.33;0.33;1.0;0.0;0.0;0.3333333333333333;0.5;0.66;0.66;0.6066666666666668;0.3333333333333333;0.3333333333333333;0.6666666666666666;0.4444444444444444;0.66;0.5;0.5800000000000001;0.5800000000000001;1.0;1.0;1.0;1.0;1.0;1.0;1.0;1.0;1.0;1.0;1.0;1.0;1;1;0;1;0;7;7;5;7;5;6;6;6;4;4;4;8;2;7;7;7;1;4;2;500;30000;0;7;5;1;7;7;6;7;6;2;2;4;5;6;2;3;2;3;2;7;3;3;1;2;8;1;5;4
"1-5-0 (2020-11-16)";"doi.org/10.14281/18241.1";2018;410;"KOR";732;"ROK";410070044;20171230;201712;201801;20.14;20.43;29;1;410011;410001;8;5;1;1;44;2390;"ko";3;2;1.0;0.8032128514056225;41453.815261044176;2;2;2;2;2;3;1;1;2;1;2;1;2;1;2;2;2;1;2;1;2;1;2;1;1;2;3;2;2;3;2;2;3;3;2;1;3;3;3;2;2;2;2;3;2;2;2;1;2;3;7;7;5;4;4;4;4;4;1;1;1;2;2;2;2;2;2;3;3;2;3;2;3;3;3;2;2;3;2;3;2;2;2;2;3;3;3;2;2;2;3;2;2;6;3;1;1;0;0;0;0;0;0;0;0;0;0;0;0;7;3;4;4;4;1;7;3;3;3;3;3;3;2;7;2;2;1;2;1;1;2;2;1;3;3;3;3;3;3;3;3;3;2;2;2;3;3;2;2;2;2;3;1;2;2;1;2;1;3;4;2;7;7;6;6;7;6;3;2;2;2;2;3;3;7;8;3;2;2;6;4;3;2;3;3;4;5;5;7;8;4;7;3;5;3;4;4;7;8;3;3;2;3;2;5;1;5;1;5;5;5;1;3;3;3;3;3;1;2;2;3;3;2;2;1;1;410001;410001;410001;2;2;2;3;3;2;2;2;3;2;2;2;2;2;2;3;7;7;5;8;8;7;6;7;4;5;8;8;7;2;2;2;2;2;3;3;1;1939;78;6;3;1;1;1;410;410;410;1;2;1;2390;1;3;0;1;0;1;0;1;0;1;4;5;-3;-5;10;-3;2;2;5;3;1;0;100000020;410004;1;1;2;0.6916666666666667;0.6083333333333334;0.41120370370370374;0.4890740740740741;0.0;0.33;0.66;0.33;0.66;1.0;1.0;0.8866666666666667;1.0;1.0;1.0;1.0;0.66;0.33;0.66;0.5499999999999999;1.0;0.0;1.0;0.6666666666666666;0.5;0.33;0.66;0.49666666666666676;0.3333333333333333;0.4444444444444444;0.6666666666666666;0.48148148148148145;0.0;0.0;0.0;0.0;1.0;1.0;1.0;1.0;1.0;1.0;1.0;1.0;1.0;1.0;1.0;1.0;0;0;0;0;1;7;7;7;6;3;3;3;4;7;5;7;7;7;7;5;7;-3;-3;5;80;20000;0;-3;3;1;-3;-3;-3;8;5;1;1;3;3;5;5;3;3;5;3;2;2;3;2;3;3;7;5;4
"1-5-0 (2020-11-16)";"doi.org/10.14281/18241.1";2018;410;"KOR";732;"ROK";410070045;20171230;201712;201801;20.44;21.04;20;1;410027;410003;8;5;2;1;45;2390;"ko";3;1;1.0;0.8032128514056225;41453.815261044176;2;2;2;3;2;3;1;2;2;2;2;1;1;1;2;2;1;1;2;1;2;1;2;1;2;1;2;3;3;3;3;3;2;1;2;1;4;2;4;3;3;3;3;3;2;1;1;1;2;2;8;7;7;4;4;4;4;4;3;2;1;2;4;4;4;4;3;3;4;4;3;3;3;3;3;4;4;2;3;2;2;2;3;3;3;3;3;3;4;3;2;3;3;6;2;3;2;0;0;0;0;0;0;0;0;0;0;0;0;7;7;5;3;5;1;4;2;2;2;2;2;1;3;6;3;2;1;2;2;2;2;1;1;2;3;3;3;3;3;3;3;3;1;1;2;1;1;2;2;3;3;3;1;2;1;1;2;3;1;1;3;4;7;5;7;6;9;4;2;2;2;2;3;2;7;7;3;2;2;4;2;2;2;2;2;3;3;5;4;4;1;5;1;1;1;1;1;1;5;2;2;2;3;3;5;2;5;1;2;2;2;2;2;3;2;2;3;2;3;3;2;2;2;2;4;4;-2;-2;-2;2;3;3;2;2;2;3;2;2;2;3;2;2;3;3;3;8;4;5;4;4;6;3;6;7;5;6;7;5;2;3;2;3;3;2;3;2;1999;18;1;1;1;1;1;410;410;410;1;4;2;2390;6;0;3;2;-3;-3;3;2;3;2;6;-3;-3;-3;3;-3;2;2;3;5;2;0;100000020;410004;1;1;0;0.7191666666666667;0.6083333333333334;0.21416666666666667;0.42833333333333334;0.0;0.66;0.33;0.33;0.66;1.0;1.0;0.8866666666666667;1.0;1.0;1.0;1.0;0.66;0.66;0.66;0.66;0.0;0.0;0.0;0.0;0.25;0.66;0.66;0.5233333333333333;0.2222222222222222;0.4444444444444444;0.3333333333333333;0.3333333333333333;0.0;0.0;0.0;0.0;1.0;1.0;1.0;1.0;1.0;1.0;1.0;1.0;1.0;1.0;1.0;1.0;0;0;0;0;1;5;8;6;8;7;4;6;6;5;6;5;7;5;5;8;6;-3;-3;2;500;20000;0;6;5;1;7;7;7;7;2;1;1;5;6;3;2;5;5;6;3;8;3;3;2;2;5;1;3;-3
"1-5-0 (2020-11-16)";"doi.org/10.14281/18241.1";2018;410;"KOR";732;"ROK";410070046;20171230;201712;201801;21.11;21.57;46;1;410011;410001;8;5;1;1;46;2390;"ko";2;1;1.0;0.8032128514056225;41453.815261044176;1;2;2;2;1;3;1;2;1;1;2;1;2;1;2;2;2;1;2;1;2;2;2;1;2;2;3;3;3;3;4;2;4;2;2;1;5;2;3;4;2;2;3;2;1;3;1;2;2;3;4;5;6;4;4;4;3;4;3;2;1;2;1;3;3;3;3;2;3;2;2;2;2;2;2;1;2;3;2;2;2;2;2;2;1;1;2;2;2;3;2;2;2;8;1;2;3;0;0;0;0;0;0;0;0;0;0;0;0;5;5;6;7;6;1;7;2;3;2;2;2;2;2;7;3;1;2;2;1;1;1;2;1;2;2;3;4;3;4;3;4;3;2;2;2;2;2;2;2;2;2;2;2;2;1;3;1;1;3;1;3;8;8;8;8;8;7;7;1;1;2;2;3;3;7;8;3;1;2;3;2;2;2;2;2;4;3;4;6;7;2;2;2;3;3;3;6;5;4;2;3;2;3;2;4;1;3;1;1;1;1;1;2;2;2;2;2;2;2;2;1;2;2;2;1;1;410002;410002;410002;2;2;3;2;2;3;3;3;3;3;2;2;2;3;2;2;7;8;7;7;6;6;7;8;7;6;7;8;7;2;2;2;3;2;2;2;1;1971;46;4;2;1;1;1;410;410;410;1;4;1;2390;1;2;6;3;6;3;3;2;3;2;1;1;3;5;6;2;1;2;3;6;2;0;100000020;410004;2;1;1;0.6783333333333335;0.6916666666666668;0.48268518518518516;0.5487037037037037;0.5;0.33;0.66;0.49666666666666676;0.66;1.0;1.0;0.8866666666666667;1.0;1.0;1.0;1.0;0.33;0.33;0.33;0.33;0.0;0.0;1.0;0.3333333333333333;0.75;0.66;0.66;0.6900000000000001;0.3333333333333333;0.3333333333333333;0.5555555555555556;0.4074074074074074;0.0;1.0;0.5;0.5;1.0;1.0;1.0;1.0;1.0;1.0;1.0;1.0;1.0;1.0;1.0;1.0;1;0;0;0;1;7;6;5;6;3;6;4;4;3;7;4;6;5;8;7;7;1;6;3;600;30000;5000;7;5;1;7;5;7;7;7;2;2;5;5;7;5;5;4;4;2;1;2;2;2;2;7;4;6;4
"1-5-0 (2020-11-16)";"doi.org/10.14281/18241.1";2018;410;"KOR";732;"ROK";410070047;20171231;201712;201801;9.52;10.24;32;1;410027;410003;8;5;2;1;47;2390;"ko";3;1;1.0;0.8032128514056225;41453.815261044176;1;2;2;2;1;3;2;1;1;2;2;1;1;1;2;2;2;1;2;1;2;1;2;2;2;2;2;2;2;3;3;2;3;3;2;1;4;2;4;3;2;1;2;2;2;3;3;1;3;1;5;5;4;4;4;4;4;4;3;2;1;3;2;3;3;3;3;2;2;2;3;3;3;3;3;3;3;2;2;2;2;3;3;2;2;2;3;3;2;2;2;3;2;7;3;1;2;0;0;0;0;0;0;0;0;0;0;0;0;5;6;5;6;7;2;8;3;3;3;3;3;3;4;8;4;2;2;1;1;1;1;2;2;3;3;3;2;3;3;3;2;3;1;1;2;2;2;2;2;2;3;3;1;2;1;2;1;3;1;4;1;6;6;6;7;7;8;6;1;2;1;2;3;3;3;4;2;2;2;4;1;1;1;1;1;4;1;5;1;5;1;4;5;1;3;3;1;1;4;4;4;4;2;2;1;2;2;1;2;1;1;1;2;3;2;3;2;2;3;3;1;3;3;3;4;4;-2;-2;-2;1;4;2;3;1;1;3;4;1;2;1;1;2;2;2;3;3;6;4;8;6;7;8;7;6;8;8;8;6;2;2;2;2;2;3;3;1;1999;18;1;1;1;1;1;410;410;410;1;4;2;2390;6;0;2;1;-3;-3;5;3;5;3;6;-3;-3;-3;3;-3;2;2;3;4;2;2;20000000;410004;0;1;2;0.3586111111111111;0.4422222222222222;0.35564814814814816;0.377962962962963;0.0;0.33;0.33;0.22;0.66;1.0;0.3333333333333333;0.6644444444444444;0.0;0.0;0.0;0.0;0.33;0.66;0.66;0.55;1.0;0.0;1.0;0.6666666666666666;0.5;0.33;0.66;0.49666666666666676;0.3333333333333333;0.4444444444444444;0.0;0.25925925925925924;0.0;0.0;0.0;0.0;1.0;1.0;1.0;1.0;1.0;1.0;1.0;1.0;1.0;1.0;1.0;1.0;0;0;0;0;0;4;4;5;5;3;5;4;3;3;4;3;5;3;5;5;3;-3;-3;3;350;30000;0;-3;4;1;-3;-3;-3;5;1;1;1;3;2;6;3;3;2;1;2;8;3;3;1;2;7;5;4;-3
"1-5-0 (2020-11-16)";"doi.org/10.14281/18241.1";2018;410;"KOR";732;"ROK";410070048;20171231;201712;201801;11.23;11.58;35;1;410011;410001;8;5;1;1;48;2390;"ko";1;1;1.0;0.8032128514056225;41453.815261044176;1;2;2;2;2;2;2;2;1;1;2;1;2;1;2;1;2;1;2;1;2;1;2;1;2;1;2;2;1;2;2;2;2;1;3;3;2;1;1;2;2;2;3;2;2;1;1;1;2;2;7;7;7;4;4;4;4;4;1;1;2;2;1;2;2;2;2;2;3;3;3;2;2;2;2;3;2;2;2;2;2;3;2;2;2;2;1;2;2;3;2;2;2;7;1;1;1;2;0;0;0;0;0;0;0;0;0;0;0;8;8;7;8;8;2;7;2;2;2;2;2;2;3;6;3;2;2;2;2;2;1;2;2;3;2;3;3;3;2;3;3;3;2;2;2;3;3;2;2;3;3;3;2;1;1;3;1;2;1;1;2;8;8;8;8;8;8;8;1;1;1;1;3;3;1;1;1;2;2;5;5;2;1;3;3;4;3;2;5;5;1;8;2;1;3;7;3;3;3;2;3;3;2;2;2;1;2;1;5;1;5;1;2;2;2;2;2;2;2;2;1;2;2;2;1;1;410002;410002;410002;2;2;2;3;3;3;3;2;2;2;2;2;2;3;2;3;5;6;4;7;6;3;6;4;4;8;8;8;8;2;2;2;1;2;3;3;2;1957;60;5;3;1;1;1;410;410;410;1;3;1;2390;1;3;3;2;3;2;1;1;2;1;5;1;-3;5;4;-3;2;2;3;5;2;1;10100000;410004;3;2;1;0.41500000000000004;0.165;0.41324074074074074;0.24481481481481482;0.0;0.33;0.33;0.22;0.33;0.0;0.0;0.11;1.0;1.0;1.0;1.0;0.33;0.33;0.33;0.33;0.0;0.0;1.0;0.3333333333333333;0.25;0.0;0.33;0.19333333333333336;0.3333333333333333;0.1111111111111111;0.4444444444444444;0.2962962962962963;0.66;1.0;0.8300000000000001;0.8300000000000001;1.0;1.0;1.0;1.0;1.0;1.0;1.0;1.0;1.0;1.0;1.0;1.0;1;1;0;0;1;8;8;8;8;4;8;7;8;8;8;8;8;8;8;8;8;-3;-3;3;700;55000;9000;-3;6;1;-3;-3;-3;8;8;1;2;5;5;6;3;8;5;5;2;3;3;2;2;2;6;2;8;4
"1-5-0 (2020-11-16)";"doi.org/10.14281/18241.1";2018;410;"KOR";732;"ROK";410070049;20171231;201712;201801;11.42;12.26;44;1;410011;410001;8;5;1;1;49;2390;"ko";3;1;1.0;0.8032128514056225;41453.815261044176;2;2;2;2;2;3;1;1;2;1;2;1;2;1;2;2;2;1;2;1;2;1;2;1;2;2;3;3;3;3;3;3;4;2;2;1;4;2;2;2;3;2;2;2;2;2;2;3;3;2;4;5;6;4;4;4;4;4;3;2;2;2;2;3;2;3;3;3;3;3;3;4;3;3;4;4;3;3;3;3;3;2;2;2;3;3;3;2;2;3;3;2;3;7;2;3;1;0;0;0;0;0;0;0;0;0;1;0;0;7;3;7;6;8;2;8;2;2;3;3;3;3;2;7;2;2;1;2;1;1;2;0;1;2;3;4;2;3;4;4;3;4;2;2;2;3;3;2;2;3;3;3;1;1;1;2;1;1;2;4;2;7;7;4;4;7;7;1;2;2;2;2;4;4;7;8;3;2;2;5;3;4;4;3;4;5;5;7;8;8;5;7;3;3;4;3;4;6;10;2;2;2;3;2;5;2;5;1;4;1;2;1;2;2;2;2;2;1;2;2;2;2;2;2;2;2;410002;410002;410002;2;2;3;3;2;2;3;3;2;2;2;2;2;3;2;3;3;5;3;7;5;4;6;7;3;7;8;7;7;2;3;3;3;3;3;3;1;1973;44;3;2;1;1;1;410;410;410;1;1;1;2390;6;0;3;2;-3;-3;1;1;1;1;1;-3;4;-3;6;2;1;2;3;3;1;0;100000020;410004;2;2;2;0.8583333333333334;0.8300000000000001;0.5378240740740741;0.6598148148148149;1.0;0.66;0.66;0.7733333333333334;0.66;1.0;1.0;0.8866666666666667;1.0;1.0;1.0;1.0;0.66;1.0;0.66;0.7733333333333334;1.0;0.0;1.0;0.6666666666666666;0.75;0.66;0.66;0.6900000000000001;0.4444444444444444;0.6666666666666666;0.7777777777777778;0.6296296296296297;0.33;0.0;0.165;0.165;1.0;1.0;1.0;1.0;1.0;1.0;1.0;1.0;1.0;1.0;1.0;1.0;0;0;1;0;1;4;3;4;4;3;3;2;3;4;3;3;4;3;7;6;5;3;2;3;150;10000;0;5;3;3;5;6;8;4;4;1;2;5;5;6;1;2;5;5;2;1;2;2;1;1;6;1;2;-3
"1-5-0 (2020-11-16)";"doi.org/10.14281/18241.1";2018;410;"KOR";732;"ROK";410070050;20171231;201712;201801;12.08;12.32;24;1;410027;410003;8;5;2;1;50;2390;"ko";3;1;1.0;0.8032128514056225;41453.815261044176;1;2;3;3;2;3;1;2;1;2;2;2;1;1;2;2;1;1;1;1;1;1;2;1;2;1;3;2;2;2;2;2;2;1;1;1;2;1;5;2;3;3;2;2;2;1;1;2;2;3;8;7;4;4;4;4;4;4;1;2;2;2;2;3;3;3;2;2;3;2;3;3;2;3;3;4;3;2;2;2;2;2;2;3;2;2;2;3;2;2;3;3;3;6;3;1;2;0;0;0;0;0;0;0;0;0;1;0;0;3;8;3;4;3;2;5;3;2;1;2;2;1;4;6;2;2;0;2;0;2;0;0;2;2;3;4;2;3;3;3;3;3;1;1;2;1;3;2;2;2;3;2;1;2;2;1;3;1;3;1;2;9;9;7;7;3;9;4;1;1;2;2;2;3;6;6;2;2;1;3;1;1;1;2;2;3;2;3;3;3;1;6;1;1;1;1;1;1;5;3;2;3;3;2;5;1;5;2;5;5;5;3;3;3;3;3;3;3;3;3;3;3;3;3;1;1;-2;-2;-2;2;3;3;2;3;3;3;3;3;3;3;2;2;2;3;3;6;4;4;6;4;7;5;6;5;6;6;5;6;2;2;1;1;1;2;2;1;1948;69;6;3;1;1;1;410;410;410;1;2;1;2390;1;3;2;1;2;1;0;1;0;1;3;5;6;-5;9;2;1;2;5;3;1;7;70000000;410004;2;1;0;0.6086111111111111;0.663888888888889;0.1938888888888889;0.2627777777777778;0.5;0.33;0.66;0.49666666666666676;0.66;1.0;0.8333333333333334;0.8311111111111112;0.0;1.0;1.0;0.6666666666666666;0.33;0.66;0.33;0.44;0.0;0.0;0.0;0.0;0.25;0.33;0.33;0.3033333333333334;0.2222222222222222;0.2222222222222222;0.2222222222222222;0.2222222222222222;0.0;0.5;0.25;0.25;1.0;1.0;1.0;1.0;1.0;1.0;1.0;1.0;1.0;1.0;1.0;1.0;1;0;0;0;1;6;5;6;6;10;4;4;5;6;5;5;7;6;8;5;7;4;1;5;200;17000;0;7;3;1;6;6;6;7;3;1;1;5;4;1;5;4;5;3;4;2;2;2;2;4;2;6;5;4
"1-5-0 (2020-11-16)";"doi.org/10.14281/18241.1";2018;410;"KOR";732;"ROK";410070051;20171231;201712;201801;12.25;13.13;48;1;410011;410001;8;5;1;1;51;2390;"ko";2;1;1.0;0.8032128514056225;41453.815261044176;1;2;3;3;2;3;1;1;1;1;1;2;2;2;2;2;2;1;2;1;2;1;2;2;2;2;3;3;3;3;2;3;2;1;1;1;2;1;3;2;1;2;2;2;2;3;2;3;2;2;8;7;6;4;4;4;4;4;1;2;2;3;3;3;3;3;3;2;2;2;3;2;2;3;3;4;3;3;3;3;3;3;3;3;3;3;3;2;3;3;3;2;2;6;3;1;2;0;0;0;0;0;0;0;0;0;0;0;0;9;5;6;2;3;1;4;2;3;3;3;2;2;3;5;3;2;0;2;2;2;2;2;2;3;3;2;2;3;3;3;2;2;1;2;2;2;2;1;1;2;2;3;2;2;1;2;3;2;4;1;2;6;7;6;6;7;6;7;1;1;1;1;2;2;5;8;3;2;2;6;6;2;2;1;2;4;4;5;7;7;6;8;2;7;3;5;3;1;8;3;3;3;3;2;4;1;1;1;5;1;5;2;2;2;2;2;2;2;2;2;2;2;2;2;2;2;410002;410002;410002;2;3;3;3;3;3;3;3;3;3;3;3;3;3;3;3;7;9;5;5;7;6;6;7;5;5;8;7;7;2;2;2;2;2;3;3;2;1968;49;4;2;1;1;1;410;410;410;1;3;1;2390;1;1;3;2;3;2;1;1;1;1;1;1;5;6;9;2;2;1;3;5;2;0;100000020;410004;4;3;1;0.6088888888888889;0.7194444444444446;0.6887037037037037;0.5024074074074074;1.0;0.33;0.66;0.6633333333333334;0.66;1.0;0.6666666666666666;0.7755555555555556;1.0;0.0;1.0;0.6666666666666666;0.33;0.33;0.33;0.33;1.0;1.0;1.0;1.0;0.25;0.66;0.66;0.5233333333333333;0.3333333333333333;0.4444444444444444;0.6666666666666666;0.48148148148148145;1.0;0.5;0.75;0.75;1.0;1.0;1.0;1.0;1.0;1.0;1.0;1.0;1.0;1.0;1.0;1.0;1;1;1;0;1;8;7;7;8;7;6;4;4;4;5;5;8;6;6;6;5;1;2;3;500;35000;2000;8;4;1;8;7;7;8;6;2;1;5;4;8;5;4;4;4;2;1;2;2;1;3;8;4;4;4
"1-5-0 (2020-11-16)";"doi.org/10.14281/18241.1";2018;410;"KOR";732;"ROK";410070052;20171231;201712;201801;12.49;13.24;35;1;410027;410003;8;5;2;1;52;2390;"ko";3;1;1.0;0.8032128514056225;41453.815261044176;2;2;2;3;2;3;1;2;2;1;1;1;1;2;2;2;2;1;2;1;2;1;2;1;2;2;2;3;3;3;3;3;3;3;2;1;2;1;4;3;3;2;3;3;1;1;1;1;2;2;7;7;6;4;4;4;4;4;1;2;2;3;4;4;4;4;3;2;3;3;3;4;3;3;3;3;3;3;2;2;3;3;3;4;3;3;3;2;2;2;2;2;2;6;3;1;2;0;0;0;0;0;0;0;0;0;0;0;0;7;7;8;2;7;2;3;2;1;1;2;2;1;4;7;2;2;2;2;1;2;1;1;1;2;3;3;4;4;3;3;3;3;1;2;2;2;3;2;2;3;3;3;1;1;1;2;1;3;4;1;2;7;6;7;7;7;6;3;2;2;2;2;3;3;7;8;3;2;2;7;1;1;1;1;1;4;3;4;5;5;4;4;1;1;1;1;1;1;5;2;2;2;3;3;5;2;4;1;1;1;2;2;2;2;2;2;2;2;2;2;2;2;2;2;1;1;410002;410002;410002;3;2;3;3;3;3;3;3;3;3;3;2;2;2;3;3;7;7;7;6;7;7;6;7;1;6;9;4;5;2;3;3;3;2;3;3;1;1991;26;2;1;1;1;1;410;410;410;1;4;2;2390;6;0;5;3;-3;-3;3;2;3;2;1;-3;3;-3;3;2;2;1;3;5;2;0;100000020;410004;2;2;0;0.4700000000000001;0.6083333333333334;0.4521759259259259;0.4885185185185186;0.0;0.66;0.33;0.33;0.66;1.0;1.0;0.8866666666666667;0.0;0.0;0.0;0.0;0.33;1.0;0.66;0.6633333333333334;0.0;1.0;1.0;0.6666666666666666;0.5;0.66;0.66;0.6066666666666668;0.3333333333333333;0.3333333333333333;0.4444444444444444;0.3703703703703703;0.33;0.0;0.165;0.165;1.0;1.0;1.0;1.0;1.0;1.0;1.0;1.0;1.0;1.0;1.0;1.0;0;0;1;0;1;6;7;7;7;7;3;6;5;7;7;6;6;6;4;7;6;1;2;3;600;30000;5000;7;4;1;7;7;7;6;4;1;2;4;4;5;4;3;4;4;4;1;2;3;3;3;6;2;5;-3
"1-5-0 (2020-11-16)";"doi.org/10.14281/18241.1";2018;410;"KOR";732;"ROK";410070053;20171231;201712;201801;12.56;13.56;60;1;410011;410001;8;5;1;1;53;2390;"ko";2;1;1.0;0.8032128514056225;41453.815261044176;1;2;2;2;2;3;1;1;2;1;2;1;2;1;2;2;2;1;2;1;2;1;2;1;2;2;2;3;3;2;3;3;2;1;3;3;3;3;2;3;2;2;3;2;2;3;2;2;2;2;7;7;6;4;4;4;4;4;1;2;2;2;2;3;3;3;3;3;3;2;3;3;3;2;3;3;3;3;2;3;3;3;3;2;2;2;2;3;3;2;3;2;2;7;3;3;2;0;0;0;0;0;0;0;0;0;1;0;0;7;7;7;4;8;1;7;2;2;2;2;2;3;3;8;3;2;1;2;1;1;2;1;1;2;2;3;3;3;3;3;3;4;2;2;2;3;3;2;2;3;3;3;2;2;1;2;3;1;2;2;3;7;5;7;7;7;8;1;2;2;2;2;3;3;7;8;3;2;2;7;3;4;2;3;3;2;5;6;7;7;3;7;2;3;4;4;4;5;8;2;2;2;2;2;5;1;3;1;5;1;5;2;2;3;2;2;2;2;2;2;2;2;2;2;1;1;410009;410009;410009;2;2;3;2;2;3;2;2;2;2;2;2;2;2;2;3;5;7;4;8;7;5;7;7;2;7;8;6;6;2;2;2;3;3;3;3;1;1963;54;4;3;1;1;1;410;410;410;1;4;1;2390;1;2;3;2;3;2;0;1;0;1;1;2;4;4;10;2;1;2;3;4;2;0;100000020;410004;4;2;2;0.7333333333333334;0.6366666666666667;0.4848611111111111;0.42888888888888893;0.5;0.33;0.33;0.3866666666666667;0.66;1.0;1.0;0.8866666666666667;1.0;1.0;1.0;1.0;0.66;0.66;0.66;0.66;1.0;0.0;1.0;0.6666666666666666;0.25;0.66;0.33;0.4133333333333334;0.1111111111111111;0.5555555555555556;0.6666666666666666;0.4444444444444445;0.33;0.5;0.41500000000000004;0.41500000000000004;1.0;1.0;1.0;1.0;1.0;1.0;1.0;1.0;1.0;1.0;1.0;1.0;1;0;1;1;1;7;4;5;6;3;3;3;5;5;3;3;8;3;6;4;5;4;2;3;250;45000;5000;5;4;1;4;4;7;7;4;1;1;6;4;5;2;2;5;4;2;4;2;2;3;2;5;2;2;4
"1-5-0 (2020-11-16)";"doi.org/10.14281/18241.1";2018;410;"KOR";732;"ROK";410070054;20171231;201712;201801;13.37;13.67;30;1;410027;410003;8;5;2;1;54;2390;"ko";3;1;1.0;0.8032128514056225;41453.815261044176;1;2;2;2;2;2;2;2;2;1;2;1;1;2;1;2;1;1;1;1;2;1;2;1;2;2;2;2;2;3;2;2;2;1;2;1;3;3;3;3;2;2;2;2;2;1;1;1;2;2;7;6;4;4;4;4;4;4;1;2;1;2;3;3;2;4;2;3;4;3;3;3;3;3;3;3;3;2;3;3;2;3;3;2;2;2;3;3;3;3;3;3;3;8;2;2;2;1;0;0;0;0;0;0;0;0;2;0;0;8;7;7;7;6;2;7;2;2;3;3;3;2;2;6;3;1;1;2;2;2;2;1;2;3;3;3;3;3;3;3;3;3;1;1;2;1;1;2;2;3;2;3;1;1;1;1;4;3;1;1;2;7;7;6;6;5;6;3;1;1;2;2;3;3;4;4;2;2;2;3;1;1;2;1;1;2;2;2;3;3;1;3;1;1;1;1;1;2;6;2;3;2;3;2;2;1;2;1;4;1;2;2;2;3;2;3;2;2;3;3;2;2;3;3;2;2;-2;-2;-2;3;3;2;2;3;3;2;3;3;3;3;2;2;3;3;3;6;4;4;8;6;5;5;5;7;6;7;6;6;2;2;2;2;1;2;3;1;1974;43;3;2;1;1;1;410;410;410;1;4;1;2390;1;2;6;3;5;3;2;1;3;2;1;1;3;3;4;2;1;1;3;5;2;7;70000000;410004;1;1;-2;0.3725;0.415;0.14037037037037037;0.28074074074074074;0.0;0.33;0.33;0.22;0.33;1.0;0.5;0.61;0.0;0.0;0.0;0.0;0.66;0.66;0.66;0.66;0.0;0.0;0.0;0.0;0.25;0.33;0.66;0.41333333333333333;0.1111111111111111;0.1111111111111111;0.2222222222222222;0.14814814814814814;0.0;0.0;0.0;0.0;1.0;1.0;1.0;1.0;1.0;1.0;1.0;1.0;1.0;1.0;1.0;1.0;0;0;0;0;1;7;8;6;7;6;2;4;5;6;8;8;7;8;8;4;7;1;4;3;600;30000;8000;7;4;1;7;6;8;8;5;1;1;6;5;1;5;5;6;4;3;4;2;2;1;4;1;4;4;4
"1-5-0 (2020-11-16)";"doi.org/10.14281/18241.1";2018;410;"KOR";732;"ROK";410070055;20171231;201712;201801;14.1;14.48;38;1;410027;410003;8;5;2;1;55;2390;"ko";3;1;1.0;0.8032128514056225;41453.815261044176;1;2;2;3;2;3;1;2;1;2;2;1;1;2;2;2;1;1;1;1;1;1;2;1;2;1;2;2;2;2;2;2;2;1;2;1;2;1;2;2;2;2;3;3;2;2;2;2;2;3;7;6;6;4;4;4;4;4;1;2;1;2;2;3;3;4;2;2;3;3;3;3;3;4;3;3;3;3;3;2;2;2;2;3;3;3;3;3;3;2;3;2;2;6;2;3;2;1;0;0;0;0;0;0;0;0;0;0;0;7;9;3;6;5;2;7;2;2;2;2;2;2;3;5;2;2;0;2;2;2;1;1;2;2;3;4;4;4;3;4;4;3;1;1;2;1;2;2;2;2;2;2;1;2;2;2;1;1;3;1;2;8;8;7;4;5;6;6;1;1;2;1;2;2;4;5;2;1;2;5;1;1;1;1;1;2;1;1;3;2;1;6;1;1;1;1;2;1;6;2;2;2;3;2;5;1;5;5;5;5;5;2;3;3;3;3;3;3;3;3;3;3;3;3;1;1;410001;410001;410001;2;3;3;4;3;3;3;3;4;3;3;2;2;3;3;3;9;7;6;9;5;4;4;7;3;8;6;3;7;2;2;2;2;2;3;3;2;1935;82;6;3;1;1;1;410;410;410;1;2;1;2390;1;4;1;1;1;1;0;1;0;1;4;4;-3;-5;9;-3;2;3;5;2;1;7;70000000;410004;1;1;-1;0.41416666666666674;0.5533333333333335;0.10361111111111113;0.20722222222222225;0.5;0.33;0.33;0.3866666666666667;0.66;1.0;0.5;0.7200000000000001;0.0;0.0;0.0;0.0;0.33;0.66;0.66;0.55;0.0;0.0;0.0;0.0;0.25;0.33;0.33;0.3033333333333334;0.1111111111111111;0.0;0.2222222222222222;0.1111111111111111;0.0;0.0;0.0;0.0;1.0;1.0;1.0;1.0;1.0;1.0;1.0;1.0;1.0;1.0;1.0;1.0;0;0;0;0;1;6;7;5;7;7;6;5;4;6;6;7;4;7;7;5;8;-3;-3;5;120;15000;0;8;3;1;8;7;7;7;4;1;1;4;4;1;5;5;4;4;2;2;2;2;1;4;2;5;5;4
"1-5-0 (2020-11-16)";"doi.org/10.14281/18241.1";2018;410;"KOR";732;"ROK";410070056;20171231;201712;201801;14.24;15.04;40;1;410011;410001;8;5;1;1;56;2390;"ko";2;2;1.0;0.8032128514056225;41453.815261044176;2;2;2;2;2;3;1;1;2;1;2;1;2;1;2;2;2;1;2;1;1;1;2;1;2;2;2;2;3;3;2;3;4;2;2;1;4;2;4;4;4;2;2;3;2;2;2;2;2;2;7;7;6;4;4;4;4;4;3;1;2;2;2;2;3;3;3;3;2;3;3;3;2;3;3;4;2;3;3;2;2;3;2;2;3;3;3;2;2;3;3;2;3;8;3;2;1;0;0;0;0;0;0;0;0;0;1;0;0;7;5;8;4;9;1;8;2;2;2;2;2;2;3;8;3;2;1;2;1;0;2;2;2;2;2;3;3;3;4;4;3;3;2;2;2;2;3;2;2;3;3;3;1;2;1;3;1;3;1;2;4;7;6;3;6;7;8;3;2;2;2;2;3;3;7;8;3;2;2;7;3;4;3;3;3;2;6;7;7;7;4;7;2;3;3;4;5;5;7;2;2;2;3;2;5;1;3;1;3;1;2;1;2;2;2;2;2;1;2;2;2;2;2;2;2;2;410002;410002;410002;3;3;3;3;2;2;3;2;3;2;2;2;2;3;2;3;3;5;3;8;7;3;8;7;3;7;8;6;7;3;3;3;3;3;3;3;1;1978;39;3;2;1;1;1;410;410;410;1;2;1;2390;1;0;5;3;5;3;3;2;3;2;1;1;3;3;4;2;1;1;3;6;2;0;100000020;410004;2;1;2;0.7333333333333334;0.6916666666666668;0.584537037037037;0.5857407407407408;0.5;0.66;0.33;0.49666666666666676;0.66;1.0;1.0;0.8866666666666667;1.0;1.0;1.0;1.0;0.66;0.66;0.33;0.5499999999999999;1.0;0.0;1.0;0.6666666666666666;0.75;0.66;0.66;0.6900000000000001;0.1111111111111111;0.6666666666666666;0.6666666666666666;0.48148148148148145;0.0;1.0;0.5;0.5;1.0;1.0;1.0;1.0;1.0;1.0;1.0;1.0;1.0;1.0;1.0;1.0;1;0;0;1;0;7;5;4;5;3;4;3;2;3;3;4;7;3;6;7;6;1;4;3;400;25000;6000;5;4;2;5;4;3;7;4;1;2;4;5;7;1;3;4;4;2;1;2;2;2;3;7;1;3;4
"1-5-0 (2020-11-16)";"doi.org/10.14281/18241.1";2018;410;"KOR";732;"ROK";410070057;20171231;201712;201801;14.41;15.25;44;1;410011;410001;8;5;1;1;57;2390;"ko";1;2;1.0;0.8032128514056225;41453.815261044176;1;2;2;1;1;3;1;1;1;2;2;2;2;1;2;2;1;1;2;1;2;1;2;1;2;2;2;1;3;3;3;2;3;3;3;3;4;2;3;2;2;3;3;3;2;3;3;3;2;2;7;8;7;4;4;4;4;4;1;2;1;2;2;3;3;3;3;3;3;3;3;2;2;3;3;4;3;3;2;3;2;2;2;2;2;2;2;2;2;2;2;2;2;6;3;1;2;1;0;0;0;0;0;0;0;0;0;0;0;6;6;5;4;4;1;4;2;3;3;2;2;2;2;6;4;2;2;1;1;1;1;0;0;3;3;3;2;4;4;4;4;3;1;1;2;1;1;2;2;1;1;2;1;2;1;2;3;1;3;3;2;8;8;9;7;5;9;6;1;2;2;2;2;3;6;7;2;1;2;6;3;3;3;2;2;2;3;2;7;4;1;5;1;1;1;2;2;2;4;3;3;3;1;1;1;1;5;1;5;5;5;5;2;2;2;2;2;2;2;2;2;2;2;2;1;1;410002;410002;410002;1;4;2;3;2;2;3;3;3;2;1;2;3;2;2;3;5;8;4;8;8;6;8;7;7;8;9;7;7;2;2;1;1;1;2;2;2;1970;47;4;2;1;1;1;410;410;410;1;4;1;2390;1;2;6;3;6;3;2;1;2;1;5;1;-3;3;9;-3;2;2;2;7;2;3;30100000;410004;3;1;1;0.7061111111111111;0.6922222222222223;0.3715740740740741;0.45148148148148154;1.0;0.33;0.33;0.5533333333333333;0.66;1.0;0.8333333333333334;0.8311111111111112;1.0;1.0;1.0;1.0;0.66;0.33;0.33;0.44;1.0;0.0;0.0;0.3333333333333333;0.5;0.66;0.66;0.6066666666666668;0.1111111111111111;0.1111111111111111;0.6666666666666666;0.2962962962962963;0.0;0.5;0.25;0.25;1.0;1.0;1.0;1.0;1.0;1.0;1.0;1.0;1.0;1.0;1.0;1.0;1;0;0;1;1;8;6;6;7;4;6;5;5;3;5;4;8;2;6;7;4;-3;-3;2;600;55000;10000;-3;5;1;-3;-3;-3;8;7;1;2;3;4;6;2;2;2;2;2;1;2;3;1;3;7;2;4;4
"1-5-0 (2020-11-16)";"doi.org/10.14281/18241.1";2018;410;"KOR";732;"ROK";410070058;20171231;201712;201801;14.48;16.02;74;1;410011;410001;8;5;1;1;58;2390;"ko";2;1;1.0;0.8032128514056225;41453.815261044176;1;1;1;3;1;3;1;1;1;2;1;1;2;2;2;2;2;1;2;1;2;1;2;1;2;2;2;2;3;2;2;2;2;1;2;1;3;3;3;2;2;1;2;2;2;2;2;2;2;2;8;7;8;4;4;4;4;4;3;2;1;2;2;3;3;3;2;3;2;3;2;3;2;3;2;2;3;2;2;2;1;2;3;2;2;2;2;2;2;2;2;2;2;8;1;1;3;0;0;0;0;0;0;0;0;0;0;0;0;7;7;6;7;7;1;7;2;3;2;3;2;2;2;5;3;0;0;1;0;0;0;0;1;2;2;2;3;3;3;2;3;2;2;2;2;2;2;2;2;3;3;3;1;1;1;1;3;3;2;2;1;7;6;7;7;6;6;7;2;2;2;2;2;2;5;6;3;1;1;7;6;7;6;6;5;6;6;6;7;6;7;6;7;6;7;6;6;6;5;2;2;2;4;3;4;3;4;1;1;1;1;2;3;3;3;3;2;3;3;2;3;2;3;3;3;3;410002;410002;410002;2;3;3;3;2;3;2;3;2;2;2;3;2;3;2;2;5;6;7;6;6;7;6;7;6;7;7;6;7;2;2;3;2;2;3;3;1;1989;28;2;1;1;1;1;410;410;410;1;2;2;2390;6;0;3;2;-3;-3;1;1;1;1;1;-3;4;-3;6;2;1;1;3;4;2;0;100000020;410004;3;2;1;0.6780555555555555;0.5811111111111111;0.6052314814814814;0.5029629629629631;0.5;0.33;0.33;0.3866666666666667;0.66;1.0;0.6666666666666666;0.7755555555555556;1.0;1.0;1.0;1.0;0.66;0.66;0.33;0.5499999999999999;1.0;1.0;1.0;1.0;0.25;0.66;0.33;0.4133333333333334;0.5555555555555556;0.5555555555555556;0.6666666666666666;0.5925925925925927;0.33;0.5;0.41500000000000004;0.41500000000000004;1.0;1.0;1.0;1.0;1.0;1.0;1.0;1.0;1.0;1.0;1.0;1.0;1;0;1;1;0;8;7;6;7;6;7;6;7;6;7;6;7;7;6;6;7;1;5;3;300;12000;5000;9;5;1;8;8;8;9;8;1;2;7;5;5;1;5;2;5;2;4;3;3;3;3;6;1;2;-3
"1-5-0 (2020-11-16)";"doi.org/10.14281/18241.1";2018;410;"KOR";732;"ROK";410070059;20171231;201712;201801;15.0;15.31;31;1;410027;410003;8;5;2;1;59;2390;"ko";3;1;1.0;0.8032128514056225;41453.815261044176;2;2;2;2;2;2;1;2;1;1;2;2;1;2;2;2;1;1;2;1;2;1;2;2;2;2;2;3;3;3;2;2;2;1;2;1;3;3;3;2;2;2;2;3;2;1;1;2;2;2;7;6;5;4;4;4;4;4;1;2;1;2;3;3;3;3;2;2;4;3;3;2;3;3;4;4;3;3;2;3;3;2;2;2;3;3;3;3;2;2;2;3;3;6;2;2;2;0;0;0;0;0;0;0;0;0;0;0;0;8;5;4;6;3;1;3;2;1;1;2;3;1;2;5;2;1;2;2;2;2;1;0;2;3;2;3;3;4;4;4;4;4;1;1;2;1;2;2;2;3;3;3;1;1;1;2;1;3;2;1;2;7;6;6;6;4;6;4;2;2;2;2;3;3;7;7;3;2;2;6;3;1;1;1;1;3;3;5;4;4;1;5;5;1;1;1;3;2;5;2;2;2;3;2;3;1;5;1;3;1;5;2;2;2;3;3;2;3;2;2;2;2;3;3;1;1;8;8;8;2;3;2;3;3;2;3;3;3;3;2;2;2;3;3;3;6;7;3;3;5;3;5;7;4;5;7;7;6;2;2;1;1;1;2;2;1;1961;56;5;3;1;1;1;410;410;410;1;4;1;2390;1;2;3;2;3;2;1;1;1;1;3;1;5;5;5;2;1;2;3;4;2;0;100000020;410004;2;2;-1;0.4008333333333334;0.5816666666666668;0.2554166666666666;0.42833333333333334;0.5;0.33;0.33;0.3866666666666667;0.33;1.0;1.0;0.7766666666666667;0.0;0.0;0.0;0.0;0.33;0.33;0.66;0.44;0.0;0.0;0.0;0.0;0.25;0.66;0.66;0.5233333333333333;0.2222222222222222;0.4444444444444444;0.3333333333333333;0.3333333333333333;0.33;0.0;0.165;0.165;1.0;1.0;1.0;1.0;1.0;1.0;1.0;1.0;1.0;1.0;1.0;1.0;0;0;1;0;1;7;7;6;6;5;5;6;5;6;4;4;6;6;8;4;7;4;1;3;500;30000;10000;7;4;1;6;7;6;7;4;1;1;5;5;5;6;5;4;2;3;2;2;2;2;3;5;6;5;4
"1-5-0 (2020-11-16)";"doi.org/10.14281/18241.1";2018;410;"KOR";732;"ROK";410070060;20171231;201712;201801;15.36;16.04;28;1;410027;410003;8;5;2;1;60;2390;"ko";3;1;1.0;0.8032128514056225;41453.815261044176;2;2;2;3;2;3;1;2;1;2;2;2;1;2;1;2;1;1;2;1;2;1;2;1;2;2;2;3;3;3;3;2;3;3;2;1;3;3;4;3;3;3;3;3;2;3;2;2;2;2;7;7;3;4;4;4;4;4;1;1;2;3;3;3;3;3;3;3;3;4;4;3;3;4;4;3;3;3;3;3;2;3;3;3;3;3;3;3;3;3;3;3;3;7;3;1;2;0;0;0;0;0;0;0;0;0;0;0;0;8;7;8;4;6;2;4;2;2;1;2;2;1;4;5;4;2;2;2;2;2;2;2;2;3;3;4;3;4;4;4;3;4;1;1;2;2;2;2;2;3;3;3;1;2;1;3;2;1;3;1;2;7;7;6;6;8;7;4;2;2;2;2;3;3;7;7;3;2;2;4;1;1;2;1;1;3;5;5;5;5;2;5;1;1;1;1;1;1;3;3;3;2;3;2;2;1;2;1;2;2;2;1;2;2;3;3;2;2;2;2;2;3;3;2;2;2;8;8;8;3;2;2;3;3;2;3;3;3;3;3;2;2;3;3;2;7;7;2;8;3;6;7;7;6;7;6;7;6;2;2;2;2;2;3;3;1;1984;33;2;2;1;1;1;410;410;410;1;3;1;2390;1;1;5;3;5;3;3;2;3;2;1;5;3;-5;9;2;1;1;3;4;2;0;100000020;410004;2;1;-2;0.4833333333333334;0.6366666666666667;0.3692592592592593;0.4885185185185186;0.5;0.33;0.33;0.3866666666666667;0.66;1.0;1.0;0.8866666666666667;0.0;0.0;0.0;0.0;0.66;0.66;0.66;0.66;0.0;0.0;0.0;0.0;0.5;0.66;0.66;0.6066666666666668;0.2222222222222222;0.4444444444444444;0.4444444444444444;0.3703703703703704;0.0;1.0;0.5;0.5;1.0;1.0;1.0;1.0;1.0;1.0;1.0;1.0;1.0;1.0;1.0;1.0;1;0;0;0;1;6;7;7;6;7;4;6;7;6;7;6;7;6;8;5;6;1;3;3;350;15000;0;6;4;2;6;6;5;7;2;1;1;4;4;5;4;4;4;5;3;7;3;2;2;2;6;4;5;4
"1-5-0 (2020-11-16)";"doi.org/10.14281/18241.1";2018;410;"KOR";732;"ROK";410070061;20171231;201712;201801;15.43;16.13;30;1;410011;410001;8;5;1;1;61;2390;"ko";2;1;1.0;0.8032128514056225;41453.815261044176;1;1;2;2;1;3;1;2;2;1;2;1;2;1;2;2;1;1;2;1;2;1;2;1;2;2;1;2;3;3;3;2;2;1;3;3;3;3;4;3;2;2;3;3;2;2;2;2;3;2;7;6;5;3;4;4;4;4;2;2;1;1;2;3;3;3;3;3;3;3;3;2;3;3;3;4;2;2;2;2;2;2;2;2;2;2;2;2;2;2;2;2;2;6;3;1;2;1;0;0;0;0;0;0;0;0;0;0;0;4;5;6;6;4;1;5;2;3;3;3;3;2;2;7;2;2;2;1;1;1;0;1;1;2;2;4;3;4;4;4;4;4;1;1;2;2;2;2;2;2;2;2;2;2;2;2;3;2;1;1;2;7;8;8;6;5;8;4;2;2;2;2;3;3;7;7;3;2;2;7;3;2;1;3;2;1;4;5;7;5;1;5;1;1;1;1;3;1;8;4;3;3;2;2;5;1;5;5;5;5;5;5;2;2;2;2;2;2;2;2;2;2;2;2;2;1;-2;-2;-2;1;3;2;2;2;2;4;4;2;2;1;1;2;3;2;3;5;7;4;7;7;5;7;7;5;8;8;7;7;2;2;1;1;1;3;3;1;1969;48;4;2;1;1;1;410;410;410;1;3;2;2390;3;1;5;3;-3;-3;0;1;0;1;1;-3;6;-5;-5;2;1;4;3;3;1;0;100000020;410004;3;2;0;0.6783333333333332;0.5816666666666667;0.36842592592592593;0.44685185185185183;0.5;0.33;0.0;0.27666666666666667;0.66;1.0;1.0;0.8866666666666667;1.0;1.0;1.0;1.0;0.66;0.33;0.66;0.5499999999999999;0.0;0.0;0.0;0.0;0.25;0.66;0.66;0.5233333333333333;0.0;0.4444444444444444;0.6666666666666666;0.3703703703703704;0.66;0.5;0.5800000000000001;0.5800000000000001;1.0;1.0;1.0;1.0;1.0;1.0;1.0;1.0;1.0;1.0;1.0;1.0;1;1;0;0;1;6;6;6;6;5;5;6;5;4;3;4;6;3;6;7;5;2;4;3;200;30000;3000;6;4;1;7;7;7;7;4;1;1;2;2;4;3;4;4;3;2;7;3;2;1;3;5;2;3;-5
"1-5-0 (2020-11-16)";"doi.org/10.14281/18241.1";2018;410;"KOR";732;"ROK";410070062;20171231;201712;201801;15.54;16.34;40;1;410011;410001;8;5;1;1;62;2390;"ko";2;1;1.0;0.8032128514056225;41453.815261044176;1;1;1;2;2;3;1;2;2;1;1;1;2;1;2;2;2;1;2;1;2;2;2;1;2;2;3;2;3;3;2;2;3;3;1;1;2;1;2;2;3;2;4;3;3;2;2;3;2;2;9;7;7;4;4;4;4;4;1;2;1;3;2;3;3;3;2;2;3;2;2;2;3;2;3;2;1;2;1;2;2;2;1;1;2;2;2;2;2;2;2;2;2;3;3;1;2;0;0;0;0;0;0;0;0;0;0;0;0;3;9;8;8;7;2;4;1;2;1;1;2;1;2;9;5;2;1;2;1;1;2;1;1;3;2;4;4;4;4;4;4;4;2;2;2;4;4;2;2;4;4;4;1;2;2;1;4;3;2;1;3;3;7;5;7;2;3;3;2;2;2;2;3;3;7;8;3;1;2;2;2;3;1;2;1;5;2;2;5;5;3;7;2;2;2;3;2;3;9;3;3;4;3;3;5;2;5;1;4;1;2;2;1;2;2;3;2;2;3;2;2;2;3;3;2;1;410002;410002;410002;2;3;2;3;3;1;2;2;1;1;2;2;2;4;1;3;3;7;2;10;8;8;9;8;9;7;8;9;7;2;2;3;3;3;4;4;2;1975;42;3;2;1;1;1;410;410;410;1;3;1;2390;1;1;6;3;6;3;3;2;6;3;5;1;-3;3;3;-3;2;1;3;6;2;0;100000020;410004;2;2;1;0.6641666666666667;0.7750000000000001;0.4429166666666666;0.4700000000000001;1.0;0.33;0.66;0.6633333333333334;0.66;1.0;1.0;0.8866666666666667;1.0;1.0;0.0;0.6666666666666666;0.33;0.33;0.66;0.44;0.0;1.0;1.0;0.6666666666666666;0.5;0.66;0.66;0.6066666666666668;0.4444444444444444;0.1111111111111111;0.4444444444444444;0.3333333333333333;0.33;0.0;0.165;0.165;1.0;1.0;1.0;1.0;1.0;1.0;1.0;1.0;1.0;1.0;1.0;1.0;0;0;1;0;1;8;6;5;8;6;7;5;4;7;7;7;8;8;8;5;8;-3;-3;2;350;30000;0;-3;5;1;-3;-3;-3;8;6;1;3;3;6;9;1;3;5;6;3;1;3;2;2;1;8;1;5;4
"1-5-0 (2020-11-16)";"doi.org/10.14281/18241.1";2018;410;"KOR";732;"ROK";410070063;20171231;201712;201801;16.03;20.14;251;1;410011;410001;8;5;1;1;63;2390;"ko";2;2;1.0;0.8032128514056225;41453.815261044176;1;1;1;3;1;3;1;1;1;2;1;2;2;1;2;2;2;1;2;1;2;1;2;1;2;1;2;2;2;3;3;3;2;1;3;3;3;3;2;2;3;3;2;3;3;2;3;2;2;2;6;6;5;3;3;2;3;3;2;2;3;3;3;2;3;3;2;3;3;3;3;3;2;2;3;3;2;3;2;3;3;2;3;2;2;2;2;3;2;3;3;2;3;6;1;1;2;0;0;0;0;0;0;0;0;0;0;0;0;6;7;5;6;6;1;7;2;3;3;2;3;2;3;6;2;1;1;1;2;0;1;1;1;3;2;2;3;2;2;3;2;3;1;1;2;2;3;2;2;3;2;3;1;1;2;3;1;2;3;2;3;6;7;6;7;6;7;7;2;2;1;1;3;2;4;6;2;2;1;7;6;7;6;7;6;7;7;7;7;6;7;8;7;7;6;7;7;7;6;3;3;3;3;2;4;1;4;1;1;1;1;1;3;3;3;3;3;3;3;3;3;3;3;3;3;3;410002;410002;410002;2;2;3;3;2;3;2;3;3;3;2;2;2;3;3;3;3;7;5;6;6;7;6;6;7;5;7;6;6;3;3;2;2;2;3;3;1;1989;28;2;1;1;1;1;410;410;410;1;4;2;2390;6;0;5;3;-3;-3;3;2;3;2;1;-3;5;-3;4;2;2;2;3;4;2;0;100000020;410004;4;2;2;0.6916666666666667;0.6083333333333334;0.7275;0.54;0.5;0.66;0.33;0.49666666666666676;0.66;1.0;0.5;0.7200000000000001;1.0;1.0;1.0;1.0;0.66;0.66;0.33;0.5499999999999999;1.0;1.0;1.0;1.0;0.25;0.33;0.66;0.41333333333333333;0.6666666666666666;0.6666666666666666;0.6666666666666666;0.6666666666666666;0.66;1.0;0.8300000000000001;0.8300000000000001;1.0;1.0;1.0;1.0;1.0;1.0;1.0;1.0;1.0;1.0;1.0;1.0;1;1;0;1;1;6;6;5;7;6;6;7;6;7;6;5;7;7;6;6;6;1;4;3;450;18000;3000;8;4;1;7;6;7;6;5;1;1;5;6;6;1;4;5;6;3;7;3;3;3;3;7;1;4;-3
"1-5-0 (2020-11-16)";"doi.org/10.14281/18241.1";2018;410;"KOR";732;"ROK";410070064;20171231;201712;201801;16.32;17.02;30;1;410027;410003;8;5;2;1;64;2390;"ko";3;1;1.0;0.8032128514056225;41453.815261044176;1;2;2;2;2;2;1;2;1;2;2;1;1;2;2;2;1;1;2;1;1;1;2;1;2;2;2;3;3;3;3;3;3;3;2;1;2;1;4;3;3;2;3;3;2;1;1;1;2;2;7;8;7;4;4;4;4;4;3;2;1;2;3;4;3;3;2;2;3;2;3;2;2;3;3;3;3;3;3;3;2;2;2;2;2;2;2;2;2;2;2;2;3;7;3;1;2;0;0;0;0;0;0;0;0;1;0;0;0;8;7;6;6;4;2;4;2;2;2;2;2;1;3;4;3;0;2;2;2;0;2;2;2;2;3;3;3;4;4;4;4;4;1;1;2;2;2;2;2;2;3;3;2;1;2;2;1;3;1;1;2;8;7;7;7;6;6;4;2;2;2;2;3;3;6;7;3;2;2;7;2;1;1;1;1;2;3;2;5;5;1;5;1;1;1;1;2;2;3;2;2;2;3;2;5;1;5;1;3;1;3;2;3;3;3;3;3;3;2;3;2;2;3;2;2;2;410002;410002;410002;3;3;2;3;3;3;3;4;3;3;3;2;2;3;3;3;6;7;7;6;6;7;6;7;2;4;7;8;6;2;3;2;2;3;3;3;2;1981;36;3;2;1;1;1;410;410;410;1;3;1;2390;1;3;6;3;5;3;3;2;3;2;5;1;-3;3;5;-3;2;2;5;3;1;0;100000020;410004;1;1;-1;0.3452777777777778;0.5255555555555556;0.20722222222222225;0.4144444444444445;0.0;0.66;0.33;0.33;0.33;1.0;0.8333333333333334;0.7211111111111111;0.0;0.0;0.0;0.0;0.33;0.33;0.33;0.33;0.0;0.0;0.0;0.0;0.5;0.66;0.66;0.6066666666666668;0.1111111111111111;0.1111111111111111;0.4444444444444444;0.22222222222222224;0.0;0.0;0.0;0.0;1.0;1.0;1.0;1.0;1.0;1.0;1.0;1.0;1.0;1.0;1.0;1.0;0;0;0;0;1;6;8;7;7;7;4;5;4;8;8;8;8;8;5;8;6;-3;-3;3;300;10000;3000;-3;3;2;-3;-3;-3;8;3;1;1;4;3;6;5;4;4;4;3;1;3;2;2;2;6;4;4;4
"1-5-0 (2020-11-16)";"doi.org/10.14281/18241.1";2018;410;"KOR";732;"ROK";410070065;20171231;201712;201801;17.06;18.03;58;1;410011;410001;8;5;1;1;65;2390;"ko";1;1;1.0;0.8032128514056225;41453.815261044176;1;1;2;1;1;3;2;1;2;1;2;1;2;1;2;1;2;1;2;1;2;2;2;1;2;2;1;2;3;3;3;3;3;3;2;1;4;2;3;3;2;3;3;2;2;2;2;3;2;2;8;8;7;4;4;4;4;4;1;2;1;1;1;3;2;2;3;2;3;3;3;2;2;2;4;4;3;3;2;3;2;2;2;1;2;2;1;2;2;2;2;2;2;6;3;1;2;0;0;0;0;0;0;0;0;0;0;0;0;6;6;4;4;6;1;4;2;3;3;3;3;2;3;4;4;2;2;1;1;1;1;0;1;1;3;4;3;4;4;4;3;3;1;1;2;2;2;2;2;2;2;2;1;2;1;2;1;1;3;3;2;7;8;8;6;5;8;3;2;2;2;2;3;4;7;8;3;2;2;8;1;3;1;2;3;3;3;5;5;5;1;4;1;1;1;1;1;1;1;4;3;3;1;2;5;1;5;1;5;5;5;1;2;2;2;2;2;2;2;2;1;3;2;3;2;1;-2;-2;-2;2;4;2;2;3;2;3;4;1;3;1;2;2;3;2;3;3;7;3;7;9;6;8;8;7;8;10;7;6;3;3;1;1;1;3;3;1;1987;30;2;2;1;1;1;410;410;410;1;4;2;2390;6;0;6;3;-3;-3;3;2;3;2;1;-3;3;-3;3;2;1;2;3;6;2;0;100000020;410004;2;1;2;0.6925;0.72;0.4109259259259259;0.4885185185185186;1.0;0.66;0.0;0.5533333333333333;0.66;1.0;1.0;0.8866666666666667;1.0;1.0;1.0;1.0;0.33;0.33;0.33;0.33;1.0;0.0;1.0;0.6666666666666666;0.5;0.66;0.66;0.6066666666666668;0.2222222222222222;0.4444444444444444;0.4444444444444444;0.3703703703703704;0.0;0.0;0.0;0.0;1.0;1.0;1.0;1.0;1.0;1.0;1.0;1.0;1.0;1.0;1.0;1.0;0;0;0;1;1;8;6;6;7;5;6;5;5;6;5;4;9;2;7;8;5;1;5;2;700;40000;0;7;4;1;8;9;7;7;5;1;2;3;3;7;2;3;3;3;2;1;2;4;1;3;7;1;4;-3
"1-5-0 (2020-11-16)";"doi.org/10.14281/18241.1";2018;410;"KOR";732;"ROK";410070066;20171231;201712;201801;17.26;18.11;45;1;410028;410004;8;5;2;1;66;2390;"ko";2;1;1.0;0.8032128514056225;41453.815261044176;1;2;2;2;2;2;1;1;1;1;1;2;2;2;2;2;2;1;2;1;2;1;2;1;2;2;3;2;3;3;3;2;4;2;2;1;2;1;4;4;3;4;4;3;2;2;3;3;2;2;7;7;4;4;4;4;2;3;1;1;1;2;1;3;3;3;2;2;3;3;3;3;2;3;3;3;2;2;3;3;2;2;2;3;3;3;3;3;3;3;3;2;3;5;3;1;2;2;0;0;0;0;0;0;0;0;0;0;0;4;5;4;6;3;2;7;3;3;3;3;3;3;2;7;2;2;1;1;1;2;1;1;1;2;2;3;3;3;3;3;3;2;2;2;2;3;3;2;2;1;2;2;1;2;1;1;2;1;3;1;3;7;7;6;7;7;7;8;1;1;1;1;2;2;2;2;1;1;2;7;6;4;4;8;8;8;8;6;4;4;4;5;3;3;3;4;3;3;3;2;2;2;2;2;5;2;5;2;5;5;3;3;1;3;3;3;3;3;3;3;2;3;3;3;1;1;-2;-2;-2;2;2;3;2;2;3;3;3;2;2;2;2;2;3;3;2;5;7;3;4;6;6;7;8;7;7;7;6;7;2;2;2;2;2;3;2;2;1959;58;5;3;1;1;1;410;410;410;1;2;1;2390;1;2;3;2;3;2;0;1;0;1;5;1;-3;6;9;-3;2;2;3;4;2;2;20000000;410004;1;1;1;0.5672222222222223;0.4144444444444445;0.5613888888888889;0.6227777777777778;1.0;0.33;0.66;0.6633333333333334;0.33;0.0;0.16666666666666666;0.16555555555555557;1.0;1.0;1.0;1.0;0.33;0.66;0.33;0.44;1.0;1.0;1.0;1.0;0.75;0.66;0.66;0.6900000000000001;0.7777777777777778;0.5555555555555556;0.3333333333333333;0.5555555555555555;0.0;0.0;0.0;0.0;1.0;1.0;1.0;1.0;1.0;1.0;1.0;1.0;1.0;1.0;1.0;1.0;0;0;0;0;1;7;6;6;6;6;3;2;4;3;3;4;7;4;6;5;7;-3;-3;3;200;20000;0;6;4;1;6;6;6;7;4;1;1;3;4;5;4;4;4;3;2;3;2;2;3;3;5;4;4;4
"1-5-0 (2020-11-16)";"doi.org/10.14281/18241.1";2018;410;"KOR";732;"ROK";410070067;20171231;201712;201801;17.28;17.59;31;1;410011;410001;8;5;1;1;67;2390;"ko";2;1;1.0;0.8032128514056225;41453.815261044176;1;1;1;2;2;2;1;1;2;1;2;2;1;1;2;2;2;1;2;1;1;2;2;1;2;2;3;2;3;4;4;1;5;2;2;1;1;1;4;4;2;1;1;3;3;2;1;1;3;1;4;4;4;4;4;4;4;4;1;2;2;2;3;3;4;2;2;3;3;3;2;3;3;4;4;4;4;3;4;3;3;2;4;2;3;3;3;2;3;2;2;2;2;3;3;1;2;1;0;0;0;0;0;0;0;0;0;0;0;1;8;3;8;9;1;10;2;2;3;3;4;3;4;9;2;2;2;0;0;0;2;0;0;2;3;4;4;4;4;4;4;4;2;2;2;4;3;2;2;4;4;4;1;1;2;2;3;2;4;4;2;4;6;4;4;7;4;1;1;2;1;2;4;4;2;4;2;2;1;5;1;1;1;1;1;8;1;9;9;7;8;8;1;1;1;1;1;1;9;3;3;4;2;2;4;4;2;1;2;1;1;1;1;2;1;2;1;2;1;1;1;2;2;2;2;2;-2;-2;-2;2;2;2;3;3;2;3;3;2;2;1;3;3;3;3;3;2;7;3;7;7;1;9;8;8;9;9;9;9;3;3;2;2;2;2;3;2;1989;28;2;1;1;1;1;410;410;410;1;3;1;2390;1;1;6;3;6;3;6;3;6;3;5;1;-3;3;3;-3;2;3;3;4;2;1;10100000;410004;4;3;2;0.3997222222222222;0.46944444444444444;0.7887962962962962;0.8692592592592592;0.0;0.66;0.66;0.44;0.33;1.0;0.16666666666666666;0.49888888888888894;0.0;0.0;0.0;0.0;0.66;0.66;0.66;0.66;1.0;0.0;1.0;0.6666666666666666;1.0;0.66;1.0;0.8866666666666667;0.7777777777777778;0.8888888888888888;0.8888888888888888;0.8518518518518517;1.0;0.5;0.75;0.75;1.0;1.0;1.0;1.0;1.0;1.0;1.0;1.0;1.0;1.0;1.0;1.0;1;1;1;0;1;4;3;5;4;3;3;2;2;2;2;2;7;3;6;4;7;-3;-3;3;300;40000;10000;-3;3;1;-3;-3;-3;4;4;1;3;6;7;9;2;2;5;7;3;1;4;4;3;2;9;2;2;4
"1-5-0 (2020-11-16)";"doi.org/10.14281/18241.1";2018;410;"KOR";732;"ROK";410070068;20171231;201712;201801;17.38;18.26;48;1;410011;410001;8;5;1;1;68;2390;"ko";2;1;1.0;0.8032128514056225;41453.815261044176;1;2;2;2;2;3;1;1;2;1;2;1;2;1;2;2;2;1;2;1;2;1;2;1;2;2;2;2;3;3;2;3;4;2;4;2;4;2;4;2;2;2;2;3;2;2;2;3;2;2;6;7;7;4;4;4;4;4;1;2;2;2;2;3;3;3;3;3;3;3;3;3;2;2;3;2;2;3;3;2;2;3;3;2;3;3;2;3;2;2;3;3;2;7;2;3;2;0;0;0;0;0;0;0;0;0;2;0;1;6;4;5;4;8;2;7;2;2;2;2;2;2;2;7;2;2;1;2;1;1;0;0;1;2;2;3;3;3;3;3;3;3;2;2;2;3;3;2;2;2;3;3;1;1;1;2;3;1;3;2;1;7;8;6;7;8;8;3;2;2;2;2;3;3;7;8;3;2;2;5;3;4;3;3;3;3;4;6;7;7;5;6;3;3;3;4;4;5;7;2;2;2;3;2;5;1;3;1;3;1;3;1;2;2;2;2;2;1;2;2;2;2;2;2;1;1;410002;410002;410002;3;3;3;3;2;3;3;3;3;3;2;3;3;3;2;3;5;7;3;7;7;5;8;8;4;5;7;8;7;2;2;2;3;3;3;3;2;1970;47;4;2;1;1;1;410;410;410;1;2;1;2390;1;2;5;3;6;3;2;1;2;1;1;1;3;3;3;1;2;1;2;7;2;0;100000020;410004;2;1;2;0.7474999999999999;0.72;0.5220370370370371;0.5857407407407408;1.0;0.33;0.33;0.5533333333333333;0.66;1.0;1.0;0.8866666666666667;1.0;1.0;1.0;1.0;0.66;0.66;0.33;0.5499999999999999;1.0;0.0;1.0;0.6666666666666666;0.75;0.66;0.66;0.6900000000000001;0.2222222222222222;0.5555555555555556;0.6666666666666666;0.48148148148148157;0.0;0.5;0.25;0.25;1.0;1.0;1.0;1.0;1.0;1.0;1.0;1.0;1.0;1.0;1.0;1.0;1;0;0;1;0;8;5;6;7;7;4;4;3;3;3;4;8;4;6;7;7;1;4;2;450;47000;10000;8;6;1;8;7;7;8;7;1;1;4;5;7;2;2;4;4;2;1;3;3;2;2;7;2;3;4
"1-5-0 (2020-11-16)";"doi.org/10.14281/18241.1";2018;410;"KOR";732;"ROK";410070069;20171231;201712;201801;18.16;19.06;49;1;410011;410001;8;5;1;1;69;2390;"ko";1;1;1.0;0.8032128514056225;41453.815261044176;1;2;1;1;2;3;1;1;2;1;2;1;2;1;2;2;2;1;2;2;2;1;2;2;2;2;2;3;3;4;4;3;4;2;2;1;3;3;4;2;3;2;2;3;2;3;2;1;2;2;9;8;8;2;3;3;2;3;1;1;1;2;2;3;2;2;2;2;3;2;1;2;2;2;3;3;3;2;2;3;3;2;2;2;3;3;3;4;3;4;4;4;4;9;3;1;2;0;0;0;0;0;0;0;0;0;0;0;1;8;3;6;6;5;1;6;2;1;2;2;2;2;3;7;3;1;1;1;2;1;2;2;1;2;2;3;2;3;3;4;4;2;1;2;2;2;2;2;2;2;2;2;1;1;1;3;2;2;4;3;2;3;1;2;2;2;8;5;1;1;2;2;4;4;6;7;2;2;2;3;3;2;1;1;1;5;7;5;6;6;4;4;1;3;1;1;1;1;2;2;4;4;1;1;5;1;2;1;2;1;1;1;2;2;2;2;2;2;1;1;1;2;2;2;2;1;410002;410002;410002;2;3;2;1;3;2;1;3;2;2;1;3;2;4;1;4;5;8;4;7;5;2;8;2;7;8;8;8;8;2;2;2;2;2;3;3;1;1977;40;3;2;1;1;1;410;410;410;1;4;1;2390;1;2;6;3;6;3;2;1;3;2;1;1;3;5;4;2;1;2;3;5;2;0;100000020;410004;5;3;2;0.42861111111111116;0.5255555555555557;0.7378703703703703;0.6424074074074074;0.0;0.33;0.33;0.22;0.66;1.0;0.8333333333333334;0.8311111111111112;1.0;0.0;0.0;0.3333333333333333;0.33;0.33;0.33;0.33;1.0;0.0;1.0;0.6666666666666666;0.75;0.66;1.0;0.8033333333333333;0.4444444444444444;0.4444444444444444;0.5555555555555556;0.48148148148148145;1.0;1.0;1.0;1.0;1.0;1.0;1.0;1.0;1.0;1.0;1.0;1.0;1.0;1.0;1.0;1.0;1;1;1;1;1;8;7;5;8;3;4;3;2;2;3;2;9;2;6;7;4;1;6;3;600;40000;7000;8;5;1;9;7;8;8;5;1;3;5;7;7;3;5;5;6;2;1;3;2;1;1;9;2;5;4
"1-5-0 (2020-11-16)";"doi.org/10.14281/18241.1";2018;410;"KOR";732;"ROK";410070070;20171231;201712;201801;18.26;18.5;24;1;410011;410001;8;5;1;1;70;2390;"ko";3;1;1.0;0.8032128514056225;41453.815261044176;2;2;3;3;2;3;1;2;1;1;2;2;1;1;2;2;2;1;2;1;2;2;2;2;1;2;2;1;1;2;2;2;3;3;2;1;2;1;3;2;2;3;2;2;2;1;1;1;2;2;8;8;9;3;4;4;4;4;2;2;1;2;2;3;3;3;2;2;3;2;3;2;2;2;2;2;2;3;3;2;2;3;2;2;3;3;2;2;3;2;2;2;2;8;3;3;2;0;0;0;0;0;1;0;0;0;1;0;0;7;6;7;8;8;1;7;2;1;2;2;2;2;2;7;2;1;2;1;1;1;1;1;1;3;3;3;3;3;2;3;3;2;1;2;2;2;2;2;2;2;3;2;1;2;2;1;2;2;3;1;2;8;8;7;8;7;8;8;2;2;2;2;3;3;6;7;2;1;1;7;8;8;8;6;7;6;7;6;5;6;7;7;6;6;6;6;5;6;6;2;3;3;4;3;4;1;4;2;5;1;4;2;3;3;2;3;2;3;3;3;2;3;3;3;1;3;410002;410002;410002;2;3;3;2;2;3;2;3;3;2;1;2;1;1;2;2;8;8;7;8;8;7;7;8;8;7;8;7;8;2;2;1;2;1;4;4;2;1972;45;4;2;1;1;1;410;410;410;1;4;2;2390;1;2;3;2;6;3;1;1;2;1;5;1;-3;3;10;-3;2;1;3;5;2;1;10100000;410004;2;2;1;0.5952777777777778;0.5255555555555557;0.3646296296296296;0.3975925925925926;0.0;0.33;0.33;0.22;0.66;1.0;0.8333333333333334;0.8311111111111112;1.0;1.0;1.0;1.0;0.33;0.33;0.33;0.33;0.0;0.0;1.0;0.3333333333333333;0.5;0.0;0.33;0.27666666666666667;0.5555555555555556;0.5555555555555556;0.4444444444444444;0.5185185185185185;0.66;0.0;0.33;0.33;1.0;1.0;1.0;1.0;1.0;1.0;1.0;1.0;1.0;1.0;1.0;1.0;0;1;0;0;1;8;9;8;8;9;8;8;8;7;7;7;8;6;6;8;8;-3;-3;3;350;45000;3000;9;5;2;9;8;9;9;8;1;1;6;4;7;1;4;6;5;2;1;2;2;2;2;8;2;5;4
"1-5-0 (2020-11-16)";"doi.org/10.14281/18241.1";2018;410;"KOR";732;"ROK";410070071;20171231;201712;201801;18.33;19.12;40;1;410011;410001;8;5;1;1;71;2390;"ko";2;1;1.0;0.8032128514056225;41453.815261044176;2;2;3;2;2;3;2;1;1;1;1;1;2;2;2;2;2;1;2;1;2;2;2;2;2;2;3;3;3;4;2;3;2;1;2;1;2;1;2;3;3;2;4;4;2;1;1;3;3;2;9;6;6;4;4;4;4;4;2;1;2;2;3;4;2;2;2;2;3;3;3;3;3;2;3;2;2;2;2;3;2;3;2;2;2;2;2;2;2;2;2;2;2;9;3;3;3;0;0;0;0;0;0;0;0;0;0;0;0;8;7;7;2;8;1;8;2;2;1;1;3;2;3;9;3;2;1;2;2;1;0;0;1;3;2;4;3;4;4;4;4;4;1;2;2;3;3;2;2;2;3;3;1;2;1;3;1;3;4;4;2;2;3;3;7;8;7;2;2;2;2;2;4;4;7;8;3;1;1;9;1;2;1;1;1;8;1;9;9;8;7;8;2;3;2;2;1;2;2;3;3;3;2;2;1;2;2;1;2;1;2;2;2;2;2;2;2;2;2;2;2;2;2;2;2;2;-2;-2;-2;2;2;2;3;3;2;2;4;2;4;1;2;2;4;2;3;7;6;5;7;7;2;9;8;8;8;9;9;8;2;3;2;2;3;4;4;1;1973;44;3;2;1;1;1;410;410;410;1;3;2;2390;6;0;6;3;-3;-3;1;1;1;1;1;-3;3;-3;8;2;1;2;3;5;2;0;100000020;410004;3;2;1;0.6358333333333334;0.8300000000000001;0.7883796296296296;0.7442592592592592;1.0;0.66;0.66;0.7733333333333334;0.66;1.0;1.0;0.8866666666666667;1.0;0.0;0.0;0.3333333333333333;0.33;0.66;0.66;0.55;1.0;1.0;1.0;1.0;0.25;0.66;1.0;0.6366666666666667;0.7777777777777778;0.8888888888888888;0.8888888888888888;0.8518518518518517;0.33;1.0;0.665;0.665;1.0;1.0;1.0;1.0;1.0;1.0;1.0;1.0;1.0;1.0;1.0;1.0;1;0;1;0;1;5;4;4;6;3;2;2;3;3;2;5;5;5;7;7;8;1;2;3;450;50000;0;7;5;1;7;6;8;7;7;2;1;5;4;5;3;8;4;5;3;3;2;3;3;2;5;3;8;4
"1-5-0 (2020-11-16)";"doi.org/10.14281/18241.1";2018;410;"KOR";732;"ROK";410070072;20171231;201712;201801;19.07;20.0;53;1;410011;410001;8;5;1;1;72;2390;"ko";2;1;1.0;0.8032128514056225;41453.815261044176;2;2;2;2;2;3;2;1;2;1;2;1;2;1;2;1;2;1;2;1;2;1;2;1;2;2;2;2;3;3;2;3;2;1;3;3;3;3;3;3;2;2;3;3;2;2;2;2;2;2;7;7;5;4;4;4;4;4;3;2;2;2;2;3;3;3;3;3;3;3;3;3;2;2;3;3;3;3;2;3;3;2;2;2;3;3;3;2;3;2;2;2;2;5;2;2;1;0;0;0;0;0;0;0;0;0;0;0;0;8;5;4;5;4;2;5;2;2;2;2;2;2;3;5;2;2;1;2;1;1;1;1;1;2;2;3;3;3;3;3;3;3;2;2;2;2;2;2;2;3;3;3;1;1;1;1;3;3;1;2;4;6;7;3;6;7;7;3;2;2;2;2;3;3;7;8;3;2;2;4;3;4;2;3;4;5;6;5;6;6;5;4;3;3;3;5;5;5;4;2;2;2;3;2;5;2;5;1;2;1;2;1;2;2;2;2;2;2;2;2;2;2;2;2;2;2;-2;-2;-2;3;3;3;2;2;3;3;2;2;2;2;2;2;3;2;3;4;8;5;7;7;5;9;7;3;5;7;7;7;2;2;2;3;3;3;3;1;1992;25;2;1;1;1;1;410;410;410;1;4;2;2390;6;0;3;2;-3;-3;3;2;3;2;7;-3;-3;-3;6;-3;2;2;3;4;2;0;100000020;410004;2;1;2;0.7058333333333333;0.6366666666666667;0.48037037037037034;0.5024074074074074;0.5;0.33;0.33;0.3866666666666667;0.66;1.0;1.0;0.8866666666666667;1.0;1.0;1.0;1.0;0.66;0.66;0.33;0.5499999999999999;1.0;0.0;1.0;0.6666666666666666;0.25;0.66;0.66;0.5233333333333333;0.4444444444444444;0.4444444444444444;0.5555555555555556;0.48148148148148145;0.0;0.5;0.25;0.25;1.0;1.0;1.0;1.0;1.0;1.0;1.0;1.0;1.0;1.0;1.0;1.0;1;0;0;1;0;7;3;6;5;4;5;4;4;7;3;3;8;5;6;7;6;-3;-3;2;350;25000;0;-3;4;1;-3;-3;-3;7;3;1;2;3;3;5;2;6;4;3;2;7;2;2;3;2;6;3;6;-3
"1-5-0 (2020-11-16)";"doi.org/10.14281/18241.1";2018;410;"KOR";732;"ROK";410070073;20171231;201712;201801;19.39;20.33;53;1;410011;410001;8;5;1;1;73;2390;"ko";2;1;1.0;0.8032128514056225;41453.815261044176;1;1;2;2;2;3;1;2;1;1;1;1;2;2;2;2;2;1;2;1;2;1;2;1;2;2;2;3;3;2;2;3;2;1;2;1;2;1;3;2;4;2;3;2;2;2;2;2;2;2;5;7;7;4;4;4;4;4;3;1;2;2;2;3;3;3;2;3;2;2;2;2;2;3;3;3;2;2;2;3;2;2;2;2;2;2;2;2;2;2;2;2;2;7;3;1;2;0;0;0;0;0;0;0;0;0;0;0;0;7;6;4;5;4;1;6;2;1;2;2;2;1;2;5;3;2;1;1;1;2;2;1;1;3;3;3;3;3;4;4;2;3;1;1;2;3;2;2;2;2;3;3;2;2;1;2;4;3;1;4;2;7;8;5;4;5;7;5;1;2;2;2;3;3;7;8;3;1;2;6;3;4;3;3;2;2;3;4;5;4;5;3;4;2;2;3;4;4;5;2;2;3;3;2;4;1;3;2;4;2;4;2;2;2;3;3;2;3;3;2;2;3;3;3;1;1;410002;410002;410002;2;3;2;2;3;2;2;4;2;2;2;2;3;3;2;3;7;6;4;6;5;5;6;4;5;5;7;6;7;2;1;1;3;1;3;3;2;1968;49;4;2;1;1;1;410;410;410;1;4;1;2390;1;2;3;2;3;2;2;1;3;2;3;3;5;4;4;3;2;1;3;5;2;0;100000020;410004;1;1;0;0.6508333333333333;0.5816666666666667;0.3440740740740741;0.3548148148148148;0.5;0.0;0.33;0.27666666666666667;0.66;1.0;1.0;0.8866666666666667;1.0;1.0;1.0;1.0;0.66;0.33;0.33;0.44;0.0;1.0;1.0;0.6666666666666666;0.25;0.66;0.33;0.4133333333333334;0.1111111111111111;0.3333333333333333;0.4444444444444444;0.2962962962962963;0.0;0.0;0.0;0.0;1.0;1.0;1.0;1.0;1.0;1.0;1.0;1.0;1.0;1.0;1.0;1.0;0;0;0;0;1;7;8;7;8;7;8;7;8;7;8;8;8;7;7;8;6;4;1;2;600;100000;5000;7;5;1;7;8;7;7;7;1;1;6;5;7;6;5;5;5;3;1;2;3;2;3;8;7;5;4
"1-5-0 (2020-11-16)";"doi.org/10.14281/18241.1";2018;410;"KOR";732;"ROK";410070074;20171231;201712;201801;19.57;20.17;20;1;410011;410001;8;5;1;1;74;2390;"ko";1;1;1.0;0.8032128514056225;41453.815261044176;1;2;2;2;2;3;1;2;1;1;1;2;1;2;2;2;2;1;2;1;1;2;2;2;2;2;2;2;1;1;2;2;2;1;2;1;1;1;1;3;2;3;3;2;2;2;2;2;2;2;8;7;8;3;3;2;3;4;3;2;2;2;3;2;3;2;2;2;3;2;2;3;2;2;3;3;3;2;2;3;3;2;3;2;2;2;3;3;2;3;2;3;3;7;3;3;1;1;1;0;1;1;1;0;0;1;1;0;1;7;8;8;7;8;2;8;2;3;2;2;2;2;2;7;3;1;1;2;2;1;1;2;1;3;2;2;2;3;3;2;2;2;2;2;2;2;2;2;2;2;2;2;2;2;2;3;1;2;3;2;3;7;7;8;7;8;7;8;2;1;2;2;2;2;6;7;3;2;2;7;7;8;8;8;8;7;8;8;7;7;8;7;7;8;7;8;7;7;8;2;2;2;3;2;2;3;2;2;3;3;3;3;2;2;2;2;3;3;3;3;3;3;3;3;3;3;410002;410002;410002;3;3;2;2;3;3;2;3;3;2;2;2;2;3;3;2;6;7;6;7;7;6;7;6;7;6;7;7;8;2;2;2;2;2;3;3;2;1966;51;4;3;1;1;1;410;410;410;1;5;2;2390;1;3;5;3;6;3;1;1;1;1;5;1;-3;3;9;-3;2;2;2;7;2;7;70000000;410004;4;2;0;0.6644444444444445;0.608888888888889;0.570925925925926;0.39351851851851855;0.5;0.33;0.33;0.3866666666666667;0.66;1.0;0.8333333333333334;0.8311111111111112;1.0;1.0;1.0;1.0;0.33;0.66;0.33;0.44;0.0;1.0;1.0;0.6666666666666666;0.25;0.0;0.0;0.08333333333333333;0.6666666666666666;0.7777777777777778;0.6666666666666666;0.7037037037037037;0.66;1.0;0.8300000000000001;0.8300000000000001;1.0;1.0;1.0;1.0;1.0;1.0;1.0;1.0;1.0;1.0;1.0;1.0;1;1;0;1;1;7;9;8;8;9;8;7;8;7;7;8;8;7;8;7;8;-3;-3;2;500;70000;4500;-3;6;1;-3;-3;-3;8;7;1;1;6;2;8;4;5;6;3;2;1;2;2;2;2;9;3;5;4
"1-5-0 (2020-11-16)";"doi.org/10.14281/18241.1";2018;410;"KOR";732;"ROK";410070075;20171231;201712;201801;20.1;20.43;33;1;410028;410004;8;5;2;1;75;2390;"ko";2;1;1.0;0.8032128514056225;41453.815261044176;1;2;3;3;2;2;2;1;1;1;2;1;1;2;2;2;2;1;1;1;1;1;2;2;2;2;2;2;2;2;2;2;2;1;2;1;3;3;2;3;2;2;2;3;2;1;2;1;2;2;8;8;6;4;4;4;4;4;1;2;1;1;1;3;2;3;2;2;2;3;3;3;3;3;3;2;2;2;2;2;2;2;2;3;3;3;3;3;3;3;3;2;3;8;1;1;1;2;1;1;1;1;1;1;1;1;1;1;1;8;8;7;7;8;1;8;2;2;2;2;2;3;2;7;3;2;1;2;2;1;1;2;1;1;2;3;3;2;3;3;3;4;2;2;2;2;2;1;1;2;2;2;1;2;1;1;2;1;2;1;2;7;8;8;8;7;6;7;1;1;1;1;2;2;1;2;1;1;1;7;3;3;2;3;3;3;2;4;5;3;3;3;3;2;2;2;2;2;5;3;3;3;3;1;5;1;5;1;5;5;5;2;3;3;3;3;3;3;3;3;3;3;3;3;1;1;-2;-2;-2;1;3;3;3;2;2;2;2;3;3;2;2;2;2;2;3;7;7;7;9;8;8;8;8;8;7;8;8;8;2;2;2;2;2;3;3;2;1957;60;5;3;1;1;1;410;410;410;1;2;1;2390;1;2;3;2;3;2;1;1;1;1;1;1;5;6;9;2;1;2;3;4;2;2;20000000;410004;2;2;1;0.47000000000000003;0.165;0.3670833333333333;0.31833333333333336;0.0;0.33;0.33;0.22;0.33;0.0;0.0;0.11;1.0;1.0;1.0;1.0;0.33;0.66;0.66;0.55;1.0;0.0;1.0;0.6666666666666666;0.25;0.33;0.33;0.3033333333333334;0.2222222222222222;0.3333333333333333;0.4444444444444444;0.3333333333333333;0.33;0.0;0.165;0.165;1.0;1.0;1.0;1.0;1.0;1.0;1.0;1.0;1.0;1.0;1.0;1.0;0;0;1;0;1;7;8;8;7;7;7;8;7;8;8;8;7;7;8;8;7;4;1;3;350;18000;0;8;3;1;8;7;8;7;8;1;1;4;4;5;5;5;4;4;2;3;2;3;3;3;5;5;5;4
"1-5-0 (2020-11-16)";"doi.org/10.14281/18241.1";2018;410;"KOR";732;"ROK";410070076;20171231;201712;201801;20.37;21.03;26;1;410011;410001;8;5;1;1;76;2390;"ko";2;1;1.0;0.8032128514056225;41453.815261044176;2;2;2;2;2;3;1;1;2;1;2;1;2;1;2;2;2;1;1;1;1;1;2;1;2;2;2;2;3;3;2;2;2;1;2;1;3;3;3;2;3;3;2;3;2;2;2;3;3;2;7;4;4;4;4;4;4;4;2;2;1;2;2;3;3;3;3;3;3;3;3;3;3;3;4;4;3;3;3;3;3;2;2;3;3;3;2;3;2;2;2;3;2;8;2;2;3;0;0;0;0;0;0;0;0;0;0;0;1;8;8;5;4;8;2;8;2;2;2;2;2;2;2;7;3;1;1;2;1;1;1;2;1;3;2;3;3;3;3;3;3;3;2;2;2;2;2;2;2;3;3;3;1;1;2;3;1;3;1;2;1;5;4;4;7;6;7;2;2;2;2;2;3;3;7;8;3;2;2;4;3;3;2;3;4;3;5;6;7;7;4;3;2;2;3;4;5;6;7;2;2;2;3;2;5;2;5;1;3;1;1;1;2;2;2;2;2;2;2;2;2;2;2;2;1;1;410002;410002;410002;3;3;3;3;2;2;3;3;3;2;2;2;2;3;3;2;3;7;4;8;7;4;9;7;2;7;9;7;8;3;3;3;3;3;3;3;2;1998;19;1;1;1;1;1;410;410;410;1;4;2;2390;6;0;3;2;-3;-3;3;2;5;3;6;-3;-3;-3;3;-3;2;2;3;4;2;0;100000020;410004;2;1;2;0.8025000000000001;0.7750000000000001;0.5428703703703703;0.5024074074074074;1.0;0.66;0.33;0.6633333333333334;0.66;1.0;1.0;0.8866666666666667;1.0;1.0;1.0;1.0;0.66;0.66;0.66;0.66;1.0;0.0;1.0;0.6666666666666666;0.25;0.66;0.66;0.5233333333333333;0.2222222222222222;0.5555555555555556;0.6666666666666666;0.48148148148148157;0.0;1.0;0.5;0.5;1.0;1.0;1.0;1.0;1.0;1.0;1.0;1.0;1.0;1.0;1.0;1.0;1;0;0;1;0;5;5;4;5;3;3;3;4;3;3;3;5;4;6;7;3;-3;-3;2;500;50000;0;-3;4;1;-3;-3;-3;7;3;1;5;4;5;7;2;3;4;5;2;1;3;2;2;3;8;2;3;-3
"1-5-0 (2020-11-16)";"doi.org/10.14281/18241.1";2018;410;"KOR";732;"ROK";410070077;20171231;201712;201801;20.37;21.22;45;1;410011;410001;8;5;1;1;77;2390;"ko";1;1;1.0;0.8032128514056225;41453.815261044176;1;1;1;2;2;2;1;1;2;1;1;2;2;1;2;2;2;1;2;1;2;1;2;2;2;2;2;2;2;3;3;2;3;3;3;3;4;2;4;3;4;4;3;4;3;2;2;3;2;2;7;7;7;4;4;4;4;4;1;2;1;1;1;2;3;2;2;3;2;2;2;2;3;3;2;3;2;2;3;2;3;3;3;3;2;2;3;3;3;2;2;2;2;7;3;1;2;2;0;0;0;0;0;0;0;0;0;0;1;8;8;5;4;4;2;5;2;1;2;2;2;2;3;6;3;1;2;2;2;1;1;1;1;3;3;3;3;3;3;3;4;3;2;2;2;2;2;2;2;2;2;2;1;1;1;3;1;1;3;1;2;6;8;7;4;6;7;8;1;1;1;1;3;3;1;3;2;2;2;6;2;2;2;2;1;4;1;4;5;4;1;7;3;2;2;2;1;2;4;2;3;3;3;2;5;1;3;1;5;1;2;1;2;2;2;3;2;3;3;3;2;2;2;2;1;1;410001;410001;410001;2;2;3;2;2;2;2;2;3;2;2;3;3;3;2;3;8;4;4;5;5;3;3;3;8;7;8;8;7;2;2;2;1;1;3;3;2;1963;54;4;3;1;1;1;410;410;410;1;4;1;2390;1;2;3;2;6;3;1;1;2;1;5;1;-3;3;3;-3;2;2;3;6;2;2;20000000;410004;2;1;2;0.5533333333333333;0.49833333333333335;0.5917592592592593;0.4335185185185185;1.0;0.33;0.33;0.5533333333333333;0.33;1.0;0.0;0.44333333333333336;1.0;1.0;0.0;0.6666666666666666;0.66;0.33;0.66;0.5499999999999999;1.0;1.0;1.0;1.0;0.5;0.33;0.66;0.49666666666666676;0.3333333333333333;0.3333333333333333;0.4444444444444444;0.3703703703703703;0.0;1.0;0.5;0.5;1.0;1.0;1.0;1.0;1.0;1.0;1.0;1.0;1.0;1.0;1.0;1.0;1;0;0;0;1;8;8;6;8;7;7;5;4;5;5;6;8;6;6;7;6;-3;-3;3;500;50000;5000;9;5;1;9;8;8;8;8;1;2;5;6;5;8;5;6;4;2;2;2;3;1;2;5;8;5;4
"1-5-0 (2020-11-16)";"doi.org/10.14281/18241.1";2018;410;"KOR";732;"ROK";410070078;20171231;201712;201801;-5.0;-5.0;-5;1;410011;410001;8;5;1;1;78;2390;"ko";2;1;1.0;0.8032128514056225;41453.815261044176;1;2;2;2;2;2;1;1;2;1;2;1;2;1;2;2;2;1;2;1;1;1;2;1;2;1;2;2;3;3;2;2;2;1;2;1;3;3;3;2;3;2;2;3;2;2;1;2;2;2;7;8;8;4;4;4;4;4;3;1;1;2;2;2;3;3;2;2;3;3;3;3;2;2;3;3;3;2;3;3;3;2;2;3;3;3;3;2;2;2;3;3;2;8;2;3;2;0;0;0;0;0;0;0;0;0;2;0;1;7;4;4;6;7;1;7;2;2;2;2;3;2;4;8;4;1;1;2;1;0;0;0;0;3;2;3;2;3;3;3;2;3;2;2;2;3;3;2;2;3;3;3;1;1;2;3;1;2;1;2;1;6;5;3;8;6;7;2;2;2;2;2;3;3;7;8;3;2;2;4;3;3;2;3;4;5;6;7;7;8;7;6;2;3;2;4;5;6;6;2;2;2;2;2;5;1;3;1;3;1;1;1;2;3;2;2;2;1;2;2;1;2;2;2;1;1;410002;410002;410002;1;3;3;3;3;3;3;2;2;2;2;2;2;3;3;2;3;7;3;6;7;8;7;7;2;8;7;8;7;2;2;2;2;3;3;3;2;1984;33;2;2;1;1;1;410;410;410;1;3;1;2390;1;1;6;3;6;3;3;2;3;2;1;1;3;3;3;1;2;2;2;6;2;0;100000020;410004;3;2;2;0.6508333333333334;0.5816666666666668;0.6531481481481481;0.557962962962963;0.5;0.33;0.33;0.3866666666666667;0.33;1.0;1.0;0.7766666666666667;1.0;1.0;1.0;1.0;0.33;0.66;0.33;0.44;1.0;0.0;1.0;0.6666666666666666;0.25;0.66;0.66;0.5233333333333333;0.4444444444444444;0.6666666666666666;0.6666666666666666;0.5925925925925926;0.66;1.0;0.8300000000000001;0.8300000000000001;1.0;1.0;1.0;1.0;1.0;1.0;1.0;1.0;1.0;1.0;1.0;1.0;1;1;0;1;0;8;7;8;5;4;6;4;3;4;5;4;8;4;7;6;7;2;5;2;420;35000;12000;8;6;1;6;7;5;7;5;1;3;5;5;7;2;2;5;5;2;1;3;3;2;2;7;2;2;4
"1-5-0 (2020-11-16)";"doi.org/10.14281/18241.1";2018;410;"KOR";732;"ROK";410070079;20171231;201712;201801;21.49;22.21;32;1;410011;410001;8;5;1;1;79;2390;"ko";2;2;1.0;0.8032128514056225;41453.815261044176;1;1;1;3;1;3;1;1;1;1;1;2;2;2;2;2;2;1;1;1;2;1;2;1;2;1;2;2;3;2;3;3;2;1;3;3;2;1;4;3;3;2;3;3;2;3;2;3;2;2;5;7;6;2;2;3;3;2;3;2;1;2;2;3;3;3;2;3;2;3;3;3;3;3;2;3;2;3;3;3;2;3;3;2;3;3;3;2;2;2;3;2;2;7;1;3;1;0;0;0;0;0;0;0;0;0;0;0;0;7;6;7;6;6;2;6;2;2;3;3;2;2;3;6;3;1;1;1;2;1;0;1;1;3;3;2;3;3;3;2;3;3;2;2;2;3;3;2;2;3;2;3;1;2;2;3;4;2;4;3;2;8;7;6;7;6;7;5;2;2;1;1;2;2;5;5;2;1;2;6;5;7;6;3;2;3;2;4;5;4;1;2;1;4;2;3;2;2;2;2;3;3;3;2;4;3;5;1;1;1;5;1;2;2;2;3;1;1;2;3;2;2;2;2;1;2;-2;-2;-2;2;3;2;2;2;3;2;3;3;3;2;2;2;3;3;3;6;5;6;5;6;6;5;6;7;6;7;6;7;2;2;1;1;2;3;3;2;1971;46;4;2;1;1;1;410;410;410;1;4;1;2390;1;2;5;3;6;3;3;2;3;2;1;1;5;3;6;2;2;1;3;4;2;0;100000020;410004;5;3;1;0.7472222222222222;0.6644444444444444;0.6866666666666666;0.37333333333333335;1.0;0.33;0.33;0.5533333333333333;0.66;1.0;0.6666666666666666;0.7755555555555556;1.0;1.0;1.0;1.0;0.66;0.66;0.66;0.66;1.0;1.0;1.0;1.0;0.25;0.66;0.33;0.4133333333333334;0.2222222222222222;0.3333333333333333;0.4444444444444444;0.3333333333333333;1.0;1.0;1.0;1.0;1.0;1.0;1.0;1.0;1.0;1.0;1.0;1.0;1.0;1.0;1.0;1.0;1;1;1;1;1;6;7;6;7;7;7;6;7;6;7;6;7;7;7;7;6;4;1;3;400;23000;7000;7;4;1;6;7;7;7;6;1;3;2;7;7;1;2;2;5;2;1;2;2;3;3;8;1;2;4
"1-5-0 (2020-11-16)";"doi.org/10.14281/18241.1";2018;410;"KOR";732;"ROK";410070080;20180101;201712;201801;10.12;10.49;38;1;410041;410007;8;5;2;1;80;2390;"ko";2;2;1.0;0.8032128514056225;41453.815261044176;1;1;2;3;2;3;1;1;2;1;1;2;1;2;2;2;2;1;1;2;2;1;2;1;2;2;1;2;1;2;2;1;3;3;2;1;3;3;2;4;2;3;1;3;2;1;2;3;2;2;7;7;6;4;4;4;4;4;1;2;1;2;3;3;3;2;2;1;1;2;2;2;2;1;1;2;3;2;2;3;3;2;2;3;3;3;4;2;3;3;3;4;3;6;1;1;1;1;0;0;0;0;0;0;0;1;0;0;0;5;5;6;5;6;1;6;2;3;2;2;2;3;3;6;3;2;2;0;1;1;2;1;1;3;3;2;3;2;2;3;3;3;1;2;2;2;2;2;2;2;2;2;2;2;1;2;3;3;1;2;4;7;6;5;5;7;6;6;2;2;2;2;3;2;2;2;2;1;2;6;6;5;7;5;7;5;6;8;4;7;5;6;4;4;7;5;6;5;8;3;4;3;2;2;1;1;3;2;2;1;2;2;2;3;2;2;2;1;2;2;2;2;1;2;2;2;8;8;8;3;2;2;2;1;2;3;3;2;3;3;2;2;4;3;3;6;7;5;7;5;6;6;4;7;7;7;6;6;3;3;3;2;2;3;2;1;1959;58;5;3;1;1;1;410;410;410;1;2;1;2390;1;2;6;3;3;2;2;1;3;2;1;1;3;3;3;2;1;1;2;7;2;2;20000000;410004;2;1;1;0.5955555555555556;0.5811111111111111;0.5112962962962964;0.3975925925925926;1.0;0.66;0.0;0.5533333333333333;0.66;1.0;0.16666666666666666;0.6088888888888889;1.0;1.0;1.0;1.0;0.0;0.33;0.33;0.22;1.0;1.0;1.0;1.0;0.5;0.0;0.33;0.27666666666666667;0.4444444444444444;0.7777777777777778;0.3333333333333333;0.5185185185185185;0.0;0.5;0.25;0.25;1.0;1.0;1.0;1.0;1.0;1.0;1.0;1.0;1.0;1.0;1.0;1.0;1;0;0;1;0;7;4;4;5;6;5;7;5;8;4;7;6;6;6;5;8;1;3;2;450;65000;13000;7;6;1;9;6;5;9;7;2;2;4;3;5;4;3;3;2;2;2;2;3;1;2;6;3;4;4
"1-5-0 (2020-11-16)";"doi.org/10.14281/18241.1";2018;410;"KOR";732;"ROK";410070081;20180101;201712;201801;11.12;11.32;20;1;410041;410007;8;5;2;1;81;2390;"ko";2;1;1.0;0.8032128514056225;41453.815261044176;1;2;2;2;2;3;1;1;2;1;1;2;1;2;2;2;2;1;2;1;2;2;2;1;2;1;2;1;2;1;3;2;3;3;1;1;3;3;2;3;2;3;2;2;2;2;1;2;2;1;7;5;6;2;1;2;2;1;1;2;2;3;3;2;2;2;2;3;3;2;3;3;4;4;3;3;2;2;2;3;3;2;3;3;3;3;2;2;3;3;3;2;2;7;2;2;2;0;1;0;0;0;1;0;0;1;0;0;0;6;5;8;3;4;1;7;3;2;1;3;3;3;3;6;3;1;1;2;1;1;0;2;0;3;3;3;2;3;3;2;1;3;2;2;2;3;2;2;2;2;2;1;1;2;1;3;4;2;4;2;4;6;9;8;6;7;5;5;2;1;2;2;3;2;7;7;3;2;2;6;7;5;8;8;6;7;8;7;6;5;7;8;6;6;7;8;7;9;8;3;4;3;3;2;5;1;3;3;4;2;2;2;2;2;2;2;2;2;1;1;2;1;2;2;2;2;410008;410008;410008;3;2;4;3;2;2;3;3;2;3;2;2;3;4;3;2;7;7;6;8;9;8;6;6;7;9;8;6;7;3;2;1;1;1;2;2;1;1973;44;3;2;1;1;1;410;410;410;1;3;1;2390;1;3;6;3;6;3;2;1;3;2;1;1;6;4;6;2;1;1;3;5;2;0;100000020;410004;4;3;1;0.7616666666666667;0.6366666666666667;0.726574074074074;0.4531481481481482;0.5;0.33;0.33;0.3866666666666667;0.66;1.0;1.0;0.8866666666666667;1.0;1.0;1.0;1.0;0.66;0.66;1.0;0.7733333333333334;1.0;1.0;1.0;1.0;0.5;0.33;0.0;0.27666666666666667;0.6666666666666666;0.6666666666666666;0.5555555555555556;0.6296296296296297;1.0;1.0;1.0;1.0;1.0;1.0;1.0;1.0;1.0;1.0;1.0;1.0;1.0;1.0;1.0;1.0;1;1;1;1;0;8;5;6;4;5;7;5;5;5;7;5;7;6;5;8;9;1;2;3;500;20000;7000;8;5;2;9;7;6;8;7;1;4;4;2;6;5;3;4;1;3;3;1;3;2;3;6;3;4;4
"1-5-0 (2020-11-16)";"doi.org/10.14281/18241.1";2018;410;"KOR";732;"ROK";410070082;20180101;201712;201801;11.38;12.09;31;1;410041;410007;8;5;2;1;82;2390;"ko";1;2;1.0;0.8032128514056225;41453.815261044176;1;2;2;3;2;4;2;2;2;1;1;1;1;1;2;2;2;1;2;1;2;2;2;1;2;2;2;3;1;3;2;3;1;1;2;1;1;1;2;4;3;2;1;3;2;2;3;2;2;2;8;6;5;4;4;4;4;4;2;1;1;2;1;3;3;3;4;3;2;2;3;3;4;4;4;4;4;2;2;2;4;2;2;2;3;3;3;2;2;3;3;2;2;8;1;1;2;0;0;0;0;0;0;0;0;0;0;0;0;3;4;6;7;4;1;7;2;4;2;2;2;1;4;8;4;2;0;2;0;2;2;0;0;2;2;3;3;3;4;4;4;4;1;2;2;2;3;2;2;2;4;4;2;2;1;4;3;3;2;3;2;5;6;8;8;7;6;2;2;2;2;2;4;1;7;8;3;2;2;8;4;3;1;2;1;7;5;7;8;7;1;8;1;1;1;1;2;1;6;1;1;4;3;3;5;1;4;1;1;1;2;2;3;3;3;3;3;3;3;2;3;3;3;3;2;1;-2;-2;-2;1;4;3;3;3;1;3;4;1;1;1;3;4;4;2;4;3;8;1;9;7;1;3;5;3;7;10;7;6;2;2;2;2;2;3;4;2;1992;25;2;1;1;1;1;410;410;410;1;4;2;2390;6;0;5;3;-3;-3;3;2;6;3;1;-3;3;-3;3;2;2;1;3;5;2;0;100000020;410004;4;2;1;0.7066666666666667;0.6933333333333334;0.5013425925925926;0.46185185185185185;0.5;0.33;0.33;0.3866666666666667;1.0;1.0;1.0;1.0;1.0;1.0;0.0;0.6666666666666666;0.66;0.66;1.0;0.7733333333333334;0.0;1.0;1.0;0.6666666666666666;0.0;0.0;0.66;0.22;0.6666666666666666;0.6666666666666666;0.7777777777777778;0.7037037037037037;0.33;0.5;0.41500000000000004;0.41500000000000004;1.0;1.0;1.0;1.0;1.0;1.0;1.0;1.0;1.0;1.0;1.0;1.0;1;0;1;1;1;7;4;5;5;3;5;3;2;3;7;6;7;8;7;5;7;1;4;2;160;32000;3000;5;4;1;6;4;5;4;3;2;1;5;2;5;3;5;2;1;1;1;3;4;1;2;7;4;5;-3
"1-5-0 (2020-11-16)";"doi.org/10.14281/18241.1";2018;410;"KOR";732;"ROK";410070083;20180101;201712;201801;11.58;12.19;21;1;410041;410007;8;5;2;1;83;2390;"ko";1;1;1.0;0.8032128514056225;41453.815261044176;1;2;2;2;2;2;1;1;1;2;1;2;1;2;2;2;2;1;1;1;2;1;2;2;2;1;2;1;3;2;2;1;3;3;2;1;2;1;3;3;2;3;2;4;1;2;1;3;2;1;4;6;7;4;4;3;3;4;1;1;1;2;2;1;2;2;2;1;2;2;1;3;2;3;2;1;2;2;3;2;3;2;2;1;2;2;2;2;3;2;2;3;1;6;3;3;2;1;0;0;1;1;0;2;1;1;0;1;0;6;5;7;6;6;1;6;2;1;3;2;2;2;4;5;3;1;2;1;1;1;1;2;1;3;3;3;2;3;2;1;3;2;1;2;2;4;3;2;2;3;2;3;1;1;1;2;1;2;3;1;2;6;7;6;4;6;8;4;2;2;2;1;3;3;2;2;2;2;2;4;7;8;7;5;7;5;7;5;4;5;2;8;2;2;2;2;2;2;8;2;3;2;2;2;5;1;3;1;4;1;4;1;2;2;1;1;2;2;2;2;2;2;1;1;2;2;410002;410002;410002;2;3;1;2;3;2;3;1;2;2;2;2;1;3;2;2;6;5;7;5;5;6;5;6;7;7;8;7;8;2;2;3;2;2;3;2;2;1969;48;4;2;1;1;1;410;410;410;1;4;1;2390;1;4;3;2;3;2;2;1;2;1;1;1;5;6;9;2;2;1;3;4;2;1;10100000;410004;2;2;1;0.5955555555555556;0.5261111111111112;0.5585185185185185;0.45203703703703707;1.0;0.33;0.33;0.5533333333333333;0.33;1.0;0.16666666666666666;0.49888888888888894;1.0;1.0;1.0;1.0;0.0;0.66;0.33;0.33;1.0;1.0;1.0;1.0;0.5;0.66;0.33;0.49666666666666676;0.4444444444444444;0.4444444444444444;0.3333333333333333;0.4074074074074074;0.66;0.0;0.33;0.33;1.0;1.0;1.0;1.0;1.0;1.0;1.0;1.0;1.0;1.0;1.0;1.0;0;1;0;0;1;7;7;5;4;3;4;4;5;6;5;6;7;4;5;7;6;2;3;3;500;15000;5000;8;5;1;7;9;6;6;7;1;5;4;3;5;4;3;3;1;2;1;2;2;1;2;7;3;5;4
"1-5-0 (2020-11-16)";"doi.org/10.14281/18241.1";2018;410;"KOR";732;"ROK";410070084;20180101;201712;201801;12.13;13.33;80;1;410011;410001;8;5;1;1;84;2390;"ko";2;1;1.0;0.8032128514056225;41453.815261044176;1;2;2;2;1;2;2;1;1;1;2;1;1;2;2;2;2;1;2;2;2;1;2;2;2;2;2;3;2;1;2;2;2;1;2;1;2;1;4;2;3;2;2;2;2;2;2;2;2;2;7;7;7;4;4;4;4;4;3;2;1;2;3;3;3;3;3;3;2;2;3;2;2;2;2;3;2;3;2;3;2;2;2;2;2;2;2;2;1;2;3;2;2;7;3;2;2;0;0;0;0;0;0;0;0;0;0;0;0;6;6;7;7;6;1;7;3;2;3;3;2;3;3;8;3;1;1;2;1;1;2;1;1;2;3;4;3;3;4;4;4;4;1;1;2;2;2;1;2;2;2;3;2;1;1;3;2;2;3;2;3;8;7;7;7;7;6;8;2;2;2;2;2;2;7;8;3;2;2;8;8;7;8;8;6;7;7;7;7;5;3;6;6;8;7;7;6;7;6;2;2;2;3;3;5;1;5;2;5;2;5;3;3;3;3;3;3;3;3;3;3;3;3;3;1;1;410002;410002;410002;2;3;2;2;2;2;2;3;3;3;3;2;3;2;3;2;6;7;6;7;6;6;7;7;6;7;6;6;6;2;2;2;1;3;2;2;2;1955;62;5;3;1;1;1;410;410;410;1;4;1;2390;1;2;2;1;2;1;1;1;2;1;1;1;5;6;9;3;2;1;3;5;2;0;100000020;410004;4;2;1;0.6508333333333334;0.5816666666666668;0.5891666666666666;0.43;0.5;0.33;0.33;0.3866666666666667;0.33;1.0;1.0;0.7766666666666667;1.0;1.0;1.0;1.0;0.66;0.33;0.33;0.44;1.0;0.0;1.0;0.6666666666666666;0.25;0.33;0.0;0.19333333333333336;0.6666666666666666;0.6666666666666666;0.6666666666666666;0.6666666666666666;0.66;1.0;0.8300000000000001;0.8300000000000001;1.0;1.0;1.0;1.0;1.0;1.0;1.0;1.0;1.0;1.0;1.0;1.0;1;1;0;1;1;7;7;7;7;7;7;6;7;7;7;6;7;7;6;7;8;5;2;3;200;12000;500;8;5;1;6;8;8;7;7;1;1;4;4;5;5;5;5;5;3;2;2;3;2;3;5;5;4;1
"1-5-0 (2020-11-16)";"doi.org/10.14281/18241.1";2018;410;"KOR";732;"ROK";410070085;20180101;201712;201801;12.27;12.47;20;1;410041;410007;8;5;2;1;85;2390;"ko";2;1;1.0;0.8032128514056225;41453.815261044176;1;1;2;3;2;4;2;2;2;1;1;1;1;1;2;2;2;1;2;1;2;2;2;1;2;2;2;3;2;1;3;2;3;3;2;1;2;1;3;1;3;2;2;3;2;1;1;2;2;1;8;7;6;4;4;4;4;4;1;1;1;2;2;3;3;3;4;3;3;2;3;3;4;4;4;4;3;2;1;4;2;2;3;4;3;3;3;3;3;3;2;2;2;8;1;2;2;0;0;0;0;0;0;0;0;0;0;0;0;7;5;7;5;6;2;6;4;4;3;2;2;2;2;4;4;1;2;2;2;1;1;2;2;2;2;4;4;3;3;4;4;3;2;2;2;2;3;2;2;2;4;4;1;2;1;4;3;4;1;2;3;7;6;5;8;6;5;1;2;2;2;2;4;4;7;8;3;2;2;4;3;1;1;1;1;6;5;6;9;5;10;7;2;2;4;1;1;5;9;1;2;3;3;2;5;1;3;1;1;1;2;2;3;3;3;3;3;3;3;3;3;3;3;3;1;1;-2;-2;-2;1;4;3;3;2;2;3;3;2;1;2;3;3;4;3;4;2;9;7;5;7;5;9;8;7;9;7;8;5;2;2;2;1;2;2;2;1;1992;25;2;1;1;1;1;410;410;410;1;4;2;2390;1;1;3;2;3;2;3;2;3;2;1;2;5;5;6;2;1;2;3;4;2;0;100000020;410004;4;2;1;0.54;0.6933333333333334;0.5475;0.4716666666666667;0.5;0.33;0.33;0.3866666666666667;1.0;1.0;1.0;1.0;0.0;0.0;0.0;0.0;0.66;0.66;1.0;0.7733333333333334;0.0;1.0;1.0;0.6666666666666666;0.5;0.33;0.0;0.27666666666666667;0.5555555555555556;0.5555555555555556;0.8888888888888888;0.6666666666666666;0.66;0.5;0.5800000000000001;0.5800000000000001;1.0;1.0;1.0;1.0;1.0;1.0;1.0;1.0;1.0;1.0;1.0;1.0;1;1;0;1;1;6;5;7;6;4;7;5;6;3;6;5;4;7;3;2;7;1;2;3;650;28000;7000;7;4;1;5;6;4;6;4;3;1;3;2;2;3;4;2;2;2;3;4;1;1;1;6;4;5;-2
"1-5-0 (2020-11-16)";"doi.org/10.14281/18241.1";2018;410;"KOR";732;"ROK";410070086;20180101;201712;201801;13.0;13.27;27;1;410041;410007;8;5;2;1;86;2390;"ko";2;2;1.0;0.8032128514056225;41453.815261044176;1;1;2;2;3;2;2;1;1;1;1;2;1;2;2;2;2;1;2;1;2;1;2;1;2;1;2;1;3;2;3;2;3;3;2;1;3;3;1;2;3;3;2;2;3;2;3;2;2;2;3;6;7;3;2;1;3;2;1;1;2;2;2;3;3;2;2;3;2;3;3;2;2;2;3;2;3;2;3;3;2;2;3;2;2;2;3;3;1;1;2;3;3;6;1;2;2;0;0;0;0;0;0;0;0;0;0;0;0;7;6;5;6;4;1;8;3;2;2;3;2;2;2;6;3;2;2;0;0;1;1;0;1;2;2;2;3;2;3;3;3;4;1;2;2;2;3;2;2;2;1;3;2;2;1;3;1;2;4;1;2;4;5;4;4;6;5;7;2;2;2;2;3;2;6;7;2;2;2;4;6;4;5;2;2;1;2;3;8;6;2;3;2;2;2;2;1;2;7;3;2;3;2;2;2;1;2;2;3;2;5;2;2;2;1;1;2;2;1;1;2;2;1;1;2;2;410001;410001;410001;2;2;2;4;2;2;3;2;2;1;2;3;1;2;3;2;6;6;5;6;6;7;8;4;7;5;8;6;7;2;2;2;2;1;3;2;1;1958;59;5;3;1;1;1;410;410;410;1;2;1;2390;1;2;6;3;3;2;2;1;2;1;1;1;3;3;4;2;1;1;3;5;2;7;70000000;410004;4;3;1;0.6369444444444444;0.5538888888888889;0.7075;0.41500000000000004;0.5;0.33;0.33;0.3866666666666667;0.33;1.0;0.8333333333333334;0.7211111111111111;1.0;1.0;1.0;1.0;0.66;0.33;0.33;0.44;1.0;1.0;1.0;1.0;0.5;0.66;0.33;0.49666666666666676;0.0;0.2222222222222222;0.7777777777777778;0.3333333333333333;1.0;1.0;1.0;1.0;1.0;1.0;1.0;1.0;1.0;1.0;1.0;1.0;1.0;1.0;1.0;1.0;1;1;1;0;1;9;8;6;8;7;6;5;7;4;6;8;8;5;7;5;6;1;4;3;600;50000;3000;4;5;1;7;8;6;4;6;2;5;5;2;5;3;5;5;2;2;2;2;3;2;2;5;4;4;4
"1-5-0 (2020-11-16)";"doi.org/10.14281/18241.1";2018;410;"KOR";732;"ROK";410070087;20180101;201712;201801;13.01;13.4;39;1;410011;410001;8;5;1;1;87;2390;"ko";2;1;1.0;0.8032128514056225;41453.815261044176;2;1;2;2;2;3;1;1;2;1;1;1;2;2;2;2;2;1;2;1;2;2;2;2;2;2;2;2;2;1;2;2;2;1;3;3;2;1;2;3;2;3;2;2;2;3;1;2;2;1;7;7;6;4;4;4;4;4;1;2;2;3;3;3;3;3;3;2;2;2;3;2;2;2;3;4;2;2;2;3;3;3;3;3;3;3;3;3;3;3;3;2;2;8;3;1;2;0;0;0;0;0;0;0;0;0;0;0;0;8;4;8;2;2;2;8;2;2;1;2;2;2;2;6;3;1;2;2;2;1;2;2;1;3;2;3;2;3;3;3;2;3;1;2;2;1;2;2;2;3;2;3;1;2;1;2;3;2;4;4;1;7;7;6;6;7;6;4;2;2;2;2;3;3;7;8;3;1;2;7;6;2;1;1;2;6;5;7;7;8;6;7;2;1;1;3;3;2;9;2;3;3;3;2;5;1;4;1;2;1;1;1;2;2;2;2;2;2;2;2;2;2;3;2;2;2;-2;-2;-2;3;3;2;2;2;1;2;3;3;2;3;3;3;3;3;4;6;6;2;9;5;3;5;5;5;7;5;6;6;2;2;2;2;2;3;3;1;1995;22;1;1;1;1;1;410;410;410;1;5;2;2390;6;0;3;2;-3;-3;3;2;5;3;6;-3;-3;-3;3;-3;2;2;3;5;2;0;100000020;410004;3;3;1;0.5675;0.6366666666666667;0.6432407407407408;0.4114814814814815;0.5;0.33;0.33;0.3866666666666667;0.66;1.0;1.0;0.8866666666666667;1.0;0.0;1.0;0.6666666666666666;0.33;0.33;0.33;0.33;1.0;1.0;1.0;1.0;0.25;0.33;0.0;0.19333333333333336;0.5555555555555556;0.6666666666666666;0.6666666666666666;0.6296296296296297;1.0;0.5;0.75;0.75;1.0;1.0;1.0;1.0;1.0;1.0;1.0;1.0;1.0;1.0;1.0;1.0;1;1;1;0;0;6;7;6;7;6;5;5;5;6;6;5;6;6;7;6;7;-3;-3;3;500;50000;8000;-3;4;1;-3;-3;-3;7;2;2;1;8;3;5;5;5;7;5;3;4;2;2;1;3;5;4;6;-3
"1-5-0 (2020-11-16)";"doi.org/10.14281/18241.1";2018;410;"KOR";732;"ROK";410070088;20180101;201712;201801;13.3;14.1;40;1;410011;410001;8;5;1;1;88;2390;"ko";3;1;1.0;0.8032128514056225;41453.815261044176;1;2;2;3;1;3;1;1;1;1;2;2;1;2;2;2;2;1;1;1;2;1;2;1;2;1;3;2;3;2;2;2;2;1;2;1;3;3;2;2;3;2;2;2;3;2;3;2;3;3;5;5;4;4;4;4;3;4;3;1;1;2;2;3;2;3;2;2;2;3;2;3;2;3;3;3;2;3;2;3;2;2;2;2;3;3;3;2;2;3;2;3;2;6;1;2;1;0;0;0;0;0;0;0;0;0;0;0;0;6;5;6;5;5;2;7;3;3;3;3;2;3;2;5;2;1;1;0;1;1;1;1;1;3;2;3;3;3;2;2;2;2;1;1;1;2;2;2;2;2;3;3;2;2;2;1;3;2;3;1;3;5;6;5;5;6;5;5;2;2;1;1;2;2;6;7;3;2;2;5;6;5;6;2;2;2;2;2;4;3;1;2;1;3;2;2;1;2;3;2;2;3;2;2;3;1;5;2;5;5;5;2;3;3;3;3;3;3;3;3;3;3;3;3;2;2;410001;410001;410001;2;3;2;3;3;3;2;3;2;3;2;2;2;3;2;2;8;5;6;5;4;6;5;5;4;6;4;4;4;2;3;2;2;2;3;3;1;1952;65;6;3;1;1;1;410;410;410;1;4;1;2390;1;2;3;2;3;2;1;1;1;1;1;5;5;-5;7;2;1;2;3;4;2;0;100000020;410004;3;2;1;0.7194444444444444;0.718888888888889;0.4612962962962963;0.2992592592592593;0.5;0.66;0.66;0.6066666666666668;0.66;1.0;0.8333333333333334;0.8311111111111112;1.0;1.0;1.0;1.0;0.33;0.66;0.33;0.44;1.0;0.0;1.0;0.6666666666666666;0.25;0.66;0.33;0.4133333333333334;0.1111111111111111;0.1111111111111111;0.3333333333333333;0.1851851851851852;0.66;0.5;0.5800000000000001;0.5800000000000001;1.0;1.0;1.0;1.0;1.0;1.0;1.0;1.0;1.0;1.0;1.0;1.0;1;1;0;0;1;6;6;5;6;5;5;5;6;5;6;5;5;6;6;6;5;4;1;3;300;18000;2500;5;4;1;6;5;5;5;5;1;1;3;2;2;8;1;2;2;2;2;2;3;3;2;2;6;2;4
"1-5-0 (2020-11-16)";"doi.org/10.14281/18241.1";2018;410;"KOR";732;"ROK";410070089;20180101;201712;201801;14.04;14.24;20;1;410041;410007;8;5;2;1;89;2390;"ko";1;1;1.0;0.8032128514056225;41453.815261044176;1;2;3;3;1;3;2;2;1;1;1;1;1;2;2;2;2;1;2;1;1;2;2;1;2;1;2;1;3;2;3;1;3;3;2;1;2;1;3;3;2;2;3;4;1;2;1;1;2;2;9;7;8;4;4;4;4;4;1;1;2;1;1;2;3;3;2;2;3;3;3;2;2;3;3;3;3;3;2;3;3;3;3;2;2;2;3;3;2;2;3;3;2;6;1;2;1;0;1;1;0;0;0;0;0;0;0;0;0;5;7;3;3;4;1;5;2;1;3;3;2;2;3;5;4;2;2;1;1;2;2;1;1;1;3;2;2;3;3;3;3;2;2;2;2;3;2;2;2;2;3;2;1;2;2;4;3;2;4;2;1;3;7;8;3;5;6;6;2;2;1;1;3;2;7;8;3;2;2;5;5;2;2;2;2;2;4;5;6;6;1;5;2;1;1;4;2;2;6;2;2;2;2;2;1;1;2;1;3;1;5;1;2;2;1;2;2;2;1;2;2;2;2;1;1;1;410002;410002;410002;2;2;3;3;2;3;2;3;2;2;2;2;2;4;3;3;5;6;5;6;7;6;7;6;7;8;3;7;7;2;2;2;2;1;3;3;2;1984;33;2;2;1;1;1;410;410;410;1;3;1;2390;1;1;6;3;5;3;3;2;3;2;1;1;3;3;1;2;2;1;3;6;2;0;100000020;410004;4;3;0;0.6091666666666666;0.5533333333333333;0.570925925925926;0.4335185185185186;0.0;0.33;0.33;0.22;0.66;1.0;1.0;0.8866666666666667;1.0;1.0;1.0;1.0;0.33;0.33;0.33;0.33;0.0;1.0;1.0;0.6666666666666666;0.5;0.66;0.33;0.49666666666666676;0.1111111111111111;0.4444444444444444;0.5555555555555556;0.3703703703703704;1.0;0.5;0.75;0.75;1.0;1.0;1.0;1.0;1.0;1.0;1.0;1.0;1.0;1.0;1.0;1.0;1;1;1;1;0;7;8;6;8;6;5;8;6;7;5;7;8;5;6;6;7;1;4;3;600;25000;5000;8;4;1;7;9;7;7;7;1;2;5;3;8;5;6;6;4;2;1;2;2;1;1;8;4;5;4
"1-5-0 (2020-11-16)";"doi.org/10.14281/18241.1";2018;410;"KOR";732;"ROK";410070090;20180101;201712;201801;14.08;15.16;68;1;410011;410001;8;5;1;1;90;2390;"ko";2;1;1.0;0.8032128514056225;41453.815261044176;1;2;2;3;2;1;1;1;1;1;2;2;2;1;2;2;2;1;2;1;2;1;2;1;2;2;2;3;2;3;3;3;2;1;2;1;2;1;3;2;2;1;2;2;2;3;1;2;2;2;6;7;6;4;4;4;4;4;1;2;1;2;3;4;3;3;2;3;2;2;2;2;2;3;2;2;2;3;2;3;3;2;3;2;2;2;3;2;1;2;2;3;2;7;3;3;2;0;0;0;0;0;0;0;0;0;0;0;0;7;6;7;6;6;1;6;2;2;2;2;3;3;3;7;4;2;1;2;2;1;2;2;2;2;2;4;4;4;4;4;4;4;1;1;2;3;3;2;2;3;3;3;1;1;2;1;3;2;3;2;3;7;6;7;7;6;6;7;1;1;1;1;2;3;1;3;1;1;1;7;5;6;6;6;6;7;6;5;6;7;6;7;6;7;6;5;6;6;7;2;2;2;2;2;5;1;5;2;5;2;5;4;2;2;2;2;2;2;2;2;2;2;2;2;1;1;410002;410002;410002;2;3;2;2;2;2;2;3;2;3;3;2;3;4;2;3;6;6;7;6;7;7;7;8;6;7;7;7;7;2;3;1;1;1;2;3;2;1965;52;4;3;1;1;1;410;410;410;1;4;1;2390;1;2;3;2;4;2;1;1;2;1;1;1;5;3;8;3;2;1;3;5;2;2;20000000;410004;4;2;2;0.4841666666666667;0.24833333333333338;0.5538888888888889;0.4844444444444444;0.5;0.66;0.33;0.49666666666666676;0.0;0.0;0.0;0.0;1.0;1.0;1.0;1.0;0.66;0.33;0.33;0.44;1.0;0.0;1.0;0.6666666666666666;0.25;0.33;0.66;0.41333333333333333;0.6666666666666666;0.4444444444444444;0.5555555555555556;0.5555555555555555;0.66;0.5;0.5800000000000001;0.5800000000000001;1.0;1.0;1.0;1.0;1.0;1.0;1.0;1.0;1.0;1.0;1.0;1.0;1;1;0;1;1;8;7;7;7;7;7;7;7;7;7;7;7;6;7;7;6;4;1;3;400;15000;500;6;7;1;8;6;7;7;6;1;2;7;5;8;5;5;5;4;2;1;2;3;2;3;8;5;6;4
"1-5-0 (2020-11-16)";"doi.org/10.14281/18241.1";2018;410;"KOR";732;"ROK";410070091;20180101;201712;201801;14.08;14.29;21;1;410041;410007;8;5;2;1;91;2390;"ko";2;1;1.0;0.8032128514056225;41453.815261044176;1;2;2;2;1;4;1;2;1;1;2;2;1;1;2;2;2;1;2;2;2;2;2;1;2;2;2;1;2;3;2;2;3;3;2;1;2;1;3;3;2;3;4;3;2;3;2;2;1;1;9;8;6;4;4;4;4;4;1;2;1;3;2;3;4;4;4;3;3;2;3;3;4;4;4;4;3;3;2;4;2;2;3;2;2;2;2;2;2;2;2;1;1;5;1;1;1;0;0;0;0;0;0;0;0;0;0;0;0;4;5;2;3;4;1;7;3;4;3;3;3;2;1;4;4;2;0;2;2;2;2;2;2;2;2;4;4;4;4;4;4;3;2;2;2;1;2;2;2;3;4;4;2;1;1;4;1;1;2;2;1;7;5;1;7;5;7;1;2;2;2;2;4;4;7;8;3;2;2;6;5;2;2;1;1;7;2;8;10;7;1;9;2;3;2;1;5;3;9;2;3;4;2;2;1;2;5;1;1;1;2;1;3;3;3;3;3;3;3;3;3;3;3;3;1;1;-2;-2;-2;2;4;3;3;2;1;4;3;2;1;2;3;3;4;4;4;7;9;1;9;7;1;10;6;7;9;8;7;6;2;1;2;2;2;3;3;1;1987;30;2;2;1;1;1;410;410;410;1;4;2;2390;6;0;6;3;-3;-3;3;2;3;2;1;-3;3;-3;3;2;2;1;3;6;2;0;100000020;410004;2;2;1;0.5958333333333333;0.6383333333333333;0.4524537037037037;0.6557407407407407;0.5;0.0;0.33;0.27666666666666667;1.0;1.0;1.0;1.0;1.0;0.0;0.0;0.3333333333333333;0.66;0.66;1.0;0.7733333333333334;0.0;0.0;1.0;0.3333333333333333;0.5;0.33;0.66;0.49666666666666676;0.6666666666666666;0.7777777777777778;1.0;0.8148148148148148;0.33;0.0;0.165;0.165;1.0;1.0;1.0;1.0;1.0;1.0;1.0;1.0;1.0;1.0;1.0;1.0;0;0;1;1;0;6;6;7;5;3;6;4;5;3;6;5;7;7;4;6;7;1;3;3;260;42000;2500;8;6;1;6;7;5;7;5;3;1;3;2;2;3;3;2;2;2;3;4;2;1;1;7;3;5;-3
"1-5-0 (2020-11-16)";"doi.org/10.14281/18241.1";2018;410;"KOR";732;"ROK";410070092;20180101;201712;201801;14.26;15.02;36;1;410011;410001;8;5;1;1;92;2390;"ko";2;1;1.0;0.8032128514056225;41453.815261044176;1;2;2;2;2;3;1;1;2;1;2;1;2;2;2;1;2;1;2;1;2;1;2;2;2;2;2;3;3;3;3;3;2;1;1;1;2;1;3;3;4;3;2;3;2;2;2;3;2;2;7;8;7;4;4;4;4;4;1;2;2;2;3;3;3;3;4;4;2;2;3;2;2;2;3;4;3;3;3;3;3;3;3;3;3;3;3;2;2;3;3;3;3;8;3;1;2;0;0;0;0;0;0;0;0;0;0;0;0;9;6;6;7;6;2;7;2;2;2;3;2;2;2;6;4;2;1;1;1;1;2;2;2;2;2;3;1;3;3;3;2;1;2;2;2;2;2;2;2;3;3;3;2;1;1;3;1;1;3;2;1;7;8;7;8;6;7;2;2;1;2;2;3;3;5;6;3;1;2;8;5;1;1;1;1;5;1;8;8;8;6;9;1;8;2;3;6;2;9;2;3;3;3;2;3;1;1;1;4;1;3;1;2;2;2;2;2;2;2;2;2;2;2;2;2;2;410001;410001;410001;2;2;3;3;3;2;2;3;4;3;2;3;2;3;4;4;6;7;6;7;3;5;4;6;5;5;6;6;7;2;2;2;2;2;3;3;2;1979;38;3;2;1;1;1;410;410;410;1;4;1;2390;1;2;6;3;6;3;3;2;3;2;1;1;3;3;9;2;2;1;3;4;2;0;100000020;410004;2;1;1;0.4705555555555555;0.6644444444444444;0.5891666666666666;0.595;1.0;0.33;0.33;0.5533333333333333;0.66;1.0;0.6666666666666666;0.7755555555555556;0.0;0.0;0.0;0.0;1.0;0.33;0.33;0.5533333333333333;1.0;0.0;1.0;0.6666666666666666;0.25;0.66;0.66;0.5233333333333333;0.4444444444444444;0.7777777777777778;0.7777777777777778;0.6666666666666666;0.0;1.0;0.5;0.5;1.0;1.0;1.0;1.0;1.0;1.0;1.0;1.0;1.0;1.0;1.0;1.0;1;0;0;1;0;7;7;7;8;8;7;8;7;7;7;6;7;7;8;7;6;1;5;2;550;30000;5000;8;5;2;8;7;8;8;8;2;2;7;5;5;7;4;6;3;3;2;2;2;1;2;5;8;4;4
"1-5-0 (2020-11-16)";"doi.org/10.14281/18241.1";2018;410;"KOR";732;"ROK";410070093;20180101;201712;201801;15.23;15.43;20;1;410041;410007;8;5;2;1;93;2390;"ko";1;1;1.0;0.8032128514056225;41453.815261044176;1;2;2;3;2;4;2;1;2;1;1;1;1;2;2;2;2;1;2;2;2;2;2;1;2;2;2;1;2;2;3;2;2;1;1;1;2;1;3;3;2;2;1;2;1;1;2;3;1;1;4;5;7;4;4;4;4;4;1;2;1;3;2;3;4;4;4;3;2;1;2;3;4;3;4;3;3;2;3;2;3;2;3;3;2;2;2;1;1;2;2;1;2;6;1;1;2;1;0;0;0;0;0;0;0;0;0;0;0;8;6;8;7;6;1;6;2;3;3;2;2;1;4;9;4;2;0;2;2;2;2;1;1;3;2;4;4;4;4;4;4;4;2;2;2;2;3;2;2;4;4;4;2;1;1;4;1;3;1;2;3;8;5;7;7;5;7;1;1;1;1;1;4;4;5;6;2;2;2;8;1;1;1;1;1;8;6;7;9;7;1;8;1;1;1;1;6;5;8;1;3;3;2;1;5;1;2;1;5;4;5;5;3;3;3;3;3;3;3;3;3;3;3;3;2;2;-2;-2;-2;1;4;3;3;1;1;3;4;3;1;1;4;3;3;3;3;6;7;6;7;6;1;3;4;3;8;10;8;9;2;1;3;4;3;3;3;2;1967;50;4;3;1;1;1;410;410;410;1;4;2;2390;1;2;3;2;6;3;1;1;1;1;1;1;5;3;6;2;2;1;3;6;2;2;20000000;410004;2;1;1;0.5263888888888889;0.6661111111111111;0.5202777777777778;0.5405555555555556;1.0;0.0;0.33;0.44333333333333336;1.0;1.0;0.6666666666666666;0.8888888888888888;0.0;0.0;0.0;0.0;0.66;0.66;1.0;0.7733333333333334;1.0;1.0;1.0;1.0;0.25;0.33;0.33;0.3033333333333334;0.7777777777777778;0.6666666666666666;0.8888888888888888;0.7777777777777777;0.0;0.0;0.0;0.0;1.0;1.0;1.0;1.0;1.0;1.0;1.0;1.0;1.0;1.0;1.0;1.0;0;0;0;1;1;4;9;7;6;3;6;5;4;3;8;5;5;6;8;5;8;1;4;3;620;37000;5000;8;7;1;6;5;7;7;4;2;3;2;1;1;2;1;2;1;2;3;4;3;1;1;5;2;3;4
"1-5-0 (2020-11-16)";"doi.org/10.14281/18241.1";2018;410;"KOR";732;"ROK";410070094;20180101;201712;201801;15.27;15.47;20;1;410041;410007;8;5;2;1;94;2390;"ko";2;1;1.0;0.8032128514056225;41453.815261044176;1;2;1;2;2;1;2;1;2;1;1;2;1;1;2;2;2;1;2;2;2;2;2;1;2;1;2;1;1;2;3;2;3;3;3;3;2;1;2;2;3;2;3;2;1;2;1;1;3;2;8;7;8;2;1;2;2;1;1;1;1;2;1;2;2;2;3;3;3;4;3;3;2;3;4;3;3;3;2;3;3;3;4;4;3;3;3;4;2;3;2;3;3;6;1;3;2;0;1;1;0;0;0;0;0;0;0;0;0;3;5;4;5;5;1;6;2;1;3;2;2;3;3;5;3;0;0;2;2;2;2;2;2;1;2;2;1;2;3;3;2;2;1;2;2;2;3;2;2;2;1;3;2;2;1;2;1;1;2;1;4;4;5;7;4;7;6;6;1;1;1;1;2;2;6;7;2;2;2;5;4;4;3;1;1;4;4;6;6;5;1;7;1;1;1;1;1;1;7;2;3;2;2;2;2;2;2;2;5;2;5;2;2;1;1;2;2;2;1;1;2;2;2;2;2;1;410002;410002;410002;1;3;2;2;3;3;2;2;3;3;2;3;2;2;3;3;6;5;5;4;5;7;8;7;9;8;9;7;6;2;1;2;2;3;3;2;1;1964;53;4;3;1;1;1;410;410;410;1;2;1;2390;1;2;3;2;3;2;1;1;2;1;1;1;3;4;8;2;1;1;3;4;2;7;70000000;410004;1;2;2;0.4011111111111111;0.3605555555555556;0.480787037037037;0.37907407407407406;0.0;0.0;0.33;0.11;0.0;1.0;0.8333333333333334;0.6111111111111112;1.0;0.0;0.0;0.3333333333333333;0.66;0.66;0.33;0.5499999999999999;1.0;1.0;1.0;1.0;0.5;0.0;0.33;0.27666666666666667;0.3333333333333333;0.5555555555555556;0.5555555555555556;0.48148148148148145;0.33;0.0;0.165;0.165;1.0;1.0;1.0;1.0;1.0;1.0;1.0;1.0;1.0;1.0;1.0;1.0;0;0;1;0;0;8;5;4;5;3;3;3;3;6;3;5;9;6;5;5;7;1;4;3;500;32000;10000;8;5;1;9;10;8;9;8;1;4;6;3;6;2;6;6;2;2;1;2;3;2;2;8;4;5;4
"1-5-0 (2020-11-16)";"doi.org/10.14281/18241.1";2018;410;"KOR";732;"ROK";410070095;20180101;201712;201801;16.15;16.38;24;1;410041;410007;8;5;2;1;95;2390;"ko";2;1;1.0;0.8032128514056225;41453.815261044176;2;1;2;3;2;2;2;2;2;1;1;1;1;1;2;2;2;1;1;1;1;2;2;2;2;2;2;1;3;2;2;2;3;3;2;1;2;1;4;3;2;2;3;2;3;1;2;1;2;2;8;8;9;2;1;3;2;2;1;2;1;2;1;3;4;4;3;2;3;2;2;3;3;4;3;3;2;3;2;2;3;3;3;4;3;3;3;2;2;2;3;3;3;6;1;3;2;0;0;0;0;0;0;0;0;0;0;0;0;5;6;7;6;7;1;5;2;3;2;3;2;3;2;6;3;1;2;0;1;0;1;1;1;3;3;3;2;3;4;3;3;2;1;2;1;2;3;2;2;3;2;1;1;2;1;2;3;1;3;2;1;7;8;8;5;7;6;5;2;2;2;2;3;3;7;8;3;2;2;7;6;2;2;3;2;4;4;7;7;6;1;8;2;2;2;2;2;2;6;2;2;3;2;2;4;3;1;1;5;2;5;1;2;2;2;2;2;3;3;2;2;2;3;3;2;1;410002;410002;410002;2;2;3;2;1;3;4;3;2;3;1;3;2;4;2;2;6;4;4;9;7;5;5;6;8;7;9;8;7;2;1;2;1;1;3;2;2;1956;61;5;3;1;1;1;410;410;410;1;2;1;2390;1;3;3;2;2;1;1;1;1;1;1;1;6;4;6;2;2;1;3;3;1;0;100000020;410004;2;1;1;0.6091666666666666;0.44333333333333336;0.4922222222222222;0.5261111111111111;0.0;0.0;0.33;0.11;0.33;1.0;1.0;0.7766666666666667;1.0;1.0;1.0;1.0;0.33;0.66;0.66;0.55;0.0;1.0;1.0;0.6666666666666666;0.5;0.66;0.33;0.49666666666666676;0.3333333333333333;0.6666666666666666;0.6666666666666666;0.5555555555555555;0.0;0.5;0.25;0.25;1.0;1.0;1.0;1.0;1.0;1.0;1.0;1.0;1.0;1.0;1.0;1.0;1;0;0;1;0;8;6;7;8;6;5;7;8;6;5;8;8;6;9;7;7;1;4;3;400;20000;5000;6;4;1;8;7;10;7;6;1;4;6;5;7;2;5;5;4;2;1;2;2;2;2;8;5;6;4
"1-5-0 (2020-11-16)";"doi.org/10.14281/18241.1";2018;410;"KOR";732;"ROK";410070096;20180101;201712;201801;17.04;17.57;53;1;410041;410007;8;5;2;1;96;2390;"ko";2;2;1.0;0.8032128514056225;41453.815261044176;2;1;3;3;2;1;2;2;1;1;1;2;1;1;2;2;2;1;2;1;2;1;1;2;2;2;2;1;3;2;2;2;2;1;3;3;2;1;1;3;2;3;3;2;1;1;2;1;2;3;9;8;8;3;4;4;4;4;1;1;2;3;2;2;3;4;2;2;3;3;2;2;3;2;2;3;3;2;2;3;3;2;2;2;3;3;3;2;2;2;3;3;3;7;1;2;2;0;0;0;1;0;1;1;1;1;0;0;0;6;7;8;6;3;1;3;2;2;3;3;2;2;3;7;4;2;2;1;1;1;1;1;2;2;3;2;3;2;3;2;1;1;1;2;1;2;3;2;2;2;2;3;2;2;1;1;2;2;3;3;1;3;5;7;6;7;7;8;2;2;2;2;3;2;7;8;3;2;2;8;6;8;9;9;8;9;8;7;5;6;2;7;2;2;2;2;2;2;7;3;2;2;2;2;2;1;2;2;5;5;5;3;2;3;2;3;2;1;1;2;2;1;1;3;3;3;410001;410001;410001;3;2;3;2;2;3;3;2;2;3;3;3;2;3;2;2;7;7;8;6;7;8;5;5;4;5;5;4;6;2;2;2;2;1;3;2;2;1975;42;3;2;1;1;1;410;410;410;1;4;2;2390;1;2;6;3;6;3;3;2;3;2;1;1;3;3;3;1;2;1;2;5;2;0;100000020;410004;2;2;1;0.5816666666666667;0.4433333333333333;0.5191666666666667;0.54;0.0;0.33;0.33;0.22;0.0;1.0;1.0;0.6666666666666666;1.0;1.0;1.0;1.0;0.33;0.33;0.66;0.44;0.0;1.0;1.0;0.6666666666666666;0.25;0.66;0.33;0.4133333333333334;0.8888888888888888;0.6666666666666666;0.4444444444444444;0.6666666666666666;0.66;0.0;0.33;0.33;1.0;1.0;1.0;1.0;1.0;1.0;1.0;1.0;1.0;1.0;1.0;1.0;0;1;0;1;0;8;7;6;8;7;3;4;2;5;6;5;7;7;5;4;8;1;4;2;550;25000;10000;8;6;1;9;7;8;7;8;1;3;6;2;8;5;7;7;3;2;2;3;2;3;2;8;5;6;4
"1-5-0 (2020-11-16)";"doi.org/10.14281/18241.1";2018;410;"KOR";732;"ROK";410070097;20180101;201712;201801;17.26;17.5;24;1;410041;410007;8;5;2;1;97;2390;"ko";1;1;1.0;0.8032128514056225;41453.815261044176;1;2;2;2;1;4;2;1;2;1;2;1;1;1;2;2;2;1;2;2;2;2;2;1;2;2;2;3;2;1;2;2;1;1;2;1;3;3;2;3;3;3;2;3;1;2;3;2;2;1;8;6;5;4;4;4;4;4;1;1;1;3;2;3;4;4;4;3;2;2;3;4;4;4;4;4;3;3;2;3;2;2;3;3;2;2;2;2;1;2;1;1;1;8;1;3;2;0;0;0;0;0;0;0;0;0;0;0;0;9;6;8;5;4;1;7;3;3;2;2;2;1;4;8;4;2;0;2;1;2;2;1;1;3;2;4;4;4;4;4;4;4;2;2;2;2;3;2;2;4;4;4;1;1;2;2;4;4;1;2;3;8;6;7;8;6;7;1;2;2;2;2;4;4;7;8;3;2;2;6;8;1;1;1;1;8;7;8;9;6;1;9;1;1;1;5;4;1;9;2;2;2;2;2;1;1;2;1;2;1;3;3;3;3;3;3;3;3;3;3;3;3;3;3;1;1;410002;410002;410002;1;4;4;4;2;2;4;4;1;1;1;3;4;4;3;3;6;9;1;6;5;1;4;7;3;6;9;8;6;2;2;3;3;2;3;3;1;1955;62;5;3;1;1;1;410;410;410;1;3;1;2390;1;1;6;3;3;2;0;1;1;1;1;5;3;-5;9;2;1;1;3;6;2;0;100000020;410004;3;2;2;0.5683333333333334;0.6933333333333334;0.48037037037037034;0.4624074074074074;0.5;0.33;0.33;0.3866666666666667;1.0;1.0;1.0;1.0;0.0;0.0;0.0;0.0;0.66;1.0;1.0;0.8866666666666667;1.0;0.0;1.0;0.6666666666666666;0.0;0.33;0.0;0.11;0.7777777777777778;0.7777777777777778;0.8888888888888888;0.8148148148148148;0.66;0.0;0.33;0.33;1.0;1.0;1.0;1.0;1.0;1.0;1.0;1.0;1.0;1.0;1.0;1.0;0;1;0;1;1;6;8;7;6;5;6;4;5;5;5;6;7;7;4;5;7;1;2;3;500;45000;8000;8;5;1;6;8;5;8;4;2;2;2;1;3;2;2;2;1;2;1;3;3;1;1;3;2;2;4
"1-5-0 (2020-11-16)";"doi.org/10.14281/18241.1";2018;410;"KOR";732;"ROK";410070098;20180101;201712;201801;17.31;18.14;44;1;410028;410004;8;5;2;1;98;2390;"ko";3;2;1.0;0.8032128514056225;41453.815261044176;1;2;3;2;2;2;2;1;1;1;1;2;1;2;2;2;2;1;2;1;2;1;2;1;2;2;3;2;3;4;3;3;5;2;2;1;3;3;5;3;3;2;2;2;2;3;1;2;2;2;9;7;5;4;4;4;4;4;1;1;1;2;2;3;3;4;2;2;2;2;2;2;2;2;3;3;2;2;2;2;2;2;2;3;3;3;2;3;3;3;3;2;2;7;3;1;2;2;1;1;1;1;1;1;1;1;1;1;1;4;4;4;4;7;2;6;3;4;3;3;4;3;2;3;3;2;2;2;2;2;2;2;1;1;2;3;3;3;3;3;4;3;2;2;2;2;2;2;2;2;2;2;1;2;1;2;1;1;2;1;2;7;7;7;7;6;6;7;1;1;1;1;2;2;1;2;1;1;1;5;5;4;3;3;3;1;3;4;4;4;2;2;2;2;2;2;2;2;5;2;2;2;2;2;5;2;5;1;5;1;2;2;2;2;2;3;3;3;3;3;3;3;3;3;2;2;410009;410009;410009;2;3;2;2;3;2;3;3;3;3;2;2;2;2;3;2;6;7;7;7;7;9;7;8;8;7;7;7;6;2;2;2;2;2;3;3;2;1972;45;4;2;1;1;1;410;410;410;1;4;1;2390;1;2;3;2;3;2;1;1;1;1;1;1;4;5;9;2;2;2;3;4;2;2;20000000;410004;2;2;1;0.48416666666666675;0.3033333333333334;0.5684722222222223;0.5544444444444445;0.5;0.33;0.66;0.49666666666666676;0.33;0.0;0.0;0.11;1.0;1.0;1.0;1.0;0.33;0.33;0.33;0.33;1.0;1.0;1.0;1.0;1.0;0.66;1.0;0.8866666666666667;0.0;0.3333333333333333;0.3333333333333333;0.2222222222222222;0.33;0.0;0.165;0.165;1.0;1.0;1.0;1.0;1.0;1.0;1.0;1.0;1.0;1.0;1.0;1.0;0;0;1;0;1;6;6;6;7;7;3;3;3;4;4;5;7;7;5;5;6;4;1;3;400;15000;2000;7;3;1;7;8;8;6;6;1;1;4;4;6;4;3;3;3;2;1;3;2;2;3;6;5;4;4
"1-5-0 (2020-11-16)";"doi.org/10.14281/18241.1";2018;410;"KOR";732;"ROK";410070099;20180101;201712;201801;17.41;18.21;40;1;410011;410001;8;5;1;1;99;2390;"ko";2;1;1.0;0.8032128514056225;41453.815261044176;2;1;2;3;2;3;1;2;1;1;1;1;2;2;2;2;2;1;2;1;2;2;2;2;2;2;2;3;2;2;1;2;3;3;2;1;2;1;3;2;2;3;2;3;2;2;2;3;2;2;8;8;9;4;4;4;4;4;1;2;1;3;3;3;3;3;4;2;2;2;3;3;3;2;3;3;2;3;3;3;3;3;2;3;3;3;3;2;2;2;2;2;2;8;3;1;2;0;0;0;0;0;0;0;0;0;0;0;0;9;5;5;2;5;2;5;2;2;2;3;2;2;3;6;4;1;1;2;2;2;2;2;2;3;2;2;2;3;3;3;1;1;1;2;2;2;3;2;2;3;3;3;1;1;1;2;1;2;3;2;3;7;6;6;7;6;7;6;1;1;1;1;3;3;6;8;2;1;1;6;5;1;1;1;2;5;5;6;7;7;6;8;1;6;2;4;5;1;7;3;2;2;3;2;3;1;2;1;2;1;1;1;2;2;2;2;2;2;2;2;1;2;2;2;2;2;-2;-2;-2;2;2;3;2;2;2;2;2;2;2;2;3;3;3;3;3;6;6;2;3;5;5;4;5;4;7;7;5;6;2;2;2;2;2;3;3;2;1994;23;1;1;1;1;1;410;410;410;1;4;2;2390;6;0;3;2;-3;-3;3;2;3;2;6;-3;-3;-3;5;-3;2;1;3;5;2;0;100000020;410004;3;2;0;0.5669444444444445;0.6922222222222223;0.4847222222222223;0.47111111111111115;1.0;0.33;0.33;0.5533333333333333;0.66;1.0;0.8333333333333334;0.8311111111111112;0.0;0.0;1.0;0.3333333333333333;0.33;0.66;0.66;0.55;0.0;1.0;1.0;0.6666666666666666;0.5;0.33;0.33;0.3866666666666667;0.4444444444444444;0.5555555555555556;0.6666666666666666;0.5555555555555556;0.66;0.0;0.33;0.33;1.0;1.0;1.0;1.0;1.0;1.0;1.0;1.0;1.0;1.0;1.0;1.0;0;1;0;1;1;7;7;5;7;7;5;5;7;7;7;6;8;7;7;5;7;-3;-3;3;600;50000;5000;-3;5;1;-3;-3;-3;8;2;2;2;5;3;5;3;3;3;3;2;3;2;1;2;2;6;2;7;-3
"1-5-0 (2020-11-16)";"doi.org/10.14281/18241.1";2018;410;"KOR";732;"ROK";410070100;20180101;201712;201801;17.44;19.02;78;1;410011;410001;8;5;1;1;100;2390;"ko";2;1;1.0;0.8032128514056225;41453.815261044176;1;2;3;2;2;2;2;1;1;1;2;2;1;2;1;2;2;1;2;1;2;2;2;2;2;1;2;3;2;3;2;3;2;1;2;1;2;1;3;2;2;1;2;2;2;3;1;2;2;2;8;8;7;4;4;4;4;4;1;2;1;2;3;4;3;3;2;3;1;2;2;3;3;2;2;2;3;2;3;3;2;2;2;2;2;2;2;2;3;2;2;3;2;6;3;2;2;0;0;0;0;0;0;0;0;0;0;0;0;7;7;6;7;6;1;7;2;3;3;2;3;2;3;7;4;2;1;1;1;2;2;1;2;2;2;3;2;4;4;4;3;4;1;1;2;2;3;2;2;4;4;4;2;1;2;1;3;2;3;2;3;8;7;7;8;6;8;6;1;1;1;1;3;2;2;3;2;1;1;7;4;3;3;4;7;4;4;4;5;6;5;5;5;3;4;5;4;5;3;2;2;2;2;2;5;1;5;3;3;4;4;2;2;3;2;3;2;2;2;2;2;2;2;2;1;1;-2;-2;-2;2;3;2;2;2;2;3;3;2;3;2;2;3;4;2;4;6;8;5;6;7;6;7;3;4;6;6;7;6;3;2;1;1;1;2;3;1;1960;57;5;3;1;1;1;410;410;410;1;3;1;2390;1;2;3;2;3;2;1;1;1;1;1;1;5;5;5;3;2;1;3;7;2;2;20000000;410004;4;2;0;0.6363888888888889;0.4427777777777778;0.5075925925925926;0.3918518518518518;0.5;0.33;0.33;0.3866666666666667;0.33;1.0;0.16666666666666666;0.49888888888888894;1.0;1.0;1.0;1.0;0.66;0.66;0.66;0.66;1.0;0.0;1.0;0.6666666666666666;0.25;0.33;0.66;0.41333333333333333;0.3333333333333333;0.3333333333333333;0.4444444444444444;0.3703703703703703;0.66;0.5;0.5800000000000001;0.5800000000000001;1.0;1.0;1.0;1.0;1.0;1.0;1.0;1.0;1.0;1.0;1.0;1.0;1;1;0;1;1;8;7;7;7;7;7;7;7;6;6;7;7;6;7;7;8;4;1;3;350;18000;850;8;7;1;7;7;7;8;7;1;2;5;5;6;5;6;5;5;2;6;2;3;2;3;6;5;6;4
"1-5-0 (2020-11-16)";"doi.org/10.14281/18241.1";2018;410;"KOR";732;"ROK";410070101;20180101;201712;201801;17.58;18.36;39;1;410011;410001;8;5;1;1;101;2390;"ko";2;1;1.0;0.8032128514056225;41453.815261044176;2;3;2;2;2;4;1;1;2;1;1;2;1;2;2;2;2;1;2;1;2;1;2;1;2;1;3;2;3;3;3;3;5;2;2;1;4;2;4;2;2;1;2;2;2;3;3;3;3;3;2;4;3;4;4;4;2;4;3;2;3;3;3;3;3;3;3;3;2;2;2;3;2;3;4;4;3;2;2;4;2;2;3;2;2;2;3;2;2;2;3;2;2;7;3;1;2;0;0;0;0;0;0;0;0;0;0;0;0;4;8;7;7;8;2;7;3;4;3;3;3;2;4;7;3;2;2;2;2;2;2;1;2;3;2;3;2;3;3;4;3;3;1;1;2;1;3;2;1;2;3;4;1;2;2;2;1;3;2;1;2;8;7;4;3;3;9;2;2;2;2;2;4;3;7;7;2;2;2;7;4;3;3;5;4;2;2;7;8;8;4;8;2;1;5;2;1;4;7;2;2;2;3;2;3;1;5;1;5;1;5;2;2;2;2;2;2;2;2;2;2;3;2;3;2;2;-2;-2;-2;2;3;2;3;2;3;2;3;3;2;1;2;3;4;1;4;5;9;1;10;8;1;8;4;3;10;8;6;6;3;3;2;2;2;3;3;2;1957;60;5;3;1;1;1;410;410;410;1;3;1;2390;2;2;2;1;-2;-2;0;1;0;1;1;-5;5;-5;-5;2;1;2;3;3;1;0;100000020;410004;2;2;1;0.8308333333333333;0.8866666666666667;0.614212962962963;0.645925925925926;1.0;0.66;0.66;0.7733333333333334;1.0;1.0;1.0;1.0;1.0;1.0;1.0;1.0;0.66;0.66;0.33;0.5499999999999999;1.0;1.0;1.0;1.0;1.0;0.66;0.66;0.7733333333333334;0.1111111111111111;0.6666666666666666;0.7777777777777778;0.5185185185185185;0.33;0.0;0.165;0.165;1.0;1.0;1.0;1.0;1.0;1.0;1.0;1.0;1.0;1.0;1.0;1.0;0;0;1;0;1;4;5;6;5;4;4;3;3;6;4;5;4;5;4;7;3;4;1;3;350;7000;0;3;3;1;3;4;3;3;2;2;2;5;9;5;1;3;2;7;3;7;2;2;1;2;6;2;7;-5
"1-5-0 (2020-11-16)";"doi.org/10.14281/18241.1";2018;410;"KOR";732;"ROK";410070102;20180101;201712;201801;18.05;19.28;83;1;410041;410007;8;5;2;1;102;2390;"ko";2;2;1.0;0.8032128514056225;41453.815261044176;1;1;1;3;1;3;1;1;1;1;1;2;2;2;2;2;2;1;1;1;2;1;2;1;2;2;2;3;2;2;3;2;3;3;4;2;4;2;3;4;4;3;3;3;3;2;3;3;2;2;5;7;6;3;3;2;3;3;3;2;1;2;2;2;3;3;3;2;3;3;3;2;2;3;2;3;3;3;2;3;3;2;3;2;3;3;3;2;2;3;3;2;3;7;1;1;3;0;0;0;0;0;0;0;0;0;0;0;0;4;8;7;5;7;2;7;2;3;2;3;2;2;2;5;2;1;0;1;1;0;1;0;1;2;2;2;3;3;3;2;3;3;1;2;2;2;3;2;2;3;2;3;1;1;2;3;4;2;3;3;2;6;5;6;6;5;7;6;2;2;1;1;3;2;5;5;3;2;2;7;6;7;6;7;6;7;6;6;6;5;6;6;6;6;7;6;7;6;6;2;2;3;2;2;4;2;5;1;1;1;1;1;2;2;2;3;3;3;3;3;3;3;3;3;3;2;8;8;8;2;2;2;3;2;3;3;3;2;3;2;3;3;2;2;3;5;6;5;6;5;5;6;5;6;5;6;5;6;3;3;3;3;2;3;3;2;1990;27;2;1;1;1;1;410;410;410;1;3;2;2390;6;0;5;3;-3;-3;3;2;5;3;7;-3;-3;-3;6;-3;2;3;3;5;2;0;100000020;410004;4;2;1;0.6922222222222223;0.7194444444444446;0.7023148148148148;0.48962962962962964;1.0;0.66;0.33;0.6633333333333334;0.66;1.0;0.6666666666666666;0.7755555555555556;1.0;1.0;1.0;1.0;0.33;0.33;0.33;0.33;1.0;1.0;1.0;1.0;0.5;0.33;0.33;0.3866666666666667;0.6666666666666666;0.5555555555555556;0.5555555555555556;0.5925925925925926;0.66;1.0;0.8300000000000001;0.8300000000000001;1.0;1.0;1.0;1.0;1.0;1.0;1.0;1.0;1.0;1.0;1.0;1.0;1;1;0;1;1;7;7;6;7;6;7;6;7;6;7;6;7;7;6;6;6;-3;-3;3;400;25000;7000;8;5;1;7;8;7;7;6;1;1;3;5;5;1;3;5;5;2;7;3;3;3;3;5;1;4;-3
"1-5-0 (2020-11-16)";"doi.org/10.14281/18241.1";2018;410;"KOR";732;"ROK";410070103;20180101;201712;201801;18.17;18.38;21;1;410041;410007;8;5;2;1;103;2390;"ko";2;1;1.0;0.8032128514056225;41453.815261044176;2;2;3;2;2;3;2;2;2;1;1;2;1;1;2;1;2;2;1;2;1;2;1;2;2;2;2;1;2;2;3;2;3;3;2;1;3;3;2;3;3;2;2;3;2;2;2;2;2;2;9;8;7;4;4;4;4;4;1;1;2;3;2;1;3;2;2;3;2;2;3;3;4;3;3;4;3;2;3;2;3;2;2;3;4;4;3;3;2;2;3;4;3;6;1;2;1;0;0;0;0;0;0;0;0;0;0;0;0;6;6;8;4;6;2;6;2;3;2;3;2;2;2;7;2;1;2;1;1;2;2;1;1;1;2;2;3;3;2;2;2;1;1;2;2;2;2;2;2;2;3;2;1;2;2;3;2;1;3;2;3;3;6;8;8;6;7;3;1;1;1;1;2;2;4;6;2;1;2;5;7;2;2;4;6;2;4;2;3;2;4;3;2;2;2;1;2;2;6;2;2;2;2;2;1;2;2;1;4;2;2;2;1;3;2;2;2;2;2;2;2;2;2;1;2;1;410002;410002;410002;2;3;1;2;3;2;3;2;3;3;2;2;3;2;2;3;4;5;6;8;5;8;9;5;8;4;6;9;6;2;1;2;1;1;4;2;1;1973;44;3;2;1;1;1;410;410;410;1;2;2;2390;1;1;5;3;5;3;3;2;3;2;3;3;5;5;7;2;1;1;3;5;2;7;70000000;410004;3;1;1;0.6925000000000001;0.4983333333333334;0.4253703703703704;0.2674074074074074;0.5;0.0;0.33;0.27666666666666667;0.66;1.0;0.5;0.7200000000000001;1.0;1.0;1.0;1.0;0.66;0.66;1.0;0.7733333333333334;0.0;1.0;1.0;0.6666666666666666;0.5;0.33;0.33;0.3866666666666667;0.1111111111111111;0.1111111111111111;0.2222222222222222;0.14814814814814814;0.0;1.0;0.5;0.5;1.0;1.0;1.0;1.0;1.0;1.0;1.0;1.0;1.0;1.0;1.0;1.0;1;0;0;1;1;8;7;4;7;6;6;5;4;3;6;5;8;7;6;5;5;4;1;3;600;27000;10000;7;3;2;8;9;8;7;9;1;4;5;4;6;3;5;6;3;2;1;2;1;1;2;8;4;6;4
"1-5-0 (2020-11-16)";"doi.org/10.14281/18241.1";2018;410;"KOR";732;"ROK";410070104;20180101;201712;201801;18.24;19.08;44;1;410028;410004;8;5;2;1;104;2390;"ko";2;1;1.0;0.8032128514056225;41453.815261044176;1;2;2;2;1;3;1;2;2;1;1;2;2;1;1;2;2;1;2;1;1;2;2;2;2;2;2;2;1;3;2;3;3;3;2;1;4;2;3;2;2;3;2;2;2;1;1;2;3;2;5;5;6;3;4;3;3;3;2;2;1;2;2;1;2;2;3;2;2;3;2;2;2;3;2;3;2;2;2;3;3;2;2;2;3;3;2;2;2;1;2;2;2;7;3;1;2;1;0;0;0;0;0;0;0;0;0;0;0;7;6;6;4;5;2;8;3;3;2;2;2;2;2;7;3;1;2;0;1;1;2;1;1;2;2;4;4;4;3;3;4;4;1;2;2;2;2;2;2;2;2;3;2;2;2;2;1;2;3;1;3;5;6;7;6;7;6;6;2;2;2;2;3;3;5;4;2;2;2;6;3;1;2;3;2;3;3;3;5;5;2;6;1;4;4;3;4;4;4;2;3;2;3;2;4;1;4;1;5;2;3;3;2;3;3;2;2;3;2;2;2;3;3;3;1;1;410002;410002;410002;2;2;1;3;3;3;2;3;2;3;2;1;2;3;2;2;5;6;5;6;5;6;6;6;5;6;6;7;6;3;3;3;2;3;3;2;2;1958;59;5;3;1;1;1;410;410;410;1;4;1;2390;1;2;3;2;3;2;1;1;1;1;1;3;5;6;10;2;2;2;3;5;2;7;70000000;410004;2;2;0;0.5672222222222223;0.6361111111111112;0.4199074074074074;0.3414814814814815;0.5;0.66;0.33;0.49666666666666676;0.66;1.0;0.6666666666666666;0.7755555555555556;0.0;1.0;1.0;0.6666666666666666;0.33;0.33;0.33;0.33;0.0;1.0;1.0;0.6666666666666666;0.5;0.0;0.66;0.3866666666666667;0.2222222222222222;0.2222222222222222;0.4444444444444444;0.2962962962962963;0.66;0.0;0.33;0.33;1.0;1.0;1.0;1.0;1.0;1.0;1.0;1.0;1.0;1.0;1.0;1.0;0;1;0;0;1;5;5;6;5;5;4;4;5;5;4;4;6;4;6;4;7;2;3;3;450;45000;8000;7;5;1;7;6;7;6;4;2;1;6;5;6;3;3;5;5;2;1;2;3;1;2;8;2;2;4
"1-5-0 (2020-11-16)";"doi.org/10.14281/18241.1";2018;410;"KOR";732;"ROK";410070105;20180101;201712;201801;18.48;19.29;41;1;410041;410007;8;5;2;1;105;2390;"ko";2;1;1.0;0.8032128514056225;41453.815261044176;1;2;2;3;2;4;2;1;2;1;1;2;1;1;2;2;2;1;2;1;2;1;2;1;2;2;3;3;1;1;4;2;1;1;2;1;3;3;2;1;2;2;1;1;2;3;2;2;3;1;8;7;4;4;4;4;4;4;1;1;1;2;3;3;4;3;4;3;2;2;3;3;2;4;4;3;3;3;2;2;3;3;2;3;2;2;2;3;3;3;2;2;2;4;1;1;1;0;0;0;0;0;0;0;0;0;0;0;0;6;5;7;4;6;1;4;3;4;3;3;3;2;4;7;3;2;0;2;2;1;2;0;2;2;2;4;4;4;4;3;3;3;2;2;2;1;3;2;2;2;3;4;1;1;1;3;4;1;3;2;1;7;6;10;5;7;8;1;2;2;2;2;4;4;7;8;3;2;2;7;8;1;1;1;1;8;6;7;7;5;1;8;7;1;1;1;5;3;7;2;2;4;2;2;1;1;5;1;1;1;2;2;3;3;3;3;3;3;3;3;3;3;3;3;2;3;410002;410002;410002;1;4;3;3;2;2;4;4;1;1;2;4;4;4;3;4;4;8;1;8;6;1;7;3;5;9;10;7;8;2;2;2;2;2;2;3;1;1997;20;1;1;1;1;1;410;410;410;1;4;2;2390;6;0;3;2;-3;-3;3;2;3;2;2;-3;3;-3;5;2;2;2;3;5;2;0;100000020;410004;2;1;2;0.5116666666666667;0.7483333333333334;0.5509259259259259;0.35185185185185186;0.5;0.33;0.66;0.49666666666666676;1.0;1.0;1.0;1.0;0.0;0.0;0.0;0.0;0.66;0.66;0.33;0.5499999999999999;1.0;1.0;1.0;1.0;0.0;0.0;0.0;0.0;0.7777777777777778;0.6666666666666666;0.6666666666666666;0.7037037037037037;0.0;1.0;0.5;0.5;1.0;1.0;1.0;1.0;1.0;1.0;1.0;1.0;1.0;1.0;1.0;1.0;1;0;0;1;0;3;6;5;4;3;7;5;6;4;7;5;4;6;7;4;6;2;2;3;520;18000;2000;6;4;2;4;5;3;5;4;3;3;3;2;3;2;2;1;1;1;1;2;3;1;2;5;3;5;-3
"1-5-0 (2020-11-16)";"doi.org/10.14281/18241.1";2018;410;"KOR";732;"ROK";410070106;20180101;201712;201801;19.04;19.33;28;1;410041;410007;8;5;2;1;106;2390;"ko";2;2;1.0;0.8032128514056225;41453.815261044176;2;1;3;2;3;2;2;1;2;1;1;1;1;2;2;2;2;2;1;1;1;1;1;2;2;2;2;1;3;2;2;1;3;3;3;3;4;2;3;3;4;3;4;3;3;1;2;2;2;2;10;9;8;4;4;4;4;4;1;2;2;3;2;3;2;2;2;3;3;2;2;2;3;3;3;2;3;3;2;2;3;3;2;3;3;3;2;2;3;4;2;3;3;6;1;3;1;0;0;1;0;0;0;0;0;0;0;0;0;7;6;6;7;6;1;8;2;3;2;2;3;2;3;5;3;1;2;1;2;1;1;1;1;2;2;3;2;3;2;2;3;2;1;2;2;3;2;2;2;2;2;1;2;2;2;2;1;4;2;3;1;7;8;7;6;6;5;7;2;2;1;1;2;2;5;7;3;2;1;7;2;3;2;3;2;3;3;2;2;2;3;3;2;2;3;2;2;2;2;2;2;3;2;2;3;2;2;1;4;4;4;2;2;3;2;1;2;2;3;3;1;2;2;1;2;2;410001;410001;410001;2;1;3;2;2;3;3;2;2;2;2;2;1;3;2;2;6;6;8;8;7;8;9;8;7;8;5;8;7;2;2;2;1;2;3;2;1;1982;35;3;2;1;1;1;410;410;410;1;3;2;2390;6;0;5;3;-3;-3;3;2;3;2;1;-3;3;-3;3;2;2;1;3;5;2;0;100000020;410004;3;3;1;0.6505555555555556;0.5261111111111112;0.5362037037037037;0.3224074074074075;0.5;0.33;0.33;0.3866666666666667;0.33;1.0;0.6666666666666666;0.6655555555555556;1.0;1.0;1.0;1.0;0.66;0.33;0.66;0.5499999999999999;1.0;1.0;1.0;1.0;0.5;0.66;0.33;0.49666666666666676;0.2222222222222222;0.1111111111111111;0.1111111111111111;0.14814814814814814;1.0;0.0;0.5;0.5;1.0;1.0;1.0;1.0;1.0;1.0;1.0;1.0;1.0;1.0;1.0;1.0;0;1;1;1;0;9;9;7;8;7;6;7;8;9;8;7;8;6;8;7;7;1;4;3;700;35000;12000;9;5;1;5;6;8;7;8;1;4;5;4;7;5;5;5;4;2;2;2;2;3;3;7;5;5;-3
"1-5-0 (2020-11-16)";"doi.org/10.14281/18241.1";2018;410;"KOR";732;"ROK";410070107;20180101;201712;201801;19.17;19.46;29;1;410011;410001;8;5;1;1;107;2390;"ko";3;1;1.0;0.8032128514056225;41453.815261044176;1;2;2;2;2;3;2;1;1;1;1;1;2;2;2;2;2;1;2;2;2;1;2;1;2;2;2;3;2;3;3;3;2;1;2;1;2;1;3;2;2;1;2;2;2;3;1;2;2;2;7;8;6;4;4;4;4;4;2;1;1;2;3;4;3;3;3;4;3;3;3;3;2;3;3;3;2;3;3;3;3;2;3;3;3;3;3;2;2;2;3;2;2;7;3;3;2;0;0;0;0;0;0;0;0;0;0;0;0;7;6;7;6;6;1;7;3;3;3;2;3;2;3;5;4;2;2;2;1;2;2;2;2;2;2;4;4;4;4;4;4;4;1;1;2;3;3;2;2;2;3;2;1;1;1;2;1;2;1;2;3;8;7;6;7;6;7;6;2;2;2;2;3;4;7;8;2;1;1;7;6;4;6;4;6;5;4;5;4;5;5;5;5;5;4;4;3;4;4;2;2;3;2;2;5;1;4;1;3;4;3;2;2;3;2;2;2;2;2;3;2;2;2;2;2;2;410008;410008;410008;2;3;2;2;2;3;2;3;2;3;2;2;3;4;2;3;6;8;3;8;6;5;8;4;5;6;7;7;5;2;3;1;1;1;2;3;1;1977;40;3;2;1;1;1;410;410;410;1;3;1;2390;1;1;3;2;3;2;2;1;2;1;1;1;5;5;5;3;2;2;3;7;2;0;100000020;410004;3;2;1;0.7616666666666667;0.6916666666666668;0.5376851851851852;0.4103703703703704;0.5;0.66;0.33;0.49666666666666676;0.66;1.0;1.0;0.8866666666666667;1.0;1.0;1.0;1.0;1.0;0.66;0.33;0.6633333333333333;1.0;1.0;1.0;1.0;0.25;0.33;0.66;0.41333333333333333;0.4444444444444444;0.4444444444444444;0.3333333333333333;0.4074074074074074;0.66;0.0;0.33;0.33;1.0;1.0;1.0;1.0;1.0;1.0;1.0;1.0;1.0;1.0;1.0;1.0;0;1;0;1;1;8;8;7;6;7;8;7;6;7;7;6;7;6;7;6;7;4;1;3;400;8000;800;8;6;1;7;8;7;7;5;1;1;6;5;6;5;6;5;5;2;3;2;3;2;2;7;6;7;4
"1-5-0 (2020-11-16)";"doi.org/10.14281/18241.1";2018;410;"KOR";732;"ROK";410070108;20180101;201712;201801;19.49;20.35;47;1;410041;410007;8;5;2;1;108;2390;"ko";2;1;1.0;0.8032128514056225;41453.815261044176;1;1;2;3;2;2;1;1;1;1;1;2;2;2;2;2;2;1;1;1;2;1;2;1;2;1;3;2;3;2;2;3;2;1;2;1;3;3;4;2;3;3;3;3;3;3;3;3;2;3;5;5;6;3;4;3;3;3;3;2;1;2;2;3;3;3;2;3;2;3;3;3;2;2;3;3;2;3;2;3;2;2;2;3;3;3;2;3;3;2;3;3;3;7;3;2;3;0;0;0;0;0;0;0;0;0;0;0;0;7;6;5;6;5;1;6;3;4;4;4;3;2;2;6;3;1;0;0;0;1;0;1;1;3;2;2;3;3;3;2;3;3;2;2;2;2;3;2;2;3;2;3;1;2;2;4;3;2;3;3;2;5;6;7;7;6;5;6;2;2;2;2;3;2;5;4;3;2;2;6;7;6;7;2;2;3;2;4;5;3;1;2;1;3;2;2;2;2;2;2;2;3;2;2;5;2;5;2;4;5;5;1;3;3;3;3;3;3;3;3;3;3;3;3;2;2;410001;410001;410001;2;3;2;2;2;3;3;3;3;3;2;3;2;3;3;3;7;7;5;7;6;6;6;6;7;5;7;7;6;3;3;2;3;3;2;3;2;1954;63;5;3;2;1;1;-2;410;410;1;4;1;2390;1;2;3;2;3;2;3;2;3;2;1;1;5;5;6;2;2;2;3;5;2;0;100000020;-5;4;2;1;0.7472222222222222;0.7194444444444446;0.5816666666666667;0.37333333333333335;1.0;0.66;0.66;0.7733333333333334;0.33;1.0;0.6666666666666666;0.6655555555555556;1.0;1.0;1.0;1.0;0.66;0.66;0.33;0.5499999999999999;1.0;1.0;1.0;1.0;0.25;0.66;0.33;0.4133333333333334;0.2222222222222222;0.3333333333333333;0.4444444444444444;0.3333333333333333;0.66;0.5;0.5800000000000001;0.5800000000000001;1.0;1.0;1.0;1.0;1.0;1.0;1.0;1.0;1.0;1.0;1.0;1.0;1;1;0;1;1;6;7;6;7;7;7;6;7;7;7;6;5;7;7;6;5;4;1;3;350;25000;3000;6;5;1;5;6;6;7;6;1;1;2;2;3;8;2;2;2;2;2;2;2;3;3;5;8;2;4
"1-5-0 (2020-11-16)";"doi.org/10.14281/18241.1";2018;410;"KOR";732;"ROK";410070109;20180101;201712;201801;19.56;20.23;28;1;410028;410004;8;5;2;1;109;2390;"ko";2;1;1.0;0.8032128514056225;41453.815261044176;2;2;2;3;2;3;1;1;1;1;2;2;1;2;2;2;2;1;2;1;2;1;2;2;2;2;2;2;2;3;3;3;2;1;3;3;3;3;2;3;3;4;3;3;1;1;1;1;2;2;6;5;5;4;4;4;4;4;3;1;2;2;2;3;3;3;2;2;2;2;2;3;3;3;3;3;2;2;3;3;3;3;3;3;3;3;3;3;3;3;3;3;3;6;3;1;2;0;1;0;0;0;0;0;0;0;0;0;0;6;5;5;6;6;1;5;3;3;3;3;3;2;2;5;3;2;1;1;1;2;1;1;1;1;3;2;3;3;3;3;3;3;2;2;2;2;2;2;2;2;3;3;1;2;1;2;1;1;2;1;2;5;5;4;5;5;4;4;2;2;2;2;2;2;2;7;3;1;1;5;5;4;4;3;3;5;4;5;5;3;3;3;3;3;3;3;3;3;4;3;3;4;2;1;5;2;5;2;2;2;2;3;2;2;2;2;3;3;3;3;3;3;3;3;4;4;-2;-2;-2;3;3;2;3;3;2;3;2;2;3;2;3;3;3;3;2;4;7;4;8;6;3;4;7;4;7;7;6;6;3;3;2;2;2;3;3;2;1999;18;1;1;1;1;1;410;410;410;1;4;2;2390;6;0;3;2;-3;-3;3;2;3;2;6;-3;-3;-3;5;-3;2;2;3;3;1;0;100000020;410004;2;2;1;0.6222222222222222;0.46944444444444444;0.4223611111111111;0.4288888888888889;0.0;0.66;0.33;0.33;0.66;1.0;0.16666666666666666;0.6088888888888889;1.0;1.0;1.0;1.0;0.33;0.66;0.66;0.55;1.0;0.0;1.0;0.6666666666666666;0.25;0.33;0.66;0.41333333333333333;0.4444444444444444;0.4444444444444444;0.4444444444444444;0.4444444444444444;0.33;0.0;0.165;0.165;1.0;1.0;1.0;1.0;1.0;1.0;1.0;1.0;1.0;1.0;1.0;1.0;0;0;1;0;1;6;5;5;5;5;5;5;6;6;6;6;6;5;5;6;5;-3;-3;3;350;13000;0;6;4;1;6;5;6;5;5;1;1;3;3;7;3;3;3;3;3;8;3;2;2;2;7;3;3;-3
"1-5-0 (2020-11-16)";"doi.org/10.14281/18241.1";2018;410;"KOR";732;"ROK";410070110;20180101;201712;201801;19.59;20.19;20;1;410041;410007;8;5;2;1;110;2390;"ko";1;1;1.0;0.8032128514056225;41453.815261044176;1;1;2;3;3;4;2;1;2;1;2;2;1;2;1;1;2;1;2;1;2;2;2;1;2;2;2;1;2;2;3;3;2;1;1;1;2;1;3;2;3;3;4;3;1;2;3;2;2;2;7;6;8;4;4;4;4;4;1;1;1;3;2;3;3;4;4;3;2;3;2;3;3;4;3;4;3;3;4;4;3;3;4;3;3;3;4;3;3;4;3;3;3;6;2;1;3;0;0;0;0;0;0;0;0;0;0;0;0;6;4;6;5;4;1;8;3;3;4;3;3;2;2;7;4;2;1;1;0;2;0;0;1;2;2;4;3;4;3;3;3;4;2;2;2;2;3;2;2;3;4;4;1;1;1;3;2;1;3;3;2;6;5;7;7;5;6;1;2;2;2;2;4;4;7;8;3;2;2;7;6;1;1;1;1;8;6;7;7;5;1;8;1;1;3;1;4;5;7;2;2;3;2;2;1;2;2;1;1;1;3;3;3;3;3;3;3;3;3;3;3;3;3;3;1;1;410002;410002;410002;1;4;3;3;2;1;3;4;1;1;2;3;3;4;3;4;6;7;1;6;5;1;3;6;4;5;6;5;3;2;3;2;2;2;3;3;1;1960;57;5;3;1;1;2;410;410;-2;1;2;1;2390;1;2;6;3;3;2;0;1;1;1;1;5;3;-5;9;2;1;1;3;7;2;0;100000020;410004;3;1;0;0.5391666666666667;0.7483333333333334;0.543425925925926;0.5035185185185186;0.5;0.66;0.33;0.49666666666666676;1.0;1.0;1.0;1.0;0.0;0.0;0.0;0.0;0.66;0.66;0.66;0.66;1.0;0.0;1.0;0.6666666666666666;0.25;0.33;0.33;0.3033333333333334;0.7777777777777778;0.6666666666666666;0.6666666666666666;0.7037037037037037;0.0;1.0;0.5;0.5;1.0;1.0;1.0;1.0;1.0;1.0;1.0;1.0;1.0;1.0;1.0;1.0;1;0;0;1;1;7;6;5;7;5;6;4;7;5;5;4;5;6;7;5;6;1;3;3;560;37800;10000;8;6;1;6;6;6;7;6;2;2;2;2;3;2;2;2;2;2;1;3;2;2;2;3;3;2;4
"1-5-0 (2020-11-16)";"doi.org/10.14281/18241.1";2018;410;"KOR";732;"ROK";410070111;20180101;201712;201801;21.02;21.39;37;1;410028;410004;8;5;2;1;111;2390;"ko";2;1;1.0;0.8032128514056225;41453.815261044176;2;2;2;2;2;3;2;1;1;1;1;1;2;2;2;2;2;1;2;1;2;1;2;1;2;2;3;2;2;3;3;3;4;2;3;3;3;3;2;3;3;4;3;3;1;2;2;2;2;2;6;6;6;4;4;4;4;4;1;1;2;2;2;4;4;4;2;2;2;2;3;3;2;2;2;2;3;3;2;3;2;2;2;3;3;3;3;2;2;2;2;2;2;5;3;1;1;0;0;0;0;0;0;0;0;0;0;0;0;3;4;4;4;5;2;4;2;2;2;3;3;2;2;4;2;2;1;1;1;2;1;1;1;2;3;2;2;2;2;2;3;3;1;1;1;2;2;2;2;3;3;3;2;2;1;1;2;2;3;2;1;6;6;7;6;7;7;5;2;2;2;2;3;3;7;8;3;2;2;3;4;4;4;3;4;4;3;4;4;3;4;4;5;4;3;4;5;5;5;3;3;3;3;3;5;2;5;5;4;5;4;4;2;2;2;2;2;2;3;2;2;2;3;2;1;1;-2;-2;-2;3;3;2;2;3;3;3;3;3;3;3;2;2;3;2;2;6;8;8;8;8;8;8;7;8;8;8;7;7;2;2;2;2;2;4;4;1;1959;58;5;3;1;1;1;410;410;410;1;1;1;2390;6;0;3;2;-3;-3;1;1;2;1;3;-3;6;-3;9;2;1;2;3;4;2;0;100000020;410004;2;2;1;0.7058333333333334;0.6916666666666668;0.5608333333333333;0.45666666666666667;0.5;0.33;0.66;0.49666666666666676;0.66;1.0;1.0;0.8866666666666667;1.0;1.0;1.0;1.0;0.33;0.66;0.33;0.44;1.0;1.0;1.0;1.0;0.75;0.33;0.66;0.5800000000000001;0.3333333333333333;0.3333333333333333;0.3333333333333333;0.3333333333333333;0.66;0.0;0.33;0.33;1.0;1.0;1.0;1.0;1.0;1.0;1.0;1.0;1.0;1.0;1.0;1.0;0;1;0;1;0;7;5;5;6;6;6;6;6;5;6;5;7;5;6;6;7;4;1;3;200;2000;0;6;4;1;6;6;7;6;5;1;1;2;2;5;5;5;3;3;2;3;3;2;3;3;5;3;3;-3
"1-5-0 (2020-11-16)";"doi.org/10.14281/18241.1";2018;410;"KOR";732;"ROK";410070112;20180101;201712;201801;21.11;21.54;43;1;410011;410001;8;5;1;1;112;2390;"ko";1;1;1.0;0.8032128514056225;41453.815261044176;1;1;1;2;2;1;1;1;2;1;1;1;2;2;2;2;2;1;2;1;2;1;2;2;2;1;2;3;2;2;3;3;2;1;2;1;2;1;3;2;2;1;3;2;2;3;1;2;2;2;7;7;7;4;4;4;4;4;1;1;1;2;3;4;3;3;1;3;2;2;3;3;2;2;2;3;3;2;3;2;3;2;3;2;2;2;1;2;2;2;2;3;2;7;3;1;2;0;0;0;0;0;0;0;0;0;0;0;0;7;6;7;7;6;1;7;3;2;3;2;3;2;3;6;4;2;2;2;1;2;2;2;2;2;2;4;3;4;4;4;4;4;1;1;2;3;3;1;2;4;4;4;1;1;1;1;3;2;3;2;3;8;7;7;7;6;6;8;1;1;1;1;2;3;1;2;1;1;1;7;5;5;4;3;6;3;4;4;6;5;3;5;7;3;4;4;4;3;3;2;2;3;2;2;5;1;5;2;5;1;2;2;3;2;1;2;2;2;2;2;2;2;2;2;1;1;410002;410002;410002;2;3;2;3;2;3;2;3;2;3;2;2;3;4;2;4;5;7;3;8;6;7;6;4;5;6;6;6;6;2;2;1;1;1;2;3;1;1989;28;2;1;1;1;1;410;410;410;1;4;2;2390;6;0;6;3;-3;-3;2;1;3;2;1;-3;3;-3;4;2;2;1;2;7;2;2;20000000;410004;4;2;1;0.48416666666666663;0.19333333333333336;0.563425925925926;0.3368518518518519;0.5;0.33;0.33;0.3866666666666667;0.0;0.0;0.0;0.0;1.0;1.0;1.0;1.0;0.66;0.66;0.33;0.5499999999999999;1.0;1.0;1.0;1.0;0.25;0.33;0.33;0.3033333333333334;0.2222222222222222;0.3333333333333333;0.5555555555555556;0.3703703703703704;0.66;0.5;0.5800000000000001;0.5800000000000001;1.0;1.0;1.0;1.0;1.0;1.0;1.0;1.0;1.0;1.0;1.0;1.0;1;1;0;1;1;8;7;6;7;6;7;6;7;7;7;7;7;8;7;7;7;1;3;2;500;12000;300;7;6;1;8;7;6;7;7;1;4;4;4;7;6;5;5;4;2;1;2;3;2;3;8;5;6;-3
"1-5-0 (2020-11-16)";"doi.org/10.14281/18241.1";2018;410;"KOR";732;"ROK";410070113;20180102;201712;201801;10.13;11.0;47;1;410011;410001;8;5;1;1;113;2390;"ko";2;1;1.0;0.8032128514056225;41453.815261044176;1;1;1;2;2;3;1;2;1;1;2;2;1;1;2;2;2;1;1;1;2;1;2;1;1;2;2;1;2;3;2;2;3;3;2;1;3;3;4;3;3;2;2;4;2;2;1;1;2;2;7;8;7;4;4;4;4;4;1;2;1;2;2;3;3;3;2;2;3;2;2;3;3;3;3;3;2;2;2;2;2;1;1;2;2;2;1;2;2;2;2;2;2;7;3;1;2;0;0;0;0;0;0;0;0;0;0;0;0;5;5;4;4;6;1;7;2;2;3;2;2;1;3;6;4;2;2;2;1;1;2;2;2;2;2;3;2;3;4;3;2;3;1;1;2;3;2;2;2;2;3;3;1;2;2;2;4;1;3;1;4;8;7;6;7;8;7;6;1;2;2;2;4;3;7;8;3;2;1;7;4;3;3;2;2;3;2;3;3;2;2;1;2;2;2;3;2;3;4;2;2;3;3;2;5;1;4;1;2;1;2;1;1;2;2;2;2;3;3;3;1;3;3;3;1;1;410002;410002;410002;2;3;3;2;2;3;2;3;2;2;2;2;3;4;2;3;5;7;3;7;7;6;5;5;6;6;5;6;6;2;3;1;1;1;2;3;2;1983;34;2;2;1;1;1;410;410;410;1;4;1;2390;1;2;5;3;6;3;2;1;3;2;5;1;-3;3;7;-3;2;1;3;5;2;0;100000020;410004;0;1;1;0.6916666666666667;0.6083333333333334;0.26305555555555554;0.35944444444444446;0.0;0.66;0.33;0.33;0.66;1.0;1.0;0.8866666666666667;1.0;1.0;1.0;1.0;0.33;0.66;0.66;0.55;0.0;0.0;1.0;0.3333333333333333;0.5;0.33;0.66;0.49666666666666676;0.2222222222222222;0.2222222222222222;0.2222222222222222;0.2222222222222222;0.0;0.0;0.0;0.0;1.0;1.0;1.0;1.0;1.0;1.0;1.0;1.0;1.0;1.0;1.0;1.0;0;0;0;0;0;8;7;7;8;7;8;7;7;7;6;7;9;6;7;7;7;-3;-3;3;450;55000;3000;-3;4;2;-3;-3;-3;6;4;1;1;6;5;7;5;6;5;5;3;1;2;3;2;3;7;5;6;4
"1-5-0 (2020-11-16)";"doi.org/10.14281/18241.1";2018;410;"KOR";732;"ROK";410070114;20180102;201712;201801;12.03;12.49;46;1;410047;410013;6;3;4;1;114;2390;"ko";3;1;1.0;0.8032128514056225;41453.815261044176;1;2;2;2;2;3;1;2;1;1;1;2;1;2;2;2;2;1;2;1;2;1;2;1;1;2;2;2;1;2;2;3;2;1;1;1;2;1;4;2;2;1;2;2;1;3;2;2;3;4;9;4;5;4;4;4;4;4;1;2;1;2;2;4;4;4;3;2;2;2;3;2;2;2;3;3;2;3;2;2;2;2;2;2;3;3;3;3;3;3;3;3;3;4;3;1;2;0;0;0;0;0;0;0;0;0;1;0;0;8;7;7;4;8;2;7;2;2;2;2;2;3;3;7;3;2;2;2;2;2;2;2;2;2;2;2;1;2;2;2;1;2;2;2;2;2;2;2;2;2;2;2;2;2;1;1;2;3;2;1;2;7;5;7;6;5;6;4;2;2;2;2;3;4;7;7;3;2;2;7;5;2;1;1;1;1;1;5;5;4;1;5;2;3;1;1;1;1;5;2;3;3;3;2;5;1;5;5;5;5;5;2;1;3;1;3;2;2;2;2;3;3;3;3;1;1;-2;-2;-2;1;3;4;4;2;3;3;3;2;3;2;2;2;3;2;3;8;7;5;10;5;5;5;5;5;7;5;7;6;2;2;1;1;1;3;3;1;1948;69;6;3;1;1;1;410;410;410;1;2;1;2390;1;4;1;1;1;1;0;1;0;1;1;1;9;9;9;2;1;2;3;4;2;0;100000020;410004;2;2;0;0.4841666666666667;0.6366666666666667;0.33032407407407405;0.24481481481481482;0.5;0.33;0.33;0.3866666666666667;0.66;1.0;1.0;0.8866666666666667;1.0;0.0;0.0;0.3333333333333333;0.33;0.33;0.33;0.33;0.0;1.0;1.0;0.6666666666666666;0.25;0.0;0.33;0.19333333333333336;0.0;0.4444444444444444;0.4444444444444444;0.2962962962962963;0.33;0.0;0.165;0.165;1.0;1.0;1.0;1.0;1.0;1.0;1.0;1.0;1.0;1.0;1.0;1.0;0;0;1;0;1;4;5;5;7;3;6;3;4;3;4;4;3;4;5;5;6;4;2;3;200;50000;0;5;5;1;7;5;10;7;5;1;5;5;5;6;5;5;5;5;2;1;3;2;2;2;7;5;2;4
"1-5-0 (2020-11-16)";"doi.org/10.14281/18241.1";2018;410;"KOR";732;"ROK";410070115;20180102;201712;201801;13.57;14.32;35;1;410047;410013;6;3;4;1;115;2390;"ko";3;1;1.0;0.8032128514056225;41453.815261044176;1;2;2;3;2;3;1;1;2;1;1;2;2;1;2;2;2;1;1;1;1;1;2;1;1;1;1;2;2;2;2;2;2;1;1;1;1;1;1;2;2;1;2;2;2;3;1;2;3;3;7;4;4;4;4;4;4;4;1;2;1;2;4;4;4;4;2;2;2;2;2;2;2;3;3;3;2;2;2;2;2;3;3;3;3;3;3;3;3;3;3;3;3;7;3;1;1;0;0;0;0;0;0;0;0;0;0;0;0;4;4;4;7;6;1;5;2;2;2;2;2;2;3;4;3;2;2;2;2;0;0;0;2;3;3;2;1;2;1;2;1;2;2;2;2;3;3;2;2;3;3;3;2;2;2;1;3;1;2;3;2;7;7;6;7;6;5;7;2;2;2;2;3;3;7;7;3;2;2;5;3;4;1;1;1;1;1;7;4;3;1;5;3;3;1;1;1;1;7;2;2;3;3;3;5;1;5;5;5;5;5;1;1;3;2;3;2;2;2;2;2;2;2;2;1;1;410001;410001;410001;2;2;2;3;2;2;3;3;2;2;2;2;2;3;2;3;8;7;5;8;5;6;6;6;5;6;6;6;5;2;2;2;2;1;3;3;2;1929;88;6;3;1;1;1;410;410;410;1;1;1;2390;5;4;1;1;-3;-3;0;1;0;1;2;-3;9;-5;9;2;1;2;5;3;1;0;100000020;410004;4;2;2;0.45666666666666667;0.5816666666666667;0.5129166666666667;0.31833333333333336;0.5;0.33;0.0;0.27666666666666667;0.66;1.0;1.0;0.8866666666666667;1.0;0.0;0.0;0.3333333333333333;0.33;0.33;0.33;0.33;1.0;1.0;1.0;1.0;0.25;0.33;0.33;0.3033333333333334;0.0;0.6666666666666666;0.3333333333333333;0.3333333333333333;0.33;0.5;0.41500000000000004;0.41500000000000004;1.0;1.0;1.0;1.0;1.0;1.0;1.0;1.0;1.0;1.0;1.0;1.0;1;0;1;1;1;4;4;4;5;4;5;5;5;5;4;7;3;5;5;5;7;4;1;5;60;15000;0;4;3;1;5;4;6;5;4;1;2;3;5;6;6;5;5;5;3;2;3;2;1;2;6;6;3;-5
"1-5-0 (2020-11-16)";"doi.org/10.14281/18241.1";2018;410;"KOR";732;"ROK";410070116;20180102;201712;201801;14.42;15.08;26;1;410047;410013;6;3;4;1;116;2390;"ko";3;1;1.0;0.8032128514056225;41453.815261044176;1;2;2;2;2;2;1;1;1;1;2;2;1;2;2;2;2;1;2;1;2;1;2;1;2;1;2;2;2;2;2;2;2;1;1;1;2;1;3;2;2;2;2;2;2;3;2;2;3;3;7;4;3;4;4;4;4;4;3;2;1;2;2;4;4;4;2;3;3;3;3;3;3;3;4;4;3;3;3;4;4;4;4;4;4;4;4;4;4;4;4;4;4;4;3;2;1;1;0;0;0;0;0;0;0;0;0;0;0;3;7;5;3;7;2;8;3;3;3;3;3;3;4;7;3;2;2;2;2;2;2;2;2;2;2;4;4;2;4;4;2;2;2;2;2;2;2;2;2;2;2;2;2;1;2;1;3;1;3;2;1;6;5;6;6;5;6;4;2;2;2;2;3;3;4;6;2;2;2;6;1;2;1;1;1;1;1;4;6;5;1;4;3;1;1;3;4;1;7;1;1;1;3;3;5;1;5;5;5;5;5;1;2;2;2;2;2;2;2;2;2;2;2;2;1;1;410001;410001;410001;2;2;2;3;2;2;2;3;3;3;2;2;2;3;2;2;5;4;3;3;5;3;6;3;4;5;5;4;5;3;2;1;1;1;3;3;2;1938;79;6;3;1;1;1;410;410;410;1;1;1;2390;5;3;1;1;-3;-3;0;1;0;1;2;-3;9;-5;9;2;1;2;5;2;1;7;70000000;410004;2;1;1;0.49750000000000005;0.49833333333333335;0.3790740740740741;0.29981481481481487;0.5;0.33;0.33;0.3866666666666667;0.33;1.0;0.5;0.61;1.0;0.0;0.0;0.3333333333333333;0.66;0.66;0.66;0.66;1.0;0.0;1.0;0.6666666666666666;0.25;0.33;0.33;0.3033333333333334;0.0;0.3333333333333333;0.5555555555555556;0.2962962962962963;0.0;0.5;0.25;0.25;1.0;1.0;1.0;1.0;1.0;1.0;1.0;1.0;1.0;1.0;1.0;1.0;1;0;0;1;0;4;4;4;5;5;4;4;3;3;4;3;5;3;5;5;6;4;1;5;70;15000;0;3;1;1;4;3;7;6;3;1;2;3;3;7;7;5;5;8;2;2;3;3;2;2;7;7;3;-5
"1-5-0 (2020-11-16)";"doi.org/10.14281/18241.1";2018;410;"KOR";732;"ROK";410070117;20180102;201712;201801;14.53;15.34;41;1;410031;410020;8;5;2;1;117;2390;"ko";2;1;1.0;0.8032128514056225;41453.815261044176;1;1;2;3;1;3;2;1;1;1;1;2;2;1;2;2;2;1;1;1;2;1;2;1;2;2;3;2;2;3;1;1;3;3;1;1;4;2;4;5;3;1;4;4;2;2;1;3;2;2;6;8;6;4;4;4;4;4;1;2;1;3;2;4;2;3;3;3;4;3;3;2;3;2;4;4;3;3;3;3;2;3;3;4;3;3;2;4;3;3;3;2;3;8;3;1;2;0;0;0;0;0;0;0;0;0;2;0;0;9;8;6;6;7;2;8;3;4;2;4;3;4;3;4;3;2;0;2;1;2;1;0;2;3;3;3;3;4;4;4;3;4;2;1;2;2;2;2;2;3;4;4;2;2;2;2;1;3;2;1;2;6;6;4;3;4;8;5;1;2;2;2;4;4;7;8;2;2;2;7;3;4;3;6;5;6;6;6;7;8;7;9;3;7;4;1;4;5;8;2;4;4;3;2;4;1;4;1;3;1;1;1;1;2;2;2;1;1;3;2;1;2;2;2;3;3;410002;410002;410002;2;4;1;2;3;3;2;4;3;3;2;2;2;4;4;4;3;8;1;9;8;1;8;7;2;8;10;8;8;2;2;2;2;2;3;3;2;1978;39;3;2;1;1;1;410;410;410;1;4;1;2390;1;2;5;3;6;3;1;1;2;1;5;1;-3;3;8;-3;2;1;3;6;2;0;100000020;410004;2;2;2;0.775;0.7750000000000001;0.5635648148148149;0.5446296296296297;1.0;0.33;0.66;0.6633333333333334;0.66;1.0;1.0;0.8866666666666667;1.0;1.0;1.0;1.0;0.66;0.33;0.66;0.5499999999999999;1.0;1.0;1.0;1.0;0.5;0.33;0.66;0.49666666666666676;0.5555555555555556;0.5555555555555556;0.6666666666666666;0.5925925925925927;0.33;0.0;0.165;0.165;1.0;1.0;1.0;1.0;1.0;1.0;1.0;1.0;1.0;1.0;1.0;1.0;0;0;1;0;1;8;4;5;5;6;4;3;4;3;3;5;8;3;7;7;4;-3;-3;2;300;22000;4000;-3;6;1;-3;-3;-3;8;4;1;2;7;7;7;3;4;6;6;1;1;2;3;2;2;8;2;5;4
"1-5-0 (2020-11-16)";"doi.org/10.14281/18241.1";2018;410;"KOR";732;"ROK";410070118;20180102;201712;201801;15.16;16.04;48;1;410047;410013;6;3;4;1;118;2390;"ko";3;1;1.0;0.8032128514056225;41453.815261044176;1;1;2;2;2;4;1;1;1;1;2;2;2;1;2;2;2;1;2;1;2;1;2;1;2;2;2;2;3;3;3;3;3;3;2;1;2;1;3;4;3;2;3;3;2;3;1;3;2;1;7;7;6;4;4;4;4;4;1;2;1;2;2;4;4;4;3;4;3;3;3;3;3;4;4;3;4;2;3;3;3;3;3;3;3;3;3;3;3;3;3;3;3;7;3;1;2;0;0;0;0;0;0;0;0;0;0;0;0;4;7;6;4;7;2;8;4;4;4;4;4;3;4;7;3;2;2;2;2;2;2;2;2;3;3;3;2;2;2;3;2;2;2;2;2;2;2;2;2;3;3;3;2;1;1;1;2;1;2;1;2;6;7;7;7;8;6;5;2;2;2;2;3;3;6;6;3;2;2;4;1;1;1;1;1;3;3;5;7;7;3;5;7;5;5;5;3;5;6;3;3;3;3;3;5;2;5;1;5;1;1;5;1;2;2;2;2;2;2;2;1;1;2;2;2;2;410002;410002;410002;2;3;3;4;3;2;4;3;3;3;3;2;2;3;3;3;6;6;5;9;6;6;5;4;6;5;6;5;6;2;2;2;2;2;3;3;1;1996;21;1;1;1;1;1;410;410;410;1;4;2;2390;6;0;3;2;-3;-3;3;2;3;2;6;-3;-3;-3;9;-3;2;2;3;4;2;0;100000020;410004;2;2;2;0.5677777777777778;0.7488888888888889;0.4706944444444444;0.5255555555555557;1.0;0.33;0.33;0.5533333333333333;1.0;1.0;0.8333333333333334;0.9444444444444445;0.0;0.0;0.0;0.0;1.0;0.66;0.66;0.7733333333333334;1.0;0.0;1.0;0.6666666666666666;0.5;0.66;0.66;0.6066666666666668;0.2222222222222222;0.4444444444444444;0.6666666666666666;0.4444444444444445;0.33;0.0;0.165;0.165;1.0;1.0;1.0;1.0;1.0;1.0;1.0;1.0;1.0;1.0;1.0;1.0;0;0;1;0;1;7;6;3;7;2;6;4;4;4;4;4;9;4;6;4;7;-3;-3;3;400;30000;7000;-3;4;1;-3;-3;-3;7;1;2;2;5;6;7;5;5;5;5;2;1;4;3;2;2;8;1;4;-3
"1-5-0 (2020-11-16)";"doi.org/10.14281/18241.1";2018;410;"KOR";732;"ROK";410070119;20180102;201712;201801;15.41;16.3;49;1;410031;410020;8;5;2;1;119;2390;"ko";2;1;1.0;0.8032128514056225;41453.815261044176;1;1;2;2;1;3;2;2;1;1;1;1;2;1;2;2;2;1;2;1;2;1;2;1;2;2;3;2;1;2;1;2;3;3;1;1;4;2;5;2;2;1;2;3;2;2;1;3;3;3;4;4;4;4;4;4;4;4;1;2;1;2;2;3;4;4;4;3;3;3;4;3;3;4;4;4;4;4;3;4;3;4;4;4;4;4;2;4;2;4;4;3;4;8;3;1;2;0;0;0;1;0;0;0;0;0;1;0;0;10;5;7;3;6;2;7;1;2;2;1;1;2;2;5;4;2;2;2;1;2;1;1;2;2;4;4;2;4;4;4;3;4;2;2;2;2;2;2;1;3;4;4;2;2;1;3;2;3;2;1;2;7;7;4;5;4;6;4;2;2;2;2;3;4;7;8;2;2;2;7;4;6;1;4;6;6;4;6;7;8;6;9;3;8;2;8;3;6;8;2;4;4;2;2;1;1;3;2;5;2;5;2;1;2;2;1;2;1;2;1;1;2;2;2;2;1;410002;410002;410002;2;3;2;3;4;2;2;3;2;3;1;1;4;3;2;4;5;8;5;9;8;1;9;6;4;8;9;8;7;2;1;1;1;1;3;4;1;1953;64;5;3;1;1;1;410;410;410;1;2;1;2390;1;3;3;2;2;1;0;1;0;1;1;5;3;-5;9;2;1;2;3;5;2;0;100000020;410004;3;2;1;0.775;0.72;0.5502314814814815;0.4346296296296297;1.0;0.0;0.66;0.5533333333333333;0.66;1.0;1.0;0.8866666666666667;1.0;1.0;1.0;1.0;0.66;0.66;0.66;0.66;0.0;1.0;1.0;0.6666666666666666;0.5;0.0;0.33;0.27666666666666667;0.5555555555555556;0.5555555555555556;0.6666666666666666;0.5925925925925927;0.33;1.0;0.665;0.665;1.0;1.0;1.0;1.0;1.0;1.0;1.0;1.0;1.0;1.0;1.0;1.0;1;0;1;0;1;4;4;4;6;4;5;5;5;7;6;4;4;2;7;5;6;1;6;3;250;25000;0;6;6;1;6;5;6;4;3;1;1;5;5;8;4;2;3;4;2;1;2;2;3;2;8;3;2;4
"1-5-0 (2020-11-16)";"doi.org/10.14281/18241.1";2018;410;"KOR";732;"ROK";410070120;20180102;201712;201801;16.31;17.13;43;1;410031;410020;8;5;2;1;120;2390;"ko";3;1;1.0;0.8032128514056225;41453.815261044176;1;2;2;2;1;4;2;2;1;1;1;1;2;1;2;2;2;1;2;1;1;1;2;1;2;2;2;2;1;3;2;2;4;2;2;1;4;2;3;2;2;2;3;2;2;2;2;3;3;3;4;4;4;4;4;4;4;4;3;2;1;2;2;3;3;3;4;4;3;3;3;3;3;3;4;4;4;4;4;4;3;3;3;3;4;4;3;3;3;4;4;3;4;6;3;1;2;0;0;0;1;0;0;0;0;0;2;0;0;5;8;5;6;7;2;7;3;3;3;4;4;2;3;6;4;2;1;2;0;2;1;0;2;3;3;4;3;4;4;4;3;4;2;2;2;2;3;2;1;2;2;3;1;2;2;2;1;3;4;1;3;6;7;5;7;4;7;5;1;1;1;1;3;3;6;8;2;1;2;4;3;4;3;3;4;6;6;6;8;8;4;9;2;7;6;7;5;7;7;2;3;4;2;2;2;1;2;1;3;1;5;2;1;2;2;1;2;1;2;2;1;2;2;2;2;2;410001;410001;410001;2;4;3;3;3;2;2;3;2;3;2;2;3;4;3;4;7;7;3;8;8;3;8;7;3;8;9;7;7;2;2;1;1;1;2;3;1;1961;56;5;3;1;1;1;410;410;410;1;3;1;2390;1;2;3;2;3;2;0;1;1;1;1;1;7;8;9;2;1;2;3;4;2;0;100000020;410004;2;2;1;0.8177777777777778;0.7488888888888889;0.4828240740740741;0.5498148148148149;1.0;0.33;0.33;0.5533333333333333;1.0;1.0;0.8333333333333334;0.9444444444444445;1.0;1.0;1.0;1.0;1.0;0.66;0.66;0.7733333333333334;0.0;1.0;1.0;0.6666666666666666;0.75;0.0;0.66;0.47000000000000003;0.5555555555555556;0.5555555555555556;0.7777777777777778;0.6296296296296297;0.33;0.0;0.165;0.165;1.0;1.0;1.0;1.0;1.0;1.0;1.0;1.0;1.0;1.0;1.0;1.0;0;0;1;0;1;5;3;3;5;3;3;6;3;5;4;3;5;1;5;7;5;1;6;3;300;23000;3000;6;3;1;4;5;4;5;3;1;1;3;5;5;7;2;4;5;2;2;3;2;2;3;5;7;3;4
"1-5-0 (2020-11-16)";"doi.org/10.14281/18241.1";2018;410;"KOR";732;"ROK";410070121;20180102;201712;201801;17.19;17.56;36;1;410047;410013;6;3;4;1;121;2390;"ko";3;1;1.0;0.8032128514056225;41453.815261044176;1;2;2;2;2;3;1;1;1;1;1;2;2;2;2;2;2;1;2;1;2;1;2;1;2;2;2;1;3;3;3;3;2;1;2;1;1;1;3;2;2;1;2;2;2;3;1;1;2;2;9;7;5;4;4;4;4;4;1;2;1;2;2;4;4;4;3;4;3;3;3;3;3;3;4;4;3;3;3;3;3;3;3;3;3;3;3;3;4;3;4;4;3;8;3;2;2;0;0;0;0;0;0;0;0;0;0;0;0;7;7;7;4;8;1;7;4;4;4;4;4;3;4;7;3;2;2;2;2;2;2;2;2;3;3;2;1;2;1;3;1;1;2;2;2;1;1;2;2;3;3;3;2;2;2;1;2;1;2;2;1;6;5;7;5;7;6;5;2;1;2;2;3;4;4;4;3;2;2;7;2;1;1;1;1;1;1;5;4;4;1;4;2;2;1;1;3;1;7;3;3;3;2;2;5;1;5;1;5;1;5;1;1;2;2;2;2;2;2;2;2;2;2;2;1;1;410002;410002;410002;1;3;2;3;3;2;3;3;3;3;3;2;3;3;3;3;6;7;5;7;5;5;7;7;4;7;5;5;5;3;2;2;2;1;4;4;1;1964;53;4;3;1;1;1;410;410;410;1;3;1;2390;1;2;3;2;3;2;1;1;1;1;3;2;4;4;9;2;1;2;3;4;2;7;70000000;410004;2;2;1;0.42833333333333334;0.47000000000000003;0.48689814814814814;0.39129629629629625;0.0;0.33;0.33;0.22;0.66;1.0;0.5;0.7200000000000001;0.0;0.0;0.0;0.0;1.0;0.66;0.66;0.7733333333333334;1.0;1.0;1.0;1.0;0.25;0.66;0.66;0.5233333333333333;0.0;0.4444444444444444;0.3333333333333333;0.25925925925925924;0.33;0.0;0.165;0.165;1.0;1.0;1.0;1.0;1.0;1.0;1.0;1.0;1.0;1.0;1.0;1.0;0;0;1;1;0;7;6;3;8;6;6;4;4;3;4;4;7;6;7;4;7;4;2;3;300;25000;5000;7;4;1;7;7;8;8;6;1;2;4;5;5;5;5;5;5;2;1;4;3;2;2;8;4;4;4
"1-5-0 (2020-11-16)";"doi.org/10.14281/18241.1";2018;410;"KOR";732;"ROK";410070122;20180102;201712;201801;17.24;18.01;38;1;410031;410020;8;5;2;1;122;2390;"ko";2;1;1.0;0.8032128514056225;41453.815261044176;1;1;2;2;2;2;2;1;1;1;1;2;2;1;2;2;2;1;2;1;2;1;2;1;2;2;3;2;1;2;1;2;2;1;2;1;3;3;5;3;2;1;3;2;2;3;1;3;2;2;7;7;7;4;4;4;4;4;1;1;1;2;2;3;3;3;3;3;2;2;3;2;2;2;4;4;2;2;2;3;2;2;2;3;3;3;2;2;2;3;3;2;3;6;3;2;2;1;0;0;0;0;0;0;0;0;2;0;0;9;6;6;4;7;2;6;3;2;2;3;2;2;2;7;4;2;2;2;1;2;0;1;2;3;3;4;3;4;4;4;3;4;2;1;2;1;3;1;1;1;2;2;1;2;1;3;2;2;3;2;1;5;4;7;7;5;6;8;1;1;1;1;4;4;4;5;2;2;2;7;2;4;1;4;3;7;2;6;7;7;6;9;1;6;1;3;3;6;6;2;3;4;2;2;3;1;3;2;5;2;5;1;1;2;2;2;2;1;3;2;1;3;3;3;2;1;410001;410001;410001;1;3;1;3;2;1;3;3;2;3;1;1;2;3;2;3;8;8;5;9;8;3;7;7;5;8;9;8;7;2;2;1;1;2;2;3;2;1955;62;5;3;1;1;1;410;410;410;1;3;1;2390;1;4;2;1;2;1;0;1;1;1;1;1;4;7;9;2;2;1;3;6;2;7;70000000;410004;3;2;2;0.6783333333333333;0.6366666666666667;0.6632407407407408;0.4114814814814815;1.0;0.33;0.66;0.6633333333333334;0.33;1.0;0.5;0.61;1.0;1.0;1.0;1.0;0.66;0.33;0.33;0.44;1.0;1.0;1.0;1.0;0.25;0.0;0.33;0.19333333333333336;0.6666666666666666;0.5555555555555556;0.6666666666666666;0.6296296296296297;0.66;1.0;0.8300000000000001;0.8300000000000001;1.0;1.0;1.0;1.0;1.0;1.0;1.0;1.0;1.0;1.0;1.0;1.0;1;1;0;1;0;7;5;4;6;5;5;5;5;7;7;7;7;3;8;5;7;4;1;3;500;27000;4000;7;6;1;8;7;10;7;5;2;1;4;5;6;8;3;3;4;2;2;3;2;4;1;6;8;4;4
"1-5-0 (2020-11-16)";"doi.org/10.14281/18241.1";2018;410;"KOR";732;"ROK";410070123;20180102;201712;201801;18.08;18.45;38;1;410031;410020;8;5;2;1;123;2390;"ko";2;1;1.0;0.8032128514056225;41453.815261044176;1;1;2;2;1;3;1;2;1;1;1;2;2;1;2;2;2;1;2;1;1;1;2;1;2;2;3;1;1;3;1;1;2;1;1;1;2;1;5;4;2;1;4;3;2;3;1;2;2;2;7;7;5;4;4;4;4;4;1;1;1;2;2;3;4;4;3;3;2;2;3;2;3;2;4;4;2;2;2;3;2;2;2;2;3;3;2;2;2;3;3;2;2;7;3;2;2;1;0;0;0;0;0;0;0;0;0;1;0;7;8;6;6;6;2;5;3;4;2;3;2;1;2;5;2;2;1;2;0;2;0;1;2;2;3;4;2;4;4;4;3;4;2;1;2;2;2;1;1;1;3;4;1;2;1;1;2;3;2;1;2;7;4;7;4;5;7;7;1;1;1;1;3;3;4;5;2;2;2;7;3;5;1;4;3;4;3;7;8;8;4;9;1;6;4;6;4;5;6;2;4;4;3;2;3;1;3;1;5;2;5;1;2;2;2;2;2;1;3;3;2;2;3;3;2;1;410001;410001;410001;2;2;1;2;2;2;1;2;2;2;2;1;2;4;1;3;6;8;4;8;7;1;8;7;5;7;7;7;8;2;2;2;2;2;3;4;2;1967;50;4;3;1;1;1;410;410;410;1;4;1;2390;1;2;3;2;3;2;0;1;1;1;5;1;-3;8;9;-3;2;2;3;5;2;7;70000000;410004;2;2;1;0.6916666666666667;0.6083333333333334;0.4318981481481481;0.44796296296296295;0.5;0.33;0.66;0.49666666666666676;0.66;1.0;0.5;0.7200000000000001;1.0;1.0;1.0;1.0;0.66;0.33;0.66;0.5499999999999999;0.0;1.0;1.0;0.6666666666666666;0.25;0.0;0.66;0.30333333333333334;0.3333333333333333;0.6666666666666666;0.7777777777777778;0.5925925925925926;0.33;0.0;0.165;0.165;1.0;1.0;1.0;1.0;1.0;1.0;1.0;1.0;1.0;1.0;1.0;1.0;0;0;1;0;1;8;7;5;7;5;7;7;5;7;7;7;7;3;8;5;8;-3;-3;3;450;22000;0;-3;4;1;-3;-3;-3;7;4;1;1;3;7;6;5;3;3;5;2;5;3;2;3;2;7;3;4;4
"1-5-0 (2020-11-16)";"doi.org/10.14281/18241.1";2018;410;"KOR";732;"ROK";410070124;20180102;201712;201801;18.13;19.0;47;1;410047;410013;6;3;4;1;124;2390;"ko";3;1;1.0;0.8032128514056225;41453.815261044176;1;2;1;2;2;3;1;2;1;1;1;1;2;2;2;2;2;1;2;1;2;1;2;1;2;2;2;1;3;3;3;3;2;1;2;1;3;3;3;3;3;2;3;3;2;1;1;1;2;2;8;7;6;4;4;4;4;4;1;2;1;1;3;4;4;4;3;4;3;3;4;3;3;3;4;4;3;3;2;4;3;3;3;3;3;3;3;3;4;4;3;4;3;7;3;1;2;0;0;0;0;0;0;0;0;0;0;0;0;7;4;7;4;7;1;7;3;3;4;3;3;3;2;7;3;2;2;2;2;2;2;2;2;2;3;2;1;2;2;3;1;2;2;1;2;1;1;2;2;3;3;3;2;2;1;1;3;1;3;1;2;6;5;7;7;5;8;5;2;2;2;2;3;2;6;7;3;1;2;7;2;2;1;1;1;1;1;7;6;5;3;6;1;1;1;1;1;1;8;3;3;3;3;3;5;1;5;1;5;1;1;2;1;2;1;2;2;2;2;2;1;2;2;2;1;1;410002;410002;410002;2;3;3;4;2;2;4;3;2;3;1;2;2;4;2;3;3;4;4;8;6;4;6;3;4;5;7;7;6;2;2;2;2;2;3;3;2;1985;32;2;2;1;1;1;410;410;410;1;3;2;2390;6;0;6;3;-3;-3;3;2;3;2;1;-3;3;-3;9;2;2;2;3;5;2;0;100000020;410004;2;1;0;0.5394444444444445;0.5255555555555557;0.46185185185185185;0.4653703703703704;0.0;0.33;0.33;0.22;0.66;1.0;0.8333333333333334;0.8311111111111112;1.0;0.0;0.0;0.3333333333333333;1.0;0.66;0.66;0.7733333333333334;0.0;1.0;1.0;0.6666666666666666;0.25;0.66;0.66;0.5233333333333333;0.0;0.6666666666666666;0.5555555555555556;0.40740740740740744;0.0;0.5;0.25;0.25;1.0;1.0;1.0;1.0;1.0;1.0;1.0;1.0;1.0;1.0;1.0;1.0;1;0;0;0;1;7;5;3;7;5;7;4;4;3;4;4;8;4;4;5;7;1;4;3;500;30000;0;8;5;1;7;7;7;8;3;1;4;3;5;6;2;5;5;5;2;1;4;2;1;1;8;1;3;-3
"1-5-0 (2020-11-16)";"doi.org/10.14281/18241.1";2018;410;"KOR";732;"ROK";410070125;20180102;201712;201801;18.45;19.35;50;1;410031;410020;8;5;2;1;125;2390;"ko";3;1;1.0;0.8032128514056225;41453.815261044176;1;1;1;3;2;4;2;1;1;1;1;2;2;1;2;2;2;1;2;1;2;1;2;2;2;2;1;2;2;2;3;2;3;3;2;1;4;2;2;5;2;2;4;4;1;2;1;2;2;1;7;5;5;4;4;4;4;4;1;2;1;3;3;4;4;4;4;4;3;3;4;3;4;4;4;4;4;4;4;4;3;3;3;3;4;4;3;4;3;4;4;3;4;8;3;1;2;0;1;0;0;0;0;0;0;0;2;0;0;3;8;3;8;9;2;9;4;4;4;4;4;1;3;4;2;2;2;2;0;2;0;1;2;2;4;4;4;4;4;4;4;4;2;2;2;1;1;1;1;2;3;3;1;2;2;2;3;2;3;1;3;7;8;5;6;8;8;3;2;2;2;2;3;3;7;8;3;1;2;7;4;5;1;5;3;8;6;5;5;8;7;8;4;3;3;6;5;5;7;3;4;4;3;3;3;1;2;1;2;1;1;1;2;2;2;2;2;2;2;2;1;2;3;3;4;4;410002;410002;410002;3;2;4;3;2;3;4;3;2;3;3;2;2;3;2;3;5;8;4;8;8;4;8;8;3;8;7;8;4;2;3;2;2;2;3;4;1;1990;27;2;1;1;1;1;410;410;410;1;4;1;2390;6;0;5;3;-3;-3;3;2;3;2;1;-3;3;-3;8;2;2;1;3;6;2;0;100000020;410004;3;2;2;0.8183333333333334;0.6933333333333334;0.6305555555555555;0.4711111111111111;0.5;0.66;0.0;0.3866666666666667;1.0;1.0;1.0;1.0;1.0;1.0;1.0;1.0;1.0;0.66;1.0;0.8866666666666667;1.0;1.0;1.0;1.0;0.5;0.33;0.33;0.3866666666666667;0.7777777777777778;0.4444444444444444;0.4444444444444444;0.5555555555555555;0.66;0.5;0.5800000000000001;0.5800000000000001;1.0;1.0;1.0;1.0;1.0;1.0;1.0;1.0;1.0;1.0;1.0;1.0;1;1;0;0;1;5;4;4;4;2;4;4;2;4;3;3;8;1;7;5;3;1;3;3;500;25000;0;6;6;1;6;6;4;5;2;1;1;2;4;5;2;3;3;4;3;7;4;2;3;3;5;2;3;-3
"1-5-0 (2020-11-16)";"doi.org/10.14281/18241.1";2018;410;"KOR";732;"ROK";410070126;20180102;201712;201801;19.35;20.11;36;1;410031;410020;8;5;2;1;126;2390;"ko";3;1;1.0;0.8032128514056225;41453.815261044176;1;1;2;2;1;3;2;1;1;1;1;2;2;1;2;2;2;1;2;1;1;1;2;2;2;2;3;2;1;1;2;2;3;3;2;1;3;3;3;2;2;2;2;2;3;2;2;3;2;2;5;6;4;4;4;4;4;4;1;1;1;2;2;2;3;3;4;4;3;3;3;2;2;2;4;4;3;2;2;3;2;2;2;2;3;3;2;3;2;3;3;3;3;7;3;1;2;0;0;0;0;0;0;0;0;0;2;0;0;3;5;4;6;8;1;6;3;3;2;2;2;2;3;7;3;2;1;2;1;1;1;1;2;3;3;4;3;4;4;4;3;4;2;2;2;1;2;2;1;3;3;3;1;1;1;1;2;3;2;2;1;5;5;4;5;4;7;7;1;1;1;1;3;4;6;6;2;1;2;4;3;4;1;5;3;5;4;4;5;4;4;8;3;5;3;4;5;5;7;3;3;4;2;2;1;1;2;1;3;1;1;1;1;2;2;2;2;1;3;3;1;2;3;3;2;1;410001;410001;410001;3;2;3;2;2;3;2;3;3;2;2;2;1;3;2;3;8;8;4;7;8;2;7;8;4;5;9;7;7;3;3;2;2;2;3;4;1;1969;48;4;2;1;1;1;410;410;410;1;4;1;2390;1;2;6;3;5;3;1;1;2;1;1;1;3;4;8;2;1;2;3;5;2;7;70000000;410004;2;2;2;0.7894444444444445;0.8022222222222224;0.4347685185185185;0.28703703703703703;1.0;0.66;0.66;0.7733333333333334;0.66;1.0;0.8333333333333334;0.8311111111111112;1.0;1.0;1.0;1.0;1.0;0.33;0.33;0.5533333333333333;1.0;1.0;1.0;1.0;0.5;0.0;0.0;0.16666666666666666;0.4444444444444444;0.3333333333333333;0.4444444444444444;0.4074074074074074;0.33;0.0;0.165;0.165;1.0;1.0;1.0;1.0;1.0;1.0;1.0;1.0;1.0;1.0;1.0;1.0;0;0;1;1;0;6;4;4;5;3;5;7;3;5;5;4;7;2;5;7;6;1;5;3;450;19000;0;5;5;1;7;7;6;6;4;1;1;2;3;4;7;3;3;3;3;2;2;2;3;3;4;7;3;4
"1-5-0 (2020-11-16)";"doi.org/10.14281/18241.1";2018;410;"KOR";732;"ROK";410070127;20180102;201712;201801;19.47;20.25;38;1;410047;410013;6;3;4;1;127;2390;"ko";3;1;1.0;0.8032128514056225;41453.815261044176;1;2;1;2;1;3;1;1;1;1;1;2;2;2;2;2;2;1;2;1;2;1;2;1;2;2;2;2;2;2;2;2;2;1;1;1;2;1;3;4;3;2;2;2;2;1;1;1;2;1;8;8;6;4;4;4;4;4;1;2;1;1;2;4;4;4;3;4;4;3;3;4;4;4;3;4;3;3;4;3;3;3;3;3;3;3;3;4;4;3;3;3;3;7;3;1;2;0;0;0;0;0;0;0;0;0;0;0;0;4;4;3;4;4;1;4;3;4;3;3;4;2;2;7;3;2;2;2;2;2;2;2;2;3;3;3;2;2;2;3;2;2;2;2;2;1;1;2;2;2;2;2;1;2;1;1;2;2;1;2;3;7;6;5;6;5;5;5;2;2;2;2;3;3;6;6;3;2;2;6;2;1;1;1;1;2;2;6;7;4;6;5;2;1;6;6;3;2;7;3;3;3;2;2;5;1;5;1;5;1;2;2;1;2;1;2;2;2;2;2;2;2;2;2;1;1;410002;410002;410002;2;4;4;4;3;2;3;4;4;3;2;2;1;4;2;2;3;4;3;9;5;3;5;4;3;5;5;7;6;2;2;2;2;2;3;3;1;1986;31;2;2;1;1;1;410;410;410;1;3;2;2390;6;0;5;3;-3;-3;3;2;3;2;1;-3;6;-3;9;2;2;2;3;4;2;0;100000020;410004;3;2;1;0.5127777777777778;0.5255555555555557;0.5194444444444445;0.37388888888888894;0.0;0.33;0.33;0.22;0.66;1.0;0.8333333333333334;0.8311111111111112;0.0;0.0;0.0;0.0;1.0;1.0;1.0;1.0;1.0;1.0;1.0;1.0;0.25;0.33;0.33;0.3033333333333334;0.1111111111111111;0.5555555555555556;0.6666666666666666;0.4444444444444445;0.66;0.0;0.33;0.33;1.0;1.0;1.0;1.0;1.0;1.0;1.0;1.0;1.0;1.0;1.0;1.0;0;1;0;1;1;7;6;4;8;5;2;2;3;3;4;4;9;5;6;3;6;1;4;3;400;25000;2000;9;4;1;7;7;8;8;4;1;5;4;6;5;5;5;5;5;3;1;4;3;2;1;8;1;3;-3
"1-5-0 (2020-11-16)";"doi.org/10.14281/18241.1";2018;410;"KOR";732;"ROK";410070128;20180102;201712;201801;20.12;21.1;58;1;410031;410020;8;5;2;1;128;2390;"ko";2;1;1.0;0.8032128514056225;41453.815261044176;1;1;1;3;2;3;1;2;1;1;1;2;2;1;2;2;2;1;2;1;1;1;2;1;2;2;1;2;3;3;3;1;4;2;1;1;4;2;2;3;2;1;3;3;3;2;1;3;2;1;8;7;6;4;4;4;4;4;3;1;1;2;1;2;3;4;3;3;2;2;3;2;2;3;4;4;2;2;3;4;3;2;2;2;3;3;3;3;3;2;2;2;3;3;3;1;2;0;1;0;1;0;0;0;0;0;2;0;0;9;6;7;4;8;1;8;2;3;2;2;2;2;2;7;4;2;2;2;1;2;1;2;2;3;3;3;2;4;4;4;2;4;2;2;2;1;1;2;1;3;3;3;1;1;1;1;2;3;2;3;1;8;7;4;6;4;6;7;1;1;1;1;2;2;4;5;2;1;2;5;4;5;3;4;4;6;6;6;7;6;4;8;3;6;3;4;3;7;4;3;4;4;2;2;2;1;2;1;2;1;1;1;1;2;2;2;2;1;3;2;1;2;2;3;2;2;410002;410002;410002;2;2;2;3;2;2;3;3;2;2;1;3;2;3;1;3;3;8;4;8;8;3;9;8;4;8;8;8;8;1;2;1;1;2;3;4;1;1979;38;3;2;1;1;1;410;410;410;1;3;1;2390;1;1;6;3;6;3;3;2;5;3;1;5;3;-5;4;2;1;1;3;6;2;7;70000000;410004;2;2;1;0.6508333333333334;0.5816666666666668;0.5285648148148149;0.6412962962962964;1.0;0.33;0.0;0.44333333333333336;0.66;1.0;0.5;0.7200000000000001;1.0;1.0;1.0;1.0;0.66;0.33;0.33;0.44;0.0;1.0;1.0;0.6666666666666666;0.75;0.66;0.66;0.6900000000000001;0.5555555555555556;0.5555555555555556;0.6666666666666666;0.5925925925925927;0.33;0.0;0.165;0.165;1.0;1.0;1.0;1.0;1.0;1.0;1.0;1.0;1.0;1.0;1.0;1.0;0;0;1;1;0;8;7;7;7;7;7;6;6;8;8;7;8;5;8;6;7;1;6;3;300;15000;3000;8;5;2;8;7;7;8;4;1;1;2;3;8;3;5;2;2;2;1;2;2;3;3;8;3;5;4
"1-5-0 (2020-11-16)";"doi.org/10.14281/18241.1";2018;410;"KOR";732;"ROK";410070129;20180102;201712;201801;21.11;21.5;39;1;410031;410020;8;5;2;1;129;2390;"ko";3;1;1.0;0.8032128514056225;41453.815261044176;1;2;2;3;1;2;1;2;1;1;1;2;2;1;2;2;2;1;1;1;1;1;2;1;2;1;2;2;3;4;3;1;2;1;1;1;4;2;3;3;3;2;3;2;3;2;2;3;2;2;7;7;6;4;4;4;4;4;3;2;1;3;2;4;4;4;2;3;2;2;3;2;2;2;4;4;3;3;3;4;3;2;2;2;3;3;2;2;2;3;3;3;4;4;3;2;2;1;1;0;0;0;0;0;0;0;2;0;0;6;6;6;4;7;1;7;3;4;2;2;2;2;2;5;2;2;2;2;1;2;1;1;2;2;4;4;2;4;4;4;2;4;2;1;2;2;1;1;1;2;3;4;2;1;1;2;1;3;2;1;2;5;5;7;6;5;6;8;1;1;1;1;2;3;1;3;1;1;1;7;4;5;1;4;4;3;3;3;5;3;3;5;1;4;1;5;3;5;3;3;4;4;3;3;3;1;3;1;2;1;1;1;1;2;2;2;1;2;3;3;1;2;3;3;2;2;410001;410001;410001;3;2;3;4;2;3;4;3;2;3;1;2;2;4;2;3;4;7;5;7;8;3;6;7;5;8;7;8;8;2;2;1;1;2;2;3;2;1972;45;4;2;1;1;1;410;410;410;1;4;1;2390;1;2;5;3;6;3;2;1;3;2;1;1;4;3;8;2;2;2;3;6;2;1;10100000;410004;2;2;1;0.5258333333333334;0.33166666666666667;0.4411574074074074;0.4664814814814815;1.0;0.33;0.33;0.5533333333333333;0.33;0.0;0.0;0.11;1.0;1.0;1.0;1.0;0.66;0.33;0.33;0.44;0.0;1.0;1.0;0.6666666666666666;0.25;0.66;1.0;0.6366666666666667;0.2222222222222222;0.2222222222222222;0.4444444444444444;0.2962962962962963;0.33;0.0;0.165;0.165;1.0;1.0;1.0;1.0;1.0;1.0;1.0;1.0;1.0;1.0;1.0;1.0;0;0;1;0;1;7;5;5;7;3;4;3;3;5;5;3;8;3;5;7;6;1;2;3;500;25000;5000;6;6;1;5;5;5;7;4;1;1;2;7;5;2;5;3;6;2;5;3;2;3;2;6;3;5;4
"1-5-0 (2020-11-16)";"doi.org/10.14281/18241.1";2018;410;"KOR";732;"ROK";410070130;20180103;201712;201801;10.37;10.59;22;1;410027;410003;8;5;2;1;130;2390;"ko";2;1;1.0;0.8032128514056225;41453.815261044176;1;1;2;2;2;3;1;2;1;1;2;1;2;1;2;2;2;1;2;1;2;2;2;1;2;2;1;3;3;3;3;3;4;2;2;1;3;3;3;2;4;2;2;3;2;3;2;3;2;2;7;8;8;4;4;4;4;4;3;1;1;2;2;3;3;3;3;3;3;3;3;4;2;2;4;4;3;3;4;4;4;3;3;3;3;3;2;3;3;3;3;3;3;4;3;1;2;0;0;0;0;0;0;0;0;0;0;0;0;3;7;3;6;7;2;4;3;4;3;3;3;1;2;7;3;2;2;2;0;0;1;0;0;3;2;4;4;4;4;4;4;4;2;2;2;2;2;2;2;4;4;2;2;1;2;2;3;3;1;2;1;5;5;4;5;7;6;5;2;2;2;2;3;3;7;8;3;1;2;3;3;4;3;1;1;5;1;4;4;5;3;3;1;1;1;1;1;1;4;3;4;4;3;2;5;1;5;1;5;1;5;5;2;3;2;3;2;3;3;2;3;3;3;3;3;1;410002;410002;410002;2;4;3;2;3;3;3;3;2;3;2;2;3;4;4;4;7;9;4;4;9;7;6;6;4;5;7;5;4;2;2;1;1;2;2;2;2;1988;29;2;1;1;1;1;410;410;410;1;4;1;2390;1;2;6;3;6;3;3;2;3;2;1;1;3;3;1;2;2;1;3;5;2;0;100000020;410004;2;1;1;0.5816666666666667;0.665;0.41092592592592597;0.5301851851851852;1.0;0.33;0.0;0.44333333333333336;0.66;1.0;1.0;0.8866666666666667;1.0;0.0;0.0;0.3333333333333333;0.66;1.0;0.33;0.6633333333333334;0.0;0.0;1.0;0.3333333333333333;0.75;0.66;0.66;0.6900000000000001;0.4444444444444444;0.3333333333333333;0.3333333333333333;0.3703703703703704;0.0;0.5;0.25;0.25;1.0;1.0;1.0;1.0;1.0;1.0;1.0;1.0;1.0;1.0;1.0;1.0;1;0;0;1;0;8;6;8;7;4;5;4;4;4;4;6;9;6;6;7;5;1;6;2;500;12355;3000;8;5;2;8;8;7;9;8;1;1;5;1;1;5;5;5;5;2;1;3;2;2;2;9;1;1;4
"1-5-0 (2020-11-16)";"doi.org/10.14281/18241.1";2018;410;"KOR";732;"ROK";410070131;20180103;201712;201801;20.28;23.59;211;1;410029;410005;8;5;2;1;131;2390;"ko";2;1;1.0;0.8032128514056225;41453.815261044176;1;2;2;2;1;3;1;2;1;1;2;2;1;1;2;2;2;1;2;1;2;1;2;1;2;2;2;2;3;2;3;2;2;1;2;1;3;3;3;2;3;2;3;2;1;3;1;2;2;2;8;8;8;4;4;4;4;4;1;2;1;3;2;3;3;3;3;3;3;2;2;2;2;2;3;3;2;2;2;3;2;2;2;2;2;2;2;2;2;2;3;2;2;3;3;1;2;0;0;0;0;0;0;1;0;1;1;0;1;2;9;1;6;9;2;9;3;3;3;4;3;1;3;7;3;2;0;2;2;2;2;2;2;3;2;3;2;2;4;4;3;3;2;2;2;3;3;2;2;3;3;3;2;2;2;1;2;3;2;1;2;8;9;6;7;6;8;3;2;2;2;2;3;4;6;7;3;1;1;2;3;2;2;1;1;1;1;1;8;7;2;1;1;3;2;1;1;1;1;3;3;4;2;2;2;1;1;1;1;1;3;1;1;2;2;2;2;2;2;2;1;1;2;2;1;1;410002;410002;410002;2;2;2;2;2;2;2;3;2;3;1;1;2;3;1;3;1;9;3;9;9;8;8;4;3;8;9;7;7;2;3;2;2;3;3;3;1;1971;46;4;2;1;1;1;410;410;410;1;4;1;2390;1;2;6;3;6;3;1;1;2;1;1;1;3;3;9;2;1;1;2;6;2;0;100000020;410004;2;2;1;0.5252777777777778;0.663888888888889;0.2927314814814815;0.3362962962962963;0.5;0.66;0.33;0.49666666666666676;0.66;1.0;0.8333333333333334;0.8311111111111112;1.0;0.0;0.0;0.3333333333333333;0.66;0.33;0.33;0.44;0.0;0.0;1.0;0.3333333333333333;0.25;0.66;0.33;0.4133333333333334;0.0;0.0;0.7777777777777778;0.25925925925925924;0.33;0.0;0.165;0.165;1.0;1.0;1.0;1.0;1.0;1.0;1.0;1.0;1.0;1.0;1.0;1.0;0;0;1;0;1;9;6;5;8;8;7;5;6;7;7;7;9;6;8;7;4;1;7;2;800;55000;0;8;6;1;8;8;8;9;8;1;2;8;7;10;5;6;6;5;2;1;2;3;2;2;9;5;8;4
"1-5-0 (2020-11-16)";"doi.org/10.14281/18241.1";2018;410;"KOR";732;"ROK";410070132;20180103;201712;201801;12.36;13.25;49;1;410011;410001;8;5;1;1;132;2390;"ko";2;1;1.0;0.8032128514056225;41453.815261044176;1;1;2;2;1;3;1;2;1;1;1;2;1;2;2;2;2;1;1;1;2;1;2;2;2;2;1;2;2;1;2;3;2;1;3;3;3;3;2;3;2;2;2;2;2;3;1;2;2;1;7;8;6;4;4;4;4;4;1;1;1;2;2;3;3;4;3;3;2;2;3;3;2;3;4;4;3;2;2;3;2;2;2;2;2;2;1;2;3;2;2;2;2;7;3;1;2;0;0;0;0;0;0;0;0;0;0;0;0;8;5;3;3;4;1;8;4;4;3;3;3;3;2;6;4;2;2;2;1;0;0;2;0;3;2;4;2;4;4;4;2;3;1;2;2;2;3;2;2;3;3;3;1;2;1;2;1;1;3;1;2;8;7;4;4;3;4;3;2;2;2;2;4;4;7;8;3;1;1;3;3;2;1;2;1;3;4;5;5;5;3;5;2;2;2;4;3;4;5;3;3;4;2;1;3;1;1;1;2;1;2;1;1;2;1;3;2;3;3;3;1;1;3;3;1;1;410008;410008;410008;2;3;2;2;2;3;2;3;2;2;1;2;3;3;2;4;2;7;3;6;7;4;7;7;5;6;8;6;6;2;1;1;1;1;2;3;1;1980;37;3;2;1;1;1;410;410;410;1;3;2;2390;6;0;6;3;-3;-3;2;1;3;2;1;-3;5;-3;7;2;2;1;3;6;2;0;100000020;410004;1;1;0;0.5675;0.5266666666666667;0.30759259259259264;0.2818518518518519;0.5;0.0;0.0;0.16666666666666666;0.66;1.0;1.0;0.8866666666666667;1.0;1.0;0.0;0.6666666666666666;0.66;0.66;0.33;0.5499999999999999;0.0;1.0;1.0;0.6666666666666666;0.25;0.33;0.0;0.19333333333333336;0.2222222222222222;0.4444444444444444;0.4444444444444444;0.3703703703703704;0.0;0.0;0.0;0.0;1.0;1.0;1.0;1.0;1.0;1.0;1.0;1.0;1.0;1.0;1.0;1.0;0;0;0;0;1;8;7;5;8;4;5;4;5;3;5;5;9;4;8;5;5;1;5;3;600;200000;6000;6;6;1;7;7;6;7;6;1;4;6;5;6;5;7;5;4;2;3;3;3;2;3;6;6;7;-3
"1-5-0 (2020-11-16)";"doi.org/10.14281/18241.1";2018;410;"KOR";732;"ROK";410070133;20180103;201712;201801;13.24;13.52;28;1;410045;410011;6;3;4;1;133;2390;"ko";3;2;1.0;0.8032128514056225;41453.815261044176;1;1;2;2;2;3;1;2;1;1;2;1;1;2;2;2;2;1;2;1;2;1;2;1;2;2;2;2;1;1;3;2;3;3;2;1;2;1;3;2;3;2;2;2;1;3;2;2;2;2;6;6;5;2;4;3;3;4;1;2;1;1;1;2;2;2;2;2;2;2;2;2;2;2;2;2;2;2;2;2;2;2;2;2;2;2;2;2;2;2;2;2;2;5;1;2;1;0;0;0;0;0;0;0;0;0;0;0;0;7;6;4;5;5;1;7;2;2;2;2;2;3;2;7;4;2;2;2;2;2;2;2;2;2;3;4;4;4;4;4;4;4;2;2;2;2;2;2;2;2;4;4;1;1;2;4;1;3;1;2;1;5;5;5;5;5;6;3;2;2;2;2;3;3;7;8;3;2;2;6;6;6;6;1;1;1;1;1;3;3;1;1;1;1;1;1;1;1;3;3;3;3;3;3;4;1;4;1;4;1;4;1;3;3;3;3;3;3;3;3;3;3;3;3;1;1;410002;410002;410002;3;3;3;3;3;3;3;3;3;3;1;2;2;2;2;2;5;5;6;8;8;8;8;8;6;8;9;7;7;2;2;3;3;3;3;3;2;1962;55;5;3;1;1;1;410;410;410;1;2;1;2390;1;2;3;2;3;2;1;1;1;1;1;1;9;9;9;3;1;1;3;3;1;0;100000020;410004;1;1;0;0.4841666666666667;0.6366666666666667;0.14351851851851852;0.12037037037037036;0.5;0.33;0.33;0.3866666666666667;0.66;1.0;1.0;0.8866666666666667;1.0;0.0;0.0;0.3333333333333333;0.33;0.33;0.33;0.33;0.0;0.0;1.0;0.3333333333333333;0.5;0.0;0.0;0.16666666666666666;0.0;0.0;0.2222222222222222;0.07407407407407407;0.0;0.0;0.0;0.0;1.0;1.0;1.0;1.0;1.0;1.0;1.0;1.0;1.0;1.0;1.0;1.0;0;0;0;1;0;6;5;5;4;3;3;3;3;8;7;7;7;6;5;5;6;2;2;3;80;4500;0;-3;3;1;-3;-3;-3;8;6;1;1;2;2;6;3;3;3;3;3;1;2;2;2;2;6;2;2;4
"1-5-0 (2020-11-16)";"doi.org/10.14281/18241.1";2018;410;"KOR";732;"ROK";410070134;20180103;201712;201801;13.56;14.17;21;1;410045;410011;6;3;4;1;134;2390;"ko";3;2;1.0;0.8032128514056225;41453.815261044176;1;1;1;4;4;4;1;1;1;1;2;2;1;2;2;2;2;1;2;1;2;1;2;1;2;2;2;2;2;2;2;2;2;1;2;1;2;1;2;2;2;2;2;2;1;2;2;2;2;2;6;5;6;3;4;3;3;4;1;2;1;1;1;3;3;3;2;2;2;2;2;2;2;2;2;2;2;2;2;2;2;2;2;2;2;2;2;2;2;2;2;2;2;6;2;2;1;0;0;0;0;0;0;0;0;0;0;0;0;3;3;3;3;3;1;7;2;2;2;2;2;3;3;6;3;2;2;2;2;2;1;1;1;2;2;4;4;4;4;4;4;4;2;2;2;3;3;2;2;2;4;2;2;2;2;4;1;3;1;1;2;8;8;6;7;7;7;1;2;2;2;2;3;3;7;8;3;2;2;7;1;5;1;1;1;1;1;1;1;1;1;1;1;1;1;1;1;1;1;3;3;3;4;3;1;1;4;5;5;5;5;1;3;3;3;3;3;3;3;3;3;3;3;3;1;1;410002;410002;410002;2;2;2;2;2;2;2;2;2;2;2;4;4;4;4;4;6;8;1;10;10;10;10;10;7;7;7;7;7;2;2;4;4;4;4;4;2;1938;79;6;3;1;1;1;410;410;410;1;2;1;2390;1;3;1;1;1;1;1;1;1;1;5;7;-3;-5;9;-3;2;2;5;2;1;0;100000020;410004;1;1;1;0.5125;0.6933333333333334;0.2425;0.1516666666666667;0.5;0.33;0.33;0.3866666666666667;1.0;1.0;1.0;1.0;1.0;0.0;0.0;0.3333333333333333;0.33;0.33;0.33;0.33;1.0;0.0;1.0;0.6666666666666666;0.25;0.33;0.33;0.3033333333333334;0.0;0.0;0.0;0.0;0.0;0.0;0.0;0.0;1.0;1.0;1.0;1.0;1.0;1.0;1.0;1.0;1.0;1.0;1.0;1.0;0;0;0;0;1;4;5;5;5;5;5;5;5;5;5;5;4;5;5;5;5;-3;-3;5;50;2000;0;-3;1;1;-3;-3;-3;6;6;1;1;3;2;8;3;3;3;3;4;1;2;3;2;2;8;2;2;4
"1-5-0 (2020-11-16)";"doi.org/10.14281/18241.1";2018;410;"KOR";732;"ROK";410070135;20180103;201712;201801;13.57;14.29;32;1;410029;410005;8;5;2;1;135;2390;"ko";2;1;1.0;0.8032128514056225;41453.815261044176;2;3;2;1;2;4;2;1;2;1;1;2;2;1;2;1;2;1;2;2;2;2;2;1;2;2;3;3;3;3;3;3;4;2;3;3;4;2;3;4;4;3;3;3;2;2;2;2;2;3;3;4;3;4;4;3;3;4;1;2;2;3;2;3;3;2;3;3;3;3;3;2;3;2;3;3;3;3;2;3;2;2;2;2;2;2;3;3;3;3;3;2;3;4;3;2;2;0;0;0;0;0;0;0;0;0;0;0;0;2;6;4;4;8;1;9;3;3;3;3;3;3;3;3;3;1;1;1;1;1;1;1;1;3;2;4;3;4;4;4;3;4;2;2;2;1;1;2;2;1;2;3;2;1;1;3;2;4;2;2;3;3;3;8;1;1;8;1;2;2;2;2;4;4;7;8;3;1;1;3;7;6;2;2;1;4;3;1;7;7;2;2;1;2;2;2;3;1;2;3;3;3;1;2;1;1;4;4;2;1;2;2;2;2;2;2;1;2;2;2;2;2;2;2;1;1;410002;410002;410002;2;4;2;2;3;3;3;3;2;3;1;4;4;4;2;4;5;9;1;10;8;1;10;7;2;9;9;4;6;3;2;1;1;1;2;3;1;1970;47;4;2;1;1;1;410;410;410;1;2;2;2390;6;0;6;3;-3;-3;0;1;1;1;1;-3;9;-3;6;2;1;2;3;6;2;0;100000020;410004;5;3;2;0.6783333333333333;0.7483333333333334;0.7558333333333334;0.5116666666666667;0.5;0.33;0.66;0.49666666666666676;1.0;1.0;1.0;1.0;1.0;1.0;0.0;0.6666666666666666;0.66;0.33;0.66;0.5499999999999999;1.0;1.0;1.0;1.0;0.75;0.66;0.66;0.6900000000000001;0.3333333333333333;0.0;0.6666666666666666;0.3333333333333333;1.0;1.0;1.0;1.0;1.0;1.0;1.0;1.0;1.0;1.0;1.0;1.0;1.0;1.0;1.0;1.0;1;1;1;1;1;4;4;4;5;2;2;2;2;2;2;2;3;2;4;8;3;2;3;3;350;35000;10000;4;5;1;4;3;4;4;4;1;2;6;7;6;1;2;4;6;2;1;3;2;2;2;9;3;5;-3
"1-5-0 (2020-11-16)";"doi.org/10.14281/18241.1";2018;410;"KOR";732;"ROK";410070136;20180103;201712;201801;14.02;14.41;39;1;410011;410001;8;5;1;1;136;2390;"ko";2;2;1.0;0.8032128514056225;41453.815261044176;2;2;2;2;1;3;1;2;1;1;1;2;1;2;2;2;2;1;2;1;2;1;2;1;2;2;3;2;3;3;3;3;4;2;2;1;4;2;4;2;2;1;3;2;2;3;1;3;2;1;5;7;5;4;4;4;4;4;3;1;2;2;2;2;2;2;2;3;2;2;2;3;2;2;4;4;2;2;2;4;3;2;2;2;2;2;2;2;2;2;3;2;2;7;3;3;2;0;0;0;0;0;0;0;0;0;0;0;0;4;5;7;4;5;2;6;3;4;3;3;3;2;3;6;2;2;2;2;0;2;0;1;2;3;2;3;2;2;3;4;3;3;1;2;2;2;3;2;2;2;2;4;2;2;1;1;3;2;3;2;3;6;5;9;3;4;9;2;2;2;2;2;3;3;7;7;2;2;2;6;4;4;2;5;4;2;2;7;4;6;3;7;8;1;3;3;1;2;8;2;3;3;3;2;2;1;2;1;2;1;2;1;2;2;1;2;2;2;2;2;1;2;1;2;1;1;-2;-2;-2;2;3;1;3;2;2;3;3;2;2;1;2;3;4;1;4;3;8;2;10;7;2;9;7;5;8;8;6;8;2;2;2;1;2;3;3;1;1979;38;3;2;1;1;1;410;410;410;1;3;1;2390;1;1;6;3;6;3;2;1;3;2;1;2;3;4;3;2;1;1;3;6;2;0;100000020;410004;4;2;0;0.775;0.7750000000000001;0.5767592592592593;0.5301851851851852;1.0;0.33;0.66;0.6633333333333334;0.66;1.0;1.0;0.8866666666666667;1.0;1.0;1.0;1.0;0.66;0.66;0.33;0.5499999999999999;0.0;1.0;1.0;0.6666666666666666;0.75;0.66;0.66;0.6900000000000001;0.1111111111111111;0.6666666666666666;0.3333333333333333;0.3703703703703704;0.66;0.5;0.5800000000000001;0.5800000000000001;1.0;1.0;1.0;1.0;1.0;1.0;1.0;1.0;1.0;1.0;1.0;1.0;1;1;0;1;1;7;6;6;5;6;5;4;4;4;4;5;8;4;4;5;4;1;5;3;430;23000;4500;6;5;2;5;5;6;8;4;2;4;5;5;7;2;6;4;5;2;1;2;1;1;2;7;1;6;4
"1-5-0 (2020-11-16)";"doi.org/10.14281/18241.1";2018;410;"KOR";732;"ROK";410070137;20180103;201712;201801;14.09;15.25;76;1;410011;410001;8;5;1;1;137;2390;"ko";3;1;1.0;0.8032128514056225;41453.815261044176;1;1;2;2;1;3;1;2;1;1;2;1;2;1;2;2;2;1;1;1;1;1;2;1;2;2;2;1;2;1;3;3;3;3;2;1;4;2;3;2;2;1;2;2;2;3;1;1;2;2;7;6;4;4;4;4;4;4;1;1;1;2;2;3;2;3;2;3;2;2;2;3;2;3;3;4;3;2;2;3;2;2;2;2;3;3;2;2;3;3;2;2;2;8;3;1;2;0;0;0;0;0;0;0;0;0;0;0;0;8;6;3;3;4;1;5;2;3;3;3;2;3;2;5;4;2;2;0;1;0;2;0;0;3;3;3;2;3;4;4;2;3;1;1;2;2;3;2;2;2;3;3;2;2;1;2;4;3;1;2;1;7;8;6;5;4;7;5;1;2;2;2;3;3;7;8;3;1;1;6;3;2;1;2;1;3;4;5;5;4;2;6;3;2;3;4;4;3;5;3;3;4;2;1;2;1;2;1;3;2;5;1;1;2;2;3;2;3;3;3;1;3;3;3;1;1;410002;410002;410002;2;3;1;2;1;3;2;3;2;2;2;2;3;3;2;4;8;7;3;5;7;4;7;3;4;3;8;7;7;2;1;1;1;1;3;4;1;1957;60;5;3;1;1;1;410;410;410;1;3;1;2390;1;1;3;2;3;2;2;1;2;1;1;2;7;6;-5;3;1;1;3;5;2;0;100000020;410004;1;1;1;0.5533333333333333;0.49833333333333335;0.24509259259259258;0.32351851851851854;0.0;0.0;0.33;0.11;0.66;1.0;1.0;0.8866666666666667;1.0;1.0;0.0;0.6666666666666666;0.66;0.66;0.33;0.5499999999999999;0.0;0.0;1.0;0.3333333333333333;0.5;0.33;0.0;0.27666666666666667;0.2222222222222222;0.4444444444444444;0.4444444444444444;0.3703703703703704;0.0;0.0;0.0;0.0;1.0;1.0;1.0;1.0;1.0;1.0;1.0;1.0;1.0;1.0;1.0;1.0;0;0;0;1;0;6;6;7;7;4;4;2;4;3;4;4;7;2;5;7;7;2;3;3;450;65000;2000;5;4;1;5;4;7;7;6;1;1;5;4;8;7;6;5;5;2;1;2;3;2;3;8;7;7;4
"1-5-0 (2020-11-16)";"doi.org/10.14281/18241.1";2018;410;"KOR";732;"ROK";410070138;20180103;201712;201801;14.2;14.43;23;1;410045;410011;6;3;4;1;138;2390;"ko";3;2;1.0;0.8032128514056225;41453.815261044176;1;1;1;1;1;1;1;1;1;1;2;2;1;2;2;2;2;1;2;1;2;1;2;1;2;2;2;2;2;2;2;2;3;3;2;1;2;1;3;2;2;2;2;2;1;3;3;2;2;2;6;7;5;3;4;3;3;4;1;2;1;1;1;3;2;2;2;2;3;2;3;2;2;3;3;3;2;2;2;3;2;2;2;2;3;3;3;3;3;3;3;3;3;8;1;1;2;0;0;0;0;0;0;0;0;0;0;0;0;1;1;1;5;5;1;8;2;2;2;2;2;3;4;3;4;2;0;2;1;1;1;1;2;2;2;4;4;4;4;4;4;4;2;2;2;1;1;2;2;1;4;2;1;1;2;1;2;3;1;1;2;10;10;5;1;6;10;1;2;2;2;2;3;3;7;8;3;1;1;6;1;1;1;1;1;1;1;1;3;1;1;1;1;1;1;1;1;1;1;4;4;4;3;3;1;1;4;1;1;1;4;1;3;3;3;3;3;3;3;3;3;3;3;3;1;1;410002;410002;410002;1;3;2;2;2;2;2;3;2;2;1;4;4;4;4;4;4;10;4;10;10;1;10;10;6;10;10;6;6;2;2;3;3;3;3;3;2;1976;41;3;2;1;1;1;410;410;410;1;8;3;2390;1;4;6;3;6;3;2;1;3;2;5;1;-3;9;9;-3;2;1;3;3;1;0;100000020;410004;1;1;1;0.3458333333333333;0.5266666666666666;0.28185185185185185;0.2303703703703704;0.5;0.33;0.33;0.3866666666666667;0.0;1.0;1.0;0.6666666666666666;0.0;0.0;0.0;0.0;0.33;0.33;0.33;0.33;1.0;0.0;1.0;0.6666666666666666;0.5;0.33;0.33;0.3866666666666667;0.0;0.0;0.2222222222222222;0.07407407407407407;0.0;0.0;0.0;0.0;1.0;1.0;1.0;1.0;1.0;1.0;1.0;1.0;1.0;1.0;1.0;1.0;0;0;0;0;1;7;6;5;8;3;1;1;1;1;1;1;7;3;6;5;6;-3;-3;3;100;5000;0;-3;2;1;-3;-3;-3;10;6;1;1;3;3;6;1;1;1;1;4;1;2;3;2;2;6;2;3;4
"1-5-0 (2020-11-16)";"doi.org/10.14281/18241.1";2018;410;"KOR";732;"ROK";410070139;20180103;201712;201801;14.44;15.07;23;1;410045;410011;6;3;4;1;139;2390;"ko";3;2;1.0;0.8032128514056225;41453.815261044176;1;1;1;2;2;3;1;1;1;1;2;1;2;2;2;2;2;1;2;1;2;1;2;1;1;2;3;2;3;3;2;3;3;3;3;3;2;1;3;2;2;2;2;2;2;3;2;3;2;2;6;6;3;2;4;2;3;4;1;2;1;1;1;3;3;3;3;3;3;2;3;2;2;3;3;3;3;3;2;3;2;3;3;3;3;3;3;3;3;3;3;3;3;5;2;2;2;0;0;0;0;0;0;0;0;0;0;0;0;1;1;1;5;1;1;7;4;4;4;4;4;3;4;3;4;2;1;0;1;1;1;0;2;2;2;4;4;4;4;4;4;4;2;2;2;3;3;2;2;1;3;1;2;2;2;1;2;3;1;1;2;10;10;4;8;8;10;1;2;2;2;2;3;3;7;8;3;1;1;10;1;1;1;1;1;1;1;1;5;3;1;1;1;1;1;1;1;1;1;4;4;4;3;3;1;1;5;5;5;5;5;1;3;3;3;3;3;3;3;3;3;3;3;3;1;1;410002;410002;410002;1;3;1;2;3;2;2;3;2;2;2;4;4;4;4;4;4;10;1;10;10;10;10;10;10;10;10;10;10;2;2;4;4;4;4;4;2;1961;56;5;3;1;1;1;410;410;410;1;2;1;2390;1;2;3;2;3;2;2;1;2;1;5;1;-3;9;9;-3;2;2;3;3;1;0;100000020;410004;1;1;1;0.49750000000000005;0.7750000000000001;0.3553703703703704;0.37740740740740747;1.0;0.33;0.66;0.6633333333333334;0.66;1.0;1.0;0.8866666666666667;0.0;0.0;0.0;0.0;0.66;0.33;0.33;0.44;1.0;0.0;1.0;0.6666666666666666;0.5;0.66;0.66;0.6066666666666668;0.0;0.0;0.4444444444444444;0.14814814814814814;0.0;0.0;0.0;0.0;1.0;1.0;1.0;1.0;1.0;1.0;1.0;1.0;1.0;1.0;1.0;1.0;0;0;0;0;1;7;6;6;7;1;1;1;1;1;6;6;7;6;3;3;6;-3;-3;3;100;5000;0;-3;3;1;-3;-3;-3;10;6;1;1;3;3;7;3;3;3;3;2;1;3;3;2;3;8;3;3;4
"1-5-0 (2020-11-16)";"doi.org/10.14281/18241.1";2018;410;"KOR";732;"ROK";410070140;20180103;201712;201801;15.26;15.48;22;1;410045;410011;6;3;4;1;140;2390;"ko";2;1;1.0;0.8032128514056225;41453.815261044176;1;1;2;2;1;3;1;2;1;1;2;2;1;1;2;2;2;1;2;1;2;1;2;1;1;2;2;2;2;2;2;2;2;1;2;1;2;1;4;1;1;1;1;1;1;3;1;1;2;2;7;9;7;3;4;3;4;4;1;2;1;1;2;2;3;3;3;2;2;2;3;1;1;2;3;3;3;2;2;3;2;3;3;3;3;3;3;3;3;3;3;3;3;10;1;2;2;0;0;0;0;0;0;0;0;0;0;0;0;1;6;1;5;1;1;8;4;4;4;4;4;3;4;7;4;2;0;2;0;2;0;0;2;2;2;4;4;4;4;4;4;4;2;2;2;2;3;2;2;2;4;2;2;2;1;1;2;3;1;1;2;10;10;1;1;1;10;1;2;2;2;2;3;3;7;8;3;1;2;1;1;1;1;1;1;1;1;1;5;1;1;1;1;1;1;1;1;1;3;4;4;4;3;2;1;1;4;1;5;5;5;1;3;3;3;3;3;3;3;3;3;3;3;3;1;1;410002;410002;410002;1;3;2;2;3;3;2;3;2;2;1;2;2;4;2;4;6;10;1;10;10;1;1;10;1;8;10;7;6;2;2;3;3;3;3;3;1;1947;70;6;3;1;1;1;410;410;410;1;3;1;2390;1;3;1;1;1;1;1;1;1;1;1;5;9;-5;9;3;1;1;3;4;2;0;100000020;410004;1;1;1;0.3041666666666667;0.5533333333333333;0.1962037037037037;0.22574074074074077;0.0;0.33;0.33;0.22;0.66;1.0;1.0;0.8866666666666667;0.0;0.0;0.0;0.0;0.33;0.0;0.0;0.11;0.0;0.0;1.0;0.3333333333333333;0.25;0.33;0.33;0.3033333333333334;0.0;0.0;0.4444444444444444;0.14814814814814814;0.0;0.0;0.0;0.0;1.0;1.0;1.0;1.0;1.0;1.0;1.0;1.0;1.0;1.0;1.0;1.0;0;0;0;0;1;8;8;8;8;1;1;1;1;1;1;1;8;1;1;1;1;2;2;3;300;30000;0;8;3;1;8;10;10;10;8;1;1;3;1;8;1;2;2;1;2;1;2;2;2;2;8;1;2;4
"1-5-0 (2020-11-16)";"doi.org/10.14281/18241.1";2018;410;"KOR";732;"ROK";410070141;20180103;201712;201801;15.31;16.02;31;1;410029;410005;8;5;2;1;141;2390;"ko";2;1;1.0;0.8032128514056225;41453.815261044176;1;1;2;2;1;2;1;2;2;1;1;1;1;2;2;2;2;1;2;1;2;1;2;1;2;2;2;3;3;3;3;2;4;2;3;3;3;3;3;3;4;2;3;3;2;2;2;2;3;2;3;3;5;4;4;4;4;4;1;2;1;2;2;3;2;3;2;2;3;3;3;2;2;3;3;3;3;3;3;3;3;2;3;2;2;2;2;3;3;2;2;2;2;6;3;1;2;1;0;0;0;0;0;0;0;0;0;0;0;6;5;3;4;3;2;5;3;3;4;4;4;2;3;5;3;1;2;1;1;1;2;1;1;3;2;3;2;2;4;4;3;2;1;1;2;2;4;2;2;3;3;3;2;2;1;3;2;2;1;1;3;7;7;6;7;7;7;7;2;1;1;1;2;3;7;8;3;2;2;7;6;6;1;1;5;5;1;5;5;5;1;5;5;5;1;5;1;1;5;2;3;3;2;2;2;2;2;1;2;1;2;5;2;2;2;2;2;2;2;2;2;2;2;2;4;4;410008;410008;410008;2;2;2;1;2;2;2;3;2;2;2;2;2;3;1;3;5;8;5;7;8;1;6;6;1;10;8;6;7;2;3;2;2;2;3;3;1;1998;19;1;1;1;1;1;410;410;410;1;4;2;2390;6;0;3;2;-3;-3;3;2;5;3;6;-3;-3;-3;6;-3;2;2;3;5;2;0;100000020;410004;3;2;0;0.5675;0.6366666666666667;0.6577777777777778;0.5672222222222223;0.5;0.66;0.33;0.49666666666666676;0.33;1.0;1.0;0.7766666666666667;1.0;0.0;1.0;0.6666666666666666;0.33;0.33;0.33;0.33;0.0;1.0;1.0;0.6666666666666666;0.75;0.66;0.66;0.6900000000000001;0.4444444444444444;0.4444444444444444;0.4444444444444444;0.4444444444444444;0.66;1.0;0.8300000000000001;0.8300000000000001;1.0;1.0;1.0;1.0;1.0;1.0;1.0;1.0;1.0;1.0;1.0;1.0;1;1;0;0;1;4;4;3;4;3;4;4;4;4;5;6;5;5;5;5;6;-3;-3;3;350;30000;0;5;4;1;5;5;6;5;4;1;1;6;7;7;2;7;6;5;2;1;3;3;1;2;8;2;5;-3
"1-5-0 (2020-11-16)";"doi.org/10.14281/18241.1";2018;410;"KOR";732;"ROK";410070142;20180103;201712;201801;15.32;16.03;31;1;410047;410013;7;4;3;1;142;2390;"ko";1;1;1.0;0.8032128514056225;41453.815261044176;2;2;2;3;2;3;1;1;1;1;2;2;2;1;2;2;2;1;2;1;2;1;2;2;2;2;2;2;2;3;3;2;2;1;2;1;4;2;4;4;3;4;2;2;2;2;2;2;2;1;10;6;6;4;4;4;4;4;1;2;1;2;2;3;3;3;4;3;4;4;4;4;4;4;4;4;4;4;4;3;4;4;4;4;4;4;4;4;4;4;4;4;4;5;1;1;2;1;0;0;0;0;0;0;0;0;0;0;0;1;10;10;10;10;2;10;4;4;4;4;4;4;3;10;1;0;0;0;0;0;0;0;0;4;3;2;1;2;4;4;2;2;1;1;2;1;1;1;2;1;1;1;2;2;2;1;3;3;2;1;2;5;5;10;10;10;3;1;2;2;2;2;4;2;5;8;2;2;2;5;5;1;1;1;1;1;1;1;10;10;1;1;1;1;1;1;1;1;1;2;2;2;3;1;1;1;1;1;5;1;1;1;1;3;3;1;1;1;3;3;1;1;3;3;1;1;-2;-2;-2;4;4;4;4;4;4;1;3;3;4;1;3;2;4;2;4;5;1;1;10;1;1;10;10;1;10;5;3;1;1;3;1;2;1;4;4;2;1977;40;3;2;1;1;1;410;410;410;1;4;1;2390;1;2;6;3;3;2;1;1;3;2;3;1;5;1;4;2;2;2;2;2;1;7;70000000;410004;3;2;2;0.5397222222222222;0.6361111111111112;0.4570833333333333;0.3733333333333333;0.5;0.66;0.33;0.49666666666666676;0.66;1.0;0.6666666666666666;0.7755555555555556;0.0;0.0;0.0;0.0;0.66;1.0;1.0;0.8866666666666667;1.0;0.0;1.0;0.6666666666666666;0.25;0.33;0.66;0.41333333333333333;0.0;0.0;1.0;0.3333333333333333;0.33;0.5;0.41500000000000004;0.41500000000000004;1.0;1.0;1.0;1.0;1.0;1.0;1.0;1.0;1.0;1.0;1.0;1.0;1;0;1;0;1;9;1;5;1;1;5;5;1;1;1;1;10;1;10;10;1;3;2;1;500;2210;10000;10;1;1;10;10;10;9;9;1;4;5;5;1;1;1;1;1;4;6;4;4;1;2;5;5;5;1
"1-5-0 (2020-11-16)";"doi.org/10.14281/18241.1";2018;410;"KOR";732;"ROK";410070143;20180103;201712;201801;15.49;16.13;24;1;410031;410020;8;5;2;1;143;2390;"ko";2;1;1.0;0.8032128514056225;41453.815261044176;1;2;2;3;1;2;2;1;1;1;1;2;2;1;2;2;2;1;2;1;2;1;2;2;2;2;2;2;2;3;2;3;4;2;2;1;3;3;4;3;2;1;3;3;2;2;1;3;2;2;7;7;6;4;4;4;4;4;1;1;1;1;2;2;3;3;3;2;2;2;2;2;2;2;4;4;2;2;3;3;2;2;2;2;3;3;2;3;2;3;2;2;2;7;3;2;2;1;0;0;1;0;0;0;0;0;2;0;0;6;6;6;4;6;2;5;2;3;2;3;3;1;2;7;2;2;2;2;1;2;1;1;2;2;3;4;2;3;4;4;3;4;2;2;2;3;3;2;2;3;3;4;2;1;1;1;2;3;4;1;3;5;8;5;5;5;7;7;1;1;1;1;4;4;4;5;2;1;2;7;4;4;2;4;4;3;4;5;7;7;6;8;1;6;4;5;3;7;6;2;4;4;2;2;2;1;2;1;3;1;2;1;1;2;3;2;2;1;3;1;1;2;2;3;3;2;410001;410001;410001;2;3;2;3;2;2;2;3;2;2;1;2;2;3;2;4;8;8;4;8;7;1;6;6;1;9;8;8;8;2;2;1;2;2;3;4;1;1964;53;4;3;1;1;1;410;410;410;1;3;1;2390;1;2;3;2;3;2;0;1;0;1;1;1;7;8;9;2;1;2;5;5;2;7;70000000;410004;2;2;2;0.6233333333333333;0.5816666666666667;0.5473611111111112;0.5122222222222222;1.0;0.33;0.33;0.5533333333333333;0.33;1.0;0.5;0.61;1.0;1.0;1.0;1.0;0.33;0.33;0.33;0.33;1.0;1.0;1.0;1.0;0.75;0.33;0.66;0.5800000000000001;0.2222222222222222;0.4444444444444444;0.6666666666666666;0.4444444444444445;0.33;0.0;0.165;0.165;1.0;1.0;1.0;1.0;1.0;1.0;1.0;1.0;1.0;1.0;1.0;1.0;0;0;1;0;1;7;5;5;7;5;5;5;5;7;5;4;7;4;8;4;4;1;6;5;500;18000;0;6;4;1;6;5;5;7;4;1;1;2;2;5;7;3;2;2;2;2;3;1;3;4;5;7;3;4
"1-5-0 (2020-11-16)";"doi.org/10.14281/18241.1";2018;410;"KOR";732;"ROK";410070144;20180103;201712;201801;15.5;16.15;24;1;410045;410011;6;3;4;1;144;2390;"ko";3;2;1.0;0.8032128514056225;41453.815261044176;1;1;1;3;1;1;1;1;1;1;2;1;2;2;2;2;2;1;2;1;2;1;2;1;1;2;3;2;3;3;3;3;4;2;2;1;3;3;4;3;2;1;2;2;2;2;3;3;2;2;8;8;5;3;4;4;4;4;1;2;1;1;1;2;1;2;1;3;3;2;3;1;1;3;3;3;3;1;2;3;1;3;2;2;2;2;2;2;3;2;2;2;2;7;1;1;2;0;0;0;0;0;0;0;0;0;0;0;0;6;6;1;1;1;1;10;4;4;4;4;4;3;4;5;4;2;1;2;0;2;1;0;2;2;3;4;4;4;4;4;4;4;2;2;2;1;2;2;2;2;2;2;1;1;2;1;2;3;1;1;4;10;10;10;10;6;10;10;1;1;1;1;2;2;2;2;1;1;1;10;1;1;1;1;1;1;1;1;5;5;1;1;1;1;1;1;1;1;1;4;4;4;3;3;5;1;5;1;1;1;1;1;3;3;3;3;3;3;3;3;3;3;3;3;1;2;410002;410002;410002;1;3;3;2;2;2;2;3;3;3;1;1;1;4;2;3;5;10;6;10;10;1;10;10;1;10;10;1;1;2;3;4;4;4;4;4;2;1996;21;1;1;1;1;1;410;410;410;1;7;2;2390;6;0;6;3;-3;-3;3;2;3;2;2;-3;5;-3;5;3;2;1;3;5;2;2;20000000;410004;0;1;1;0.26222222222222225;0.4144444444444445;0.3762037037037037;0.4190740740740741;1.0;0.66;0.66;0.7733333333333334;0.0;0.0;0.16666666666666666;0.05555555555555555;0.0;0.0;0.0;0.0;0.66;0.0;0.0;0.22;1.0;0.0;1.0;0.6666666666666666;0.75;0.66;0.66;0.6900000000000001;0.0;0.0;0.4444444444444444;0.14814814814814814;0.0;0.0;0.0;0.0;1.0;1.0;1.0;1.0;1.0;1.0;1.0;1.0;1.0;1.0;1.0;1.0;0;0;0;0;0;8;4;4;5;1;1;1;1;1;1;1;10;1;6;7;7;2;2;3;500;30000;30000;6;2;1;5;6;6;10;1;1;1;2;2;5;2;2;2;2;2;1;1;3;1;3;6;2;3;-3
"1-5-0 (2020-11-16)";"doi.org/10.14281/18241.1";2018;410;"KOR";732;"ROK";410070145;20180103;201712;201801;15.54;17.19;85;1;410011;410001;8;5;1;1;145;2390;"ko";3;1;1.0;0.8032128514056225;41453.815261044176;2;2;2;3;1;3;1;1;1;1;1;2;2;2;2;2;2;1;2;2;2;2;2;2;2;1;2;3;2;3;3;3;2;1;3;3;2;1;3;2;3;3;3;2;2;3;1;2;2;2;7;7;8;4;4;4;4;4;1;1;1;2;3;2;3;2;3;3;4;3;3;3;2;3;3;2;3;3;3;3;2;3;3;2;2;2;2;3;3;3;2;3;2;7;3;2;2;0;0;0;0;0;0;0;0;0;0;0;0;7;7;7;8;7;1;8;3;3;2;3;2;2;3;5;4;2;2;2;1;2;2;2;2;2;2;2;2;3;2;2;3;2;1;1;2;3;3;2;2;4;4;4;1;1;2;1;3;2;3;2;1;7;7;8;7;6;7;7;2;2;2;2;2;3;7;8;3;1;2;7;7;6;6;7;6;7;6;7;8;6;7;6;6;7;6;7;7;7;6;2;3;2;2;2;5;1;5;1;5;5;5;2;2;2;2;2;2;2;2;2;2;3;2;2;1;1;410002;410002;410002;2;3;2;2;2;3;2;3;2;3;2;2;3;4;2;3;7;8;3;9;7;6;6;5;5;7;7;5;6;2;2;1;1;1;2;3;1;1979;38;3;2;1;1;1;410;410;410;1;1;1;2390;6;0;6;3;-3;-3;2;1;3;2;1;-3;3;-3;5;2;1;1;2;6;2;0;100000020;410004;3;2;1;0.7058333333333333;0.6366666666666667;0.6742592592592593;0.5585185185185185;0.5;0.33;0.33;0.3866666666666667;0.66;1.0;1.0;0.8866666666666667;1.0;1.0;1.0;1.0;0.66;0.66;0.33;0.5499999999999999;1.0;1.0;1.0;1.0;0.25;0.33;0.66;0.41333333333333333;0.6666666666666666;0.6666666666666666;0.7777777777777778;0.7037037037037037;0.66;0.5;0.5800000000000001;0.5800000000000001;1.0;1.0;1.0;1.0;1.0;1.0;1.0;1.0;1.0;1.0;1.0;1.0;1;1;0;1;0;8;7;6;6;6;7;7;7;7;6;7;7;6;7;6;6;1;5;2;600;50000;0;8;7;1;7;8;7;8;6;1;2;5;4;7;6;5;5;4;2;1;2;3;2;3;7;6;6;-3
"1-5-0 (2020-11-16)";"doi.org/10.14281/18241.1";2018;410;"KOR";732;"ROK";410070146;20180103;201712;201801;16.03;16.26;23;1;410029;410005;8;5;2;1;146;2390;"ko";2;1;1.0;0.8032128514056225;41453.815261044176;1;2;3;3;2;3;1;2;1;1;2;2;1;2;2;2;1;1;2;1;2;1;2;1;2;1;2;2;1;1;2;2;2;1;2;1;2;1;4;2;1;1;1;2;2;3;1;3;2;2;5;6;4;3;4;4;4;4;3;2;1;3;2;3;3;4;2;4;2;2;2;2;2;2;2;2;2;2;3;3;1;2;2;2;2;2;2;1;2;2;2;1;2;7;1;3;2;0;0;0;0;0;0;0;0;0;0;0;1;7;7;5;5;7;2;5;3;3;3;2;2;2;4;6;3;2;2;1;1;1;2;1;1;2;2;3;2;2;4;3;3;2;1;1;2;2;3;2;2;3;3;3;1;2;1;3;2;2;1;2;3;6;7;6;6;7;7;7;2;1;1;1;2;3;7;8;3;2;2;6;5;6;1;1;1;1;1;5;6;5;1;5;1;5;1;1;1;1;5;2;4;4;2;2;2;1;5;1;2;1;1;2;2;2;2;2;2;2;2;2;2;2;2;2;1;1;410008;410008;410008;1;3;2;2;2;1;4;3;2;2;2;2;2;2;2;2;5;7;6;8;8;8;8;7;7;7;7;8;6;2;3;2;2;2;4;4;1;1984;33;2;2;1;1;1;410;410;410;1;2;2;2390;6;0;3;2;-3;-3;3;2;3;2;3;-3;9;-3;9;2;1;1;3;4;2;0;100000020;410004;4;2;-1;0.6091666666666667;0.7750000000000001;0.31166666666666665;0.20833333333333331;1.0;0.66;0.33;0.6633333333333334;0.66;1.0;1.0;0.8866666666666667;1.0;0.0;0.0;0.3333333333333333;1.0;0.33;0.33;0.5533333333333333;0.0;0.0;0.0;0.0;0.25;0.0;0.0;0.08333333333333333;0.0;0.4444444444444444;0.5555555555555556;0.3333333333333333;0.66;1.0;0.8300000000000001;0.8300000000000001;1.0;1.0;1.0;1.0;1.0;1.0;1.0;1.0;1.0;1.0;1.0;1.0;1;1;0;1;1;6;6;5;7;7;5;5;5;6;5;6;7;7;4;6;6;3;2;2;300;30000;0;7;4;1;7;7;7;7;5;1;1;6;7;6;2;6;6;3;2;3;4;2;2;2;7;1;6;-3
"1-5-0 (2020-11-16)";"doi.org/10.14281/18241.1";2018;410;"KOR";732;"ROK";410070147;20180103;201712;201801;16.14;16.56;41;1;410031;410020;8;5;2;1;147;2390;"ko";3;1;1.0;0.8032128514056225;41453.815261044176;1;1;1;3;2;4;1;2;1;1;1;2;2;1;2;2;2;1;1;1;1;1;2;2;2;1;2;2;3;3;3;2;4;2;3;3;4;2;2;4;2;2;4;4;2;2;2;3;2;1;7;7;7;4;4;4;4;4;3;1;1;2;2;2;2;3;4;4;3;3;3;3;2;3;4;4;2;3;3;4;3;2;2;2;3;3;3;3;3;4;3;2;3;7;3;3;2;0;1;0;0;0;0;0;0;0;2;0;0;4;5;5;4;5;2;5;3;3;2;2;2;2;2;5;4;1;1;2;1;2;1;1;2;3;3;3;2;4;4;4;3;4;2;2;2;1;1;2;1;3;4;4;2;2;1;3;2;2;3;1;2;5;5;4;7;4;5;4;2;2;2;2;4;4;7;8;3;1;2;6;2;4;1;6;3;5;5;5;6;6;6;9;1;7;3;5;3;7;7;3;4;4;3;2;2;1;2;1;2;1;1;1;1;2;3;2;2;1;3;2;1;2;2;3;3;2;410010;410010;410010;3;4;3;4;3;3;2;4;3;3;2;1;2;4;2;4;3;6;5;8;7;2;7;8;7;7;9;8;7;2;3;2;2;2;3;4;1;1979;38;3;2;1;1;1;410;410;410;1;4;1;2390;1;2;6;3;5;3;3;2;3;2;1;5;3;-5;8;2;1;2;5;4;2;0;100000020;410004;3;2;1;0.8316666666666668;0.8316666666666668;0.667037037037037;0.5857407407407408;1.0;0.66;0.33;0.6633333333333334;1.0;1.0;1.0;1.0;1.0;1.0;1.0;1.0;1.0;0.66;0.33;0.6633333333333333;0.0;1.0;1.0;0.6666666666666666;0.75;0.66;0.66;0.6900000000000001;0.4444444444444444;0.4444444444444444;0.5555555555555556;0.48148148148148145;0.66;1.0;0.8300000000000001;0.8300000000000001;1.0;1.0;1.0;1.0;1.0;1.0;1.0;1.0;1.0;1.0;1.0;1.0;1;1;0;0;1;8;4;5;7;6;7;4;4;7;6;6;8;5;7;5;6;1;5;5;300;13000;2500;7;2;2;7;6;7;7;4;1;1;3;7;5;2;5;3;7;3;5;2;2;3;3;5;2;5;4
"1-5-0 (2020-11-16)";"doi.org/10.14281/18241.1";2018;410;"KOR";732;"ROK";410070148;20180103;201712;201801;16.18;16.42;24;1;410045;410011;6;3;4;1;148;2390;"ko";3;1;1.0;0.8032128514056225;41453.815261044176;1;1;2;2;2;3;1;2;1;1;2;1;1;2;2;2;2;1;2;1;2;1;2;2;2;2;2;2;2;2;2;2;1;1;2;1;2;1;3;2;2;1;1;1;2;3;1;3;2;2;6;8;5;4;4;4;4;4;1;2;1;1;2;2;2;2;2;2;2;2;2;1;1;2;2;2;2;2;1;2;1;2;2;2;2;2;2;2;2;2;2;2;2;10;2;2;2;0;0;0;0;0;0;0;0;0;0;0;0;6;6;3;5;5;1;8;4;4;4;4;4;3;4;5;4;2;1;2;1;2;1;1;2;2;3;4;4;4;4;4;4;4;2;2;2;3;3;2;2;2;2;2;2;2;1;1;2;3;1;1;4;10;10;10;6;6;6;1;2;2;2;2;3;3;7;8;3;2;2;6;1;1;1;1;1;1;1;1;2;1;1;1;1;1;1;1;1;1;2;4;4;4;3;2;5;1;5;1;5;5;5;1;3;3;3;3;3;3;3;3;3;3;3;3;1;1;410002;410002;410002;1;2;2;2;2;2;2;2;2;2;1;2;2;4;2;4;5;6;3;3;6;1;10;10;1;5;8;6;6;2;2;3;3;3;4;4;1;1942;75;6;3;1;1;1;410;410;410;1;2;1;2390;1;3;1;1;1;1;1;1;1;1;2;5;9;-5;9;3;1;1;3;2;1;0;100000020;410004;0;1;0;0.3875;0.72;0.1475925925925926;0.12851851851851853;1.0;0.33;0.33;0.5533333333333333;0.66;1.0;1.0;0.8866666666666667;0.0;0.0;0.0;0.0;0.33;0.0;0.0;0.11;0.0;0.0;1.0;0.3333333333333333;0.0;0.33;0.33;0.22;0.0;0.0;0.1111111111111111;0.037037037037037035;0.0;0.0;0.0;0.0;1.0;1.0;1.0;1.0;1.0;1.0;1.0;1.0;1.0;1.0;1.0;1.0;0;0;0;0;0;8;8;6;9;6;1;4;4;4;1;7;8;3;5;5;1;2;2;3;50;30000;0;-3;7;1;-3;-3;-3;10;8;1;1;1;1;5;1;5;1;1;2;3;2;3;2;3;5;1;5;4
"1-5-0 (2020-11-16)";"doi.org/10.14281/18241.1";2018;410;"KOR";732;"ROK";410070149;20180103;201712;201801;16.27;16.48;21;1;410029;410005;8;5;2;1;149;2390;"ko";2;1;1.0;0.8032128514056225;41453.815261044176;2;2;2;2;2;2;2;2;1;1;2;2;1;1;2;2;1;1;2;1;2;1;2;1;2;1;2;2;1;1;1;1;2;1;2;1;2;1;2;1;1;2;2;2;2;1;1;1;2;2;6;6;6;3;4;4;4;3;3;2;1;3;3;4;4;4;2;3;2;2;3;3;2;2;3;3;2;2;2;4;1;2;2;3;2;2;2;2;2;2;2;2;2;6;1;3;2;0;0;0;0;0;0;0;0;0;1;0;0;7;7;7;6;6;2;5;2;2;2;3;2;2;4;6;3;1;2;0;1;0;2;1;0;2;2;3;2;3;4;4;2;2;1;1;2;2;2;2;2;3;3;3;2;1;2;2;3;1;2;3;2;6;7;7;7;4;8;7;1;1;1;1;2;3;7;8;3;2;2;6;6;7;7;5;5;4;1;1;7;1;1;5;1;6;1;1;1;1;5;2;3;4;2;2;2;1;5;2;5;2;5;2;2;2;2;2;2;2;2;2;2;2;2;2;1;1;410002;410002;410002;2;3;1;2;3;2;2;2;2;2;2;1;1;3;2;2;6;6;3;7;3;7;7;5;7;8;8;8;7;2;3;1;1;2;4;4;1;1960;57;5;3;1;1;1;410;410;410;1;2;1;2390;1;2;3;2;3;2;3;2;3;2;1;5;9;-5;9;2;1;2;3;5;2;7;70000000;410004;4;2;0;0.6641666666666666;0.5533333333333333;0.20791666666666667;0.20833333333333331;0.0;0.66;0.33;0.33;0.33;1.0;1.0;0.7766666666666667;1.0;1.0;1.0;1.0;0.66;0.66;0.33;0.5499999999999999;0.0;0.0;0.0;0.0;0.25;0.0;0.0;0.08333333333333333;0.3333333333333333;0.0;0.6666666666666666;0.3333333333333333;0.33;0.5;0.41500000000000004;0.41500000000000004;1.0;1.0;1.0;1.0;1.0;1.0;1.0;1.0;1.0;1.0;1.0;1.0;1;0;1;1;1;7;6;6;6;5;6;5;6;6;6;7;7;6;6;7;6;4;1;3;250;25000;0;6;4;1;6;6;6;7;7;1;1;6;5;7;1;6;5;5;2;1;3;2;3;3;7;1;6;4
"1-5-0 (2020-11-16)";"doi.org/10.14281/18241.1";2018;410;"KOR";732;"ROK";410070150;20180103;201712;201801;16.45;17.05;20;1;410029;410005;8;5;2;1;150;2390;"ko";2;1;1.0;0.8032128514056225;41453.815261044176;2;2;3;2;1;3;1;2;1;2;2;2;1;1;2;2;1;1;1;1;2;1;2;1;1;1;1;2;1;1;1;2;1;1;1;1;2;1;4;1;1;2;2;2;2;1;1;2;2;2;7;6;6;4;4;4;4;3;3;2;1;2;2;3;4;4;1;3;2;2;3;3;2;3;4;3;2;2;2;4;1;2;2;2;2;2;2;2;2;2;2;1;1;6;1;3;2;1;0;0;0;0;0;0;0;0;0;0;0;6;7;5;5;5;1;5;2;3;3;2;2;2;2;6;3;1;2;1;0;0;2;0;0;2;2;3;2;3;4;3;2;2;1;1;2;2;3;2;2;3;3;3;1;2;1;3;2;2;1;3;2;8;7;7;5;4;6;6;1;1;1;1;2;2;7;8;2;2;2;5;4;6;6;4;1;1;1;5;7;5;1;5;1;6;1;1;1;1;1;2;3;4;2;2;2;1;5;2;5;2;5;2;2;2;2;2;2;2;2;2;2;2;2;2;1;1;410002;410002;410002;2;3;2;2;2;2;2;2;2;2;2;2;2;3;2;3;7;7;5;7;7;7;7;5;4;7;7;6;6;2;3;1;1;2;4;4;1;1952;65;6;3;1;1;1;410;410;410;1;2;1;2390;1;2;3;2;3;2;2;1;3;2;1;5;6;-5;9;2;1;2;3;4;2;7;70000000;410004;4;2;0;0.6224999999999999;0.6366666666666667;0.30009259259259263;0.1851851851851852;0.5;0.66;0.0;0.3866666666666667;0.66;1.0;1.0;0.8866666666666667;1.0;1.0;0.0;0.6666666666666666;0.66;0.66;0.33;0.5499999999999999;0.0;0.0;0.0;0.0;0.0;0.0;0.0;0.0;0.0;0.4444444444444444;0.6666666666666666;0.3703703703703704;0.66;1.0;0.8300000000000001;0.8300000000000001;1.0;1.0;1.0;1.0;1.0;1.0;1.0;1.0;1.0;1.0;1.0;1.0;1;1;0;1;1;6;6;5;7;6;6;5;5;6;6;6;6;6;5;7;6;4;1;3;200;25000;0;7;4;1;7;5;7;6;6;1;2;5;5;7;2;5;5;5;2;1;3;2;2;2;7;1;5;4
"1-5-0 (2020-11-16)";"doi.org/10.14281/18241.1";2018;410;"KOR";732;"ROK";410070151;20180103;201712;201801;16.56;17.38;43;1;410031;410020;8;5;2;1;151;2390;"ko";2;1;1.0;0.8032128514056225;41453.815261044176;1;2;2;3;1;2;1;2;1;1;2;1;2;1;2;2;2;1;1;1;1;1;2;1;2;1;2;2;1;2;1;3;2;1;1;1;2;1;4;2;1;1;2;2;3;2;2;2;2;2;7;5;4;4;4;4;4;4;1;1;1;2;2;2;2;3;2;3;2;2;3;2;2;3;4;4;3;2;2;3;2;2;2;2;3;3;3;4;3;4;4;3;4;6;3;2;2;2;0;0;0;0;0;0;0;0;2;0;0;8;5;8;3;7;1;5;3;2;2;2;2;2;2;5;4;2;1;2;1;1;1;1;2;2;3;3;2;4;4;4;2;4;2;1;2;2;3;1;1;2;3;3;1;2;1;1;2;3;1;1;3;8;7;4;5;7;6;8;1;1;1;1;2;2;1;1;1;1;2;7;5;3;1;3;6;5;3;3;5;4;3;7;1;4;2;4;3;7;3;2;4;4;2;2;3;1;3;1;5;2;5;1;2;2;3;3;2;1;3;3;2;3;3;3;2;1;410001;410001;410001;3;2;3;4;3;3;4;2;3;3;1;2;2;4;1;3;7;7;7;8;8;3;6;6;1;8;8;7;8;1;1;1;1;2;2;3;2;1960;57;5;3;1;1;1;410;410;410;1;4;1;2390;1;2;3;2;3;2;0;1;0;1;5;1;-3;8;9;-3;2;2;5;4;2;2;20000000;410004;1;1;1;0.45666666666666667;0.19333333333333333;0.22425925925925927;0.2818518518518519;0.5;0.0;0.33;0.27666666666666667;0.33;0.0;0.0;0.11;1.0;1.0;1.0;1.0;0.66;0.33;0.33;0.44;0.0;0.0;1.0;0.3333333333333333;0.25;0.0;0.33;0.19333333333333336;0.4444444444444444;0.2222222222222222;0.4444444444444444;0.3703703703703704;0.0;0.0;0.0;0.0;1.0;1.0;1.0;1.0;1.0;1.0;1.0;1.0;1.0;1.0;1.0;1.0;0;0;0;0;1;8;4;4;6;4;7;4;3;6;5;7;7;3;5;7;7;-3;-3;5;550;27000;0;-3;4;1;-3;-3;-3;6;4;1;1;3;7;6;2;2;3;5;3;5;3;1;4;2;7;3;1;4
"1-5-0 (2020-11-16)";"doi.org/10.14281/18241.1";2018;410;"KOR";732;"ROK";410070152;20180103;201712;201801;17.01;17.21;20;1;410029;410005;8;5;2;1;152;2390;"ko";1;1;1.0;0.8032128514056225;41453.815261044176;1;2;3;2;2;3;1;2;1;2;2;2;1;1;2;2;1;1;1;1;2;1;2;1;1;1;1;2;1;1;1;1;1;1;1;1;1;1;1;2;1;1;1;1;2;1;1;1;2;2;7;7;6;4;4;4;4;3;3;2;1;2;2;4;4;4;2;3;3;2;3;3;2;2;3;3;2;2;2;4;1;2;2;2;2;2;2;2;2;2;2;1;1;7;1;3;2;0;0;0;0;0;0;0;0;0;1;0;0;6;7;5;5;5;1;5;2;2;2;2;2;2;2;6;3;1;2;1;1;1;1;1;1;2;2;3;2;3;4;4;2;2;1;1;2;2;2;2;2;2;2;2;1;2;2;2;3;1;2;2;3;7;7;7;6;4;7;7;1;1;1;1;2;3;7;8;3;2;2;5;4;6;1;1;4;1;1;1;5;5;1;1;5;5;1;1;1;1;1;2;3;4;2;2;2;1;5;1;2;1;5;2;2;2;2;2;2;2;2;2;2;2;2;2;1;1;410008;410008;410008;2;1;1;2;2;1;2;4;2;2;2;2;3;3;2;3;5;6;6;5;6;6;7;6;7;5;7;7;7;2;2;2;2;2;4;4;2;1973;44;3;2;1;1;1;410;410;410;1;4;1;2390;1;2;3;2;3;2;2;1;3;2;5;1;-3;4;4;-3;2;2;3;4;2;0;100000020;410004;4;2;0;0.5533333333333333;0.49833333333333335;0.14078703703703704;0.07407407407407407;0.0;0.33;0.0;0.11;0.66;1.0;1.0;0.8866666666666667;1.0;0.0;1.0;0.6666666666666666;0.66;0.66;0.33;0.5499999999999999;0.0;0.0;0.0;0.0;0.0;0.0;0.0;0.0;0.0;0.0;0.4444444444444444;0.14814814814814814;0.33;0.5;0.41500000000000004;0.41500000000000004;1.0;1.0;1.0;1.0;1.0;1.0;1.0;1.0;1.0;1.0;1.0;1.0;1;0;1;1;1;5;7;6;6;5;6;6;5;6;6;6;7;6;7;5;6;-3;-3;3;300;25000;0;-3;4;1;-3;-3;-3;7;4;1;2;5;5;6;2;7;6;5;2;3;3;2;2;2;7;2;7;4
"1-5-0 (2020-11-16)";"doi.org/10.14281/18241.1";2018;410;"KOR";732;"ROK";410070153;20180103;201712;201801;17.16;17.46;30;1;410029;410005;8;5;2;1;153;2390;"ko";2;1;1.0;0.8032128514056225;41453.815261044176;1;2;3;2;2;3;1;1;2;2;2;2;1;1;2;2;1;1;2;1;1;1;2;1;1;1;2;2;1;1;1;1;1;1;1;1;2;1;5;1;1;1;1;1;2;2;1;2;2;2;5;6;6;3;4;3;3;3;3;2;1;2;2;3;4;4;2;3;2;2;3;4;1;2;3;3;2;2;2;3;1;2;2;1;1;1;1;1;1;1;1;1;1;6;3;3;2;1;0;0;0;0;0;0;0;0;1;0;0;6;7;5;5;5;2;6;2;3;2;2;2;2;3;6;3;1;2;0;0;0;0;0;1;3;2;3;2;3;4;4;2;2;1;1;2;2;2;2;2;3;3;3;1;2;2;2;3;2;1;3;1;7;7;7;7;5;8;6;1;1;1;1;2;3;6;7;2;2;2;6;5;8;1;1;1;1;1;1;5;5;1;1;1;5;1;1;1;1;3;2;3;4;2;2;4;1;5;5;5;5;5;3;2;2;2;2;2;2;2;2;2;2;2;2;1;1;410002;410002;410002;2;2;1;1;2;1;1;1;1;2;2;2;3;3;3;3;7;6;6;6;7;5;7;7;5;5;7;7;6;2;3;2;2;3;4;4;2;1946;71;6;3;1;1;1;410;410;410;1;2;1;2390;1;2;3;2;3;2;2;1;3;2;5;3;-3;4;9;-3;2;2;3;4;2;7;70000000;410004;3;2;1;0.5536111111111112;0.663888888888889;0.26537037037037037;0.07407407407407407;0.5;0.66;0.33;0.49666666666666676;0.66;1.0;0.8333333333333334;0.8311111111111112;1.0;0.0;0.0;0.3333333333333333;0.66;1.0;0.0;0.5533333333333333;1.0;0.0;0.0;0.3333333333333333;0.0;0.0;0.0;0.0;0.0;0.0;0.4444444444444444;0.14814814814814814;0.66;0.5;0.5800000000000001;0.5800000000000001;1.0;1.0;1.0;1.0;1.0;1.0;1.0;1.0;1.0;1.0;1.0;1.0;1;1;0;1;0;6;6;5;7;6;6;6;6;6;5;5;6;5;5;7;6;-3;-3;3;200;20000;0;-3;4;1;-3;-3;-3;6;5;1;1;5;5;7;2;5;5;5;3;1;3;2;2;2;8;2;5;4
"1-5-0 (2020-11-16)";"doi.org/10.14281/18241.1";2018;410;"KOR";732;"ROK";410070154;20180103;201712;201801;17.17;18.06;48;1;410011;410001;8;5;1;1;154;2390;"ko";2;1;1.0;0.8032128514056225;41453.815261044176;1;2;2;2;1;3;1;2;1;1;1;2;1;2;2;2;2;1;1;1;2;1;2;2;2;2;2;2;3;2;2;3;2;1;3;3;2;1;3;2;2;3;2;3;2;2;2;2;2;2;7;7;7;2;4;4;4;4;1;1;1;2;2;3;3;4;2;3;2;2;2;2;3;2;2;2;3;2;2;2;2;2;2;2;3;3;2;2;3;2;2;2;2;7;3;1;2;0;0;0;0;0;0;0;0;0;0;0;0;6;7;3;3;4;2;7;3;4;3;3;2;2;2;4;3;2;2;0;0;0;2;0;2;3;2;4;2;3;4;4;2;3;1;2;2;2;2;2;2;3;3;4;2;2;1;2;1;3;2;1;2;6;7;6;7;6;7;3;2;2;2;2;4;3;7;8;3;1;1;8;3;3;1;4;3;4;4;3;2;3;2;5;2;2;2;3;2;2;2;3;2;3;2;1;2;1;1;1;2;1;3;1;1;2;1;2;1;2;3;3;1;1;2;2;1;1;410002;410002;410002;2;2;1;2;2;2;2;1;2;2;2;2;3;3;1;4;3;7;3;7;7;4;6;7;5;6;8;7;7;2;2;1;2;1;3;4;1;1974;43;3;2;1;1;1;410;410;410;1;4;1;2390;1;2;6;3;6;3;3;2;3;2;1;5;3;-5;3;2;1;1;3;4;2;0;100000020;410004;2;2;0;0.7058333333333333;0.6366666666666667;0.3668055555555556;0.3177777777777778;0.5;0.33;0.33;0.3866666666666667;0.66;1.0;1.0;0.8866666666666667;1.0;1.0;1.0;1.0;0.66;0.33;0.66;0.5499999999999999;0.0;1.0;1.0;0.6666666666666666;0.25;0.66;0.33;0.4133333333333334;0.3333333333333333;0.2222222222222222;0.1111111111111111;0.2222222222222222;0.33;0.0;0.165;0.165;1.0;1.0;1.0;1.0;1.0;1.0;1.0;1.0;1.0;1.0;1.0;1.0;0;0;1;0;1;7;6;7;8;6;6;6;7;6;5;5;9;4;5;4;6;1;5;2;450;63000;2000;6;4;2;7;6;7;7;5;2;4;6;4;7;6;5;5;5;2;1;2;3;2;3;7;5;6;4
"1-5-0 (2020-11-16)";"doi.org/10.14281/18241.1";2018;410;"KOR";732;"ROK";410070155;20180103;201712;201801;17.17;17.56;38;1;410047;410013;6;3;4;1;155;2390;"ko";3;1;1.0;0.8032128514056225;41453.815261044176;1;2;1;2;2;3;1;1;1;1;1;2;2;2;2;2;2;1;2;1;2;1;2;1;1;2;2;2;3;3;3;3;2;1;1;1;2;1;3;2;2;1;2;2;2;2;1;1;2;2;7;7;6;4;4;4;4;4;1;2;1;2;3;4;4;4;3;3;3;3;3;4;4;2;4;4;3;3;2;3;3;3;3;3;4;4;4;3;3;3;4;3;3;8;3;1;2;0;0;0;0;0;0;0;0;0;0;0;0;7;4;6;4;8;1;8;4;4;4;4;4;3;2;8;3;2;2;2;2;2;2;2;2;3;3;2;1;2;2;3;1;2;2;1;2;1;1;2;2;3;3;3;1;1;1;1;2;3;1;1;2;7;4;7;7;7;8;3;2;2;2;2;3;3;6;6;3;2;2;6;1;1;1;1;1;1;1;7;7;5;5;5;1;1;1;1;1;1;7;3;3;3;3;2;5;1;5;1;5;1;1;2;1;2;1;2;1;2;2;1;1;1;2;2;1;1;-2;-2;-2;2;4;3;4;2;2;4;3;3;3;2;2;2;4;2;3;4;5;4;6;6;4;6;7;6;7;7;5;7;3;3;1;1;1;4;4;2;1976;41;3;2;1;1;1;410;410;410;1;4;2;2390;1;2;5;3;5;3;3;2;3;2;3;1;5;3;6;2;2;2;3;4;2;0;100000020;410004;1;1;1;0.5119444444444445;0.5805555555555556;0.4919444444444444;0.48388888888888887;0.0;0.66;0.33;0.33;0.66;1.0;0.8333333333333334;0.8311111111111112;0.0;0.0;0.0;0.0;0.66;1.0;1.0;0.8866666666666667;1.0;1.0;1.0;1.0;0.25;0.66;0.66;0.5233333333333333;0.0;0.6666666666666666;0.6666666666666666;0.4444444444444444;0.0;0.0;0.0;0.0;1.0;1.0;1.0;1.0;1.0;1.0;1.0;1.0;1.0;1.0;1.0;1.0;0;0;0;0;1;7;7;2;8;4;3;4;3;4;3;3;9;4;5;6;7;4;1;3;500;25000;3000;7;4;1;7;6;7;8;5;2;5;1;5;7;2;3;2;3;2;1;4;2;1;1;8;1;3;4
"1-5-0 (2020-11-16)";"doi.org/10.14281/18241.1";2018;410;"KOR";732;"ROK";410070156;20180103;201712;201801;17.24;17.44;21;1;410027;410003;8;5;2;1;156;2390;"ko";2;1;1.0;0.8032128514056225;41453.815261044176;1;1;1;2;2;2;1;2;2;1;1;2;2;1;1;2;2;1;1;1;1;1;2;2;2;2;2;3;3;3;3;3;3;3;4;2;3;3;3;3;3;3;3;3;2;1;1;1;2;2;7;7;8;2;2;2;2;2;1;2;1;2;2;2;2;2;3;2;2;2;2;2;2;2;2;2;2;2;2;2;2;2;2;2;2;2;2;3;3;3;3;3;2;6;1;1;2;0;0;0;0;0;0;0;0;0;0;0;0;5;6;6;5;5;2;7;2;2;2;2;2;2;2;5;3;0;0;0;2;1;1;1;1;2;2;2;2;2;1;2;2;1;1;2;1;2;2;2;2;3;3;3;1;1;1;2;1;1;3;2;4;6;6;6;7;6;6;6;2;2;2;2;3;3;3;8;1;2;2;6;6;6;6;6;6;6;6;6;6;6;6;6;6;6;7;6;6;6;6;2;2;3;2;2;5;1;1;1;1;5;5;5;3;3;3;3;3;3;3;3;3;3;3;3;2;2;-2;-2;-2;3;2;3;3;1;2;3;3;3;2;3;3;2;3;3;3;7;8;8;7;7;7;7;6;7;7;7;7;7;3;3;2;3;2;2;2;1;1996;21;1;1;1;1;1;410;410;410;1;4;1;2390;6;0;5;3;-3;-3;3;2;3;2;5;-3;-3;-3;2;-3;2;1;3;7;2;7;70000000;410004;1;1;0;0.4702777777777778;0.27555555555555555;0.4572222222222222;0.5811111111111111;0.0;0.66;0.33;0.33;0.33;0.0;0.3333333333333333;0.22111111111111112;1.0;1.0;1.0;1.0;0.33;0.33;0.33;0.33;0.0;1.0;1.0;0.6666666666666666;0.5;0.66;0.66;0.6066666666666668;0.5555555555555556;0.5555555555555556;0.5555555555555556;0.5555555555555556;0.0;0.0;0.0;0.0;1.0;1.0;1.0;1.0;1.0;1.0;1.0;1.0;1.0;1.0;1.0;1.0;0;0;0;1;0;8;5;6;6;6;6;6;6;6;7;6;8;6;6;7;6;-3;-3;3;600;15000;0;7;5;1;7;8;8;8;7;1;2;3;3;8;8;4;5;3;3;1;3;2;3;3;6;5;5;-3
"1-5-0 (2020-11-16)";"doi.org/10.14281/18241.1";2018;410;"KOR";732;"ROK";410070157;20180103;201712;201801;17.34;17.54;20;1;410011;410001;8;5;1;1;157;2390;"ko";2;1;1.0;0.8032128514056225;41453.815261044176;1;1;1;3;1;1;2;1;1;1;1;2;1;2;2;2;2;2;1;1;2;1;2;2;2;2;2;3;2;3;3;3;2;1;2;1;2;1;4;3;3;2;3;3;2;3;1;2;2;2;7;8;7;4;4;4;4;4;1;1;1;2;3;3;2;3;3;3;2;3;3;3;3;3;3;2;3;2;2;3;3;3;3;3;3;3;3;2;2;3;2;2;3;7;3;2;2;0;0;0;0;0;0;0;0;0;0;0;0;7;6;8;6;6;1;7;3;3;3;2;3;2;3;6;2;2;2;1;2;2;2;2;2;2;2;4;4;4;4;4;4;4;1;1;2;3;2;2;2;3;2;3;1;1;1;2;3;1;3;2;3;7;6;7;7;6;7;8;1;1;1;1;1;1;1;1;1;1;1;7;8;7;6;7;6;7;7;6;7;6;7;7;6;7;6;6;6;7;6;2;2;2;2;2;5;1;5;1;4;1;2;3;2;2;1;2;2;2;2;2;2;2;2;2;1;1;410002;410002;410002;2;3;2;2;2;3;2;3;2;3;2;2;3;4;2;3;5;8;3;8;6;6;6;7;6;7;7;6;7;2;2;1;1;1;2;3;2;1989;28;2;1;1;1;1;410;410;410;1;4;2;2390;6;0;6;3;-3;-3;3;2;3;2;1;-3;3;-3;6;3;2;1;2;7;2;2;20000000;410004;3;1;1;0.5116666666666667;0.19333333333333336;0.5732407407407407;0.5214814814814814;0.5;0.33;0.33;0.3866666666666667;0.0;0.0;0.0;0.0;1.0;1.0;1.0;1.0;0.66;0.66;0.66;0.66;1.0;1.0;1.0;1.0;0.25;0.33;0.66;0.41333333333333333;0.6666666666666666;0.5555555555555556;0.6666666666666666;0.6296296296296297;0.0;0.5;0.25;0.25;1.0;1.0;1.0;1.0;1.0;1.0;1.0;1.0;1.0;1.0;1.0;1.0;1;0;0;1;1;7;7;7;7;7;7;6;8;7;7;7;7;7;6;7;6;1;4;2;500;50000;0;8;7;1;7;7;7;6;7;1;3;5;4;7;6;5;5;4;2;1;2;3;2;3;7;6;6;-3
"1-5-0 (2020-11-16)";"doi.org/10.14281/18241.1";2018;410;"KOR";732;"ROK";410070158;20180103;201712;201801;17.39;18.06;26;1;410031;410020;8;5;2;1;158;2390;"ko";3;1;1.0;0.8032128514056225;41453.815261044176;1;1;1;2;2;4;2;1;1;1;1;2;2;1;2;2;2;1;1;1;2;1;2;1;2;1;1;2;3;3;3;3;4;2;2;1;3;3;3;4;3;2;4;3;3;2;1;2;2;2;5;6;4;4;4;4;4;4;1;2;1;3;2;4;4;4;4;4;3;3;3;3;3;4;4;4;4;3;4;3;3;3;3;3;4;4;3;4;4;4;4;3;4;3;3;3;1;0;2;0;0;0;0;0;0;0;2;0;0;9;8;3;7;8;2;8;4;3;4;3;2;2;3;7;3;2;2;2;1;2;1;2;2;3;3;4;4;4;4;4;4;4;2;2;2;2;1;2;2;3;4;4;2;2;2;2;3;2;3;1;2;5;7;3;5;7;7;3;2;2;2;2;3;4;7;8;3;2;2;4;3;5;2;2;2;6;6;7;6;6;6;9;1;7;2;4;5;5;8;2;3;4;3;3;3;1;2;1;2;1;1;1;1;2;3;2;2;1;3;2;1;3;3;3;4;3;410002;410002;410002;3;2;4;2;4;3;2;3;3;2;2;2;1;4;1;4;3;8;4;8;7;3;5;7;4;7;8;8;6;2;3;2;2;2;3;4;1;1989;28;2;1;1;1;1;410;410;410;1;4;2;2390;6;0;6;3;-3;-3;2;1;3;2;1;-3;3;-3;7;2;2;1;3;6;2;0;100000020;410004;3;2;2;0.79;0.6933333333333334;0.7156481481481481;0.6412962962962964;0.5;0.66;0.0;0.3866666666666667;1.0;1.0;1.0;1.0;1.0;1.0;1.0;1.0;1.0;0.66;0.66;0.7733333333333334;1.0;1.0;1.0;1.0;0.75;0.66;0.66;0.6900000000000001;0.5555555555555556;0.6666666666666666;0.5555555555555556;0.5925925925925927;0.66;0.5;0.5800000000000001;0.5800000000000001;1.0;1.0;1.0;1.0;1.0;1.0;1.0;1.0;1.0;1.0;1.0;1.0;1;1;0;0;1;6;5;5;7;5;7;4;4;4;4;4;8;2;8;4;4;1;5;3;500;25000;0;5;5;1;5;5;5;5;4;1;1;2;6;5;1;2;3;5;3;5;2;1;4;4;5;1;2;-3
"1-5-0 (2020-11-16)";"doi.org/10.14281/18241.1";2018;410;"KOR";732;"ROK";410070159;20180103;201712;201801;17.4;18.05;26;1;410045;410011;6;3;4;1;159;2390;"ko";3;1;1.0;0.8032128514056225;41453.815261044176;1;1;1;2;1;3;1;2;1;1;2;1;1;2;2;2;2;1;2;1;2;1;2;2;2;2;3;2;1;2;1;2;1;1;1;1;2;1;3;3;3;2;3;1;2;3;2;3;2;2;3;5;1;3;4;4;4;4;1;2;1;1;1;3;3;3;3;3;3;2;3;2;2;3;3;3;3;2;1;3;2;2;3;3;3;3;2;3;3;3;3;3;3;10;1;1;2;0;0;0;0;0;0;0;0;0;0;0;0;10;10;1;10;10;2;10;4;4;4;4;4;3;4;3;4;2;2;0;0;0;0;0;0;1;2;4;4;4;4;4;4;4;2;2;2;2;2;2;2;2;2;2;2;2;2;1;2;3;1;1;2;10;10;7;6;7;10;1;2;2;2;2;3;3;7;8;3;1;2;1;1;1;1;1;1;1;1;1;5;5;1;1;1;1;1;1;1;1;3;4;4;4;3;3;5;1;5;1;5;1;5;1;3;3;3;3;3;3;3;3;3;3;3;3;1;1;410002;410002;410002;1;3;3;2;2;2;2;3;3;3;1;4;4;4;2;4;5;10;1;3;10;1;10;6;1;5;5;5;5;2;3;4;4;4;4;4;1;1968;49;4;2;1;1;1;410;410;410;1;2;1;2390;1;0;6;3;6;3;1;1;1;1;3;2;4;4;9;3;1;1;3;5;2;0;100000020;410004;1;1;0;0.525;0.8300000000000001;0.14787037037037037;0.12907407407407406;1.0;0.66;0.66;0.7733333333333334;0.66;1.0;1.0;0.8866666666666667;0.0;0.0;0.0;0.0;0.66;0.33;0.33;0.44;0.0;0.0;1.0;0.3333333333333333;0.0;0.0;0.33;0.11;0.0;0.0;0.4444444444444444;0.14814814814814814;0.0;0.0;0.0;0.0;1.0;1.0;1.0;1.0;1.0;1.0;1.0;1.0;1.0;1.0;1.0;1.0;0;0;0;0;1;7;1;1;1;1;1;1;1;1;1;1;10;1;6;6;1;4;2;2;300;30000;0;3;5;1;1;3;10;8;3;1;1;1;1;7;3;3;1;1;3;1;1;3;1;3;7;2;3;4
"1-5-0 (2020-11-16)";"doi.org/10.14281/18241.1";2018;410;"KOR";732;"ROK";410070160;20180103;201712;201801;17.41;18.17;36;1;410011;410001;8;5;1;1;160;2390;"ko";1;1;1.0;0.8032128514056225;41453.815261044176;1;1;2;2;1;3;1;1;2;1;2;1;2;1;2;2;2;1;2;1;2;2;2;1;2;2;2;3;3;2;2;3;2;1;2;1;3;3;2;3;2;4;3;3;2;2;1;3;2;1;7;6;6;4;4;4;4;4;1;1;1;2;2;3;3;2;3;2;3;2;3;2;2;3;3;3;2;2;3;3;2;2;3;2;3;3;2;2;2;2;3;2;2;5;3;3;2;0;1;0;0;0;0;0;0;0;0;0;0;6;7;4;4;4;1;7;2;3;2;2;2;2;3;7;3;0;1;1;1;1;1;1;1;2;2;3;2;2;4;4;3;3;2;2;2;2;3;2;2;2;2;3;1;2;1;1;3;3;1;1;2;6;7;5;4;7;7;4;2;2;2;2;3;4;7;8;3;2;2;4;4;2;2;2;2;2;2;4;3;2;1;1;1;1;1;1;1;1;4;2;3;4;3;3;4;2;4;1;1;2;2;3;3;3;3;3;3;3;3;3;3;3;3;3;3;3;-2;-2;-2;3;4;4;4;4;4;4;4;4;4;4;2;3;4;2;4;5;6;2;8;8;5;6;6;5;6;6;6;6;2;2;3;3;2;3;3;1;1993;24;1;1;1;1;1;410;410;410;1;4;2;2390;6;0;6;3;-3;-3;3;2;3;2;1;-3;5;-3;6;2;2;2;3;4;2;0;100000020;410004;2;1;2;0.6925;0.72;0.3880555555555556;0.3177777777777778;1.0;0.33;0.33;0.5533333333333333;0.66;1.0;1.0;0.8866666666666667;1.0;1.0;1.0;1.0;0.33;0.33;0.33;0.33;1.0;0.0;1.0;0.6666666666666666;0.25;0.66;0.33;0.4133333333333334;0.1111111111111111;0.3333333333333333;0.2222222222222222;0.22222222222222224;0.0;0.5;0.25;0.25;1.0;1.0;1.0;1.0;1.0;1.0;1.0;1.0;1.0;1.0;1.0;1.0;1;0;0;0;1;6;5;5;6;6;5;5;5;4;6;5;7;4;5;5;5;1;2;3;500;35000;0;7;4;1;6;6;6;8;5;1;1;5;5;5;4;5;5;5;3;7;3;2;1;2;6;5;5;-3
"1-5-0 (2020-11-16)";"doi.org/10.14281/18241.1";2018;410;"KOR";732;"ROK";410070161;20180103;201712;201801;17.46;18.08;21;1;410029;410005;8;5;2;1;161;2390;"ko";2;1;1.0;0.8032128514056225;41453.815261044176;1;2;3;2;1;2;1;2;2;1;2;2;1;1;2;2;1;1;2;1;2;1;2;1;1;1;2;1;3;1;1;1;1;1;1;1;2;1;4;1;1;2;1;1;2;1;1;1;2;2;6;7;6;3;4;4;3;3;1;2;1;2;2;3;4;4;2;3;2;2;3;3;1;2;3;3;2;2;2;4;1;1;2;2;1;1;1;1;1;1;1;1;1;5;1;3;2;1;0;0;0;0;0;0;0;0;1;0;0;5;6;5;5;6;2;5;2;3;3;2;2;2;3;6;3;1;2;0;0;0;0;0;1;3;2;2;2;2;4;3;2;2;1;1;2;2;2;2;2;3;3;3;1;2;2;2;3;2;3;3;2;6;6;5;6;5;7;5;1;1;1;1;2;3;6;7;2;2;2;5;6;7;1;1;1;1;1;1;1;1;1;5;1;5;1;1;1;1;1;2;3;4;2;2;2;1;5;1;2;1;2;2;2;2;2;2;2;2;2;2;2;2;2;2;1;1;410008;410008;410008;2;1;1;1;2;1;2;3;2;2;2;2;3;3;2;3;5;6;4;6;7;4;4;5;4;10;10;7;7;2;3;2;2;3;4;4;2;1982;35;3;2;1;1;1;410;410;410;1;4;1;2390;1;2;3;2;5;3;3;2;3;2;5;1;-3;3;4;-3;2;2;3;4;2;2;20000000;410004;4;2;0;0.4561111111111111;0.5255555555555556;0.2;0.11;0.0;0.66;0.33;0.33;0.33;1.0;0.8333333333333334;0.7211111111111111;1.0;0.0;0.0;0.3333333333333333;0.66;0.66;0.0;0.44;0.0;0.0;0.0;0.0;0.0;0.66;0.0;0.22;0.0;0.0;0.0;0.0;0.66;0.5;0.5800000000000001;0.5800000000000001;1.0;1.0;1.0;1.0;1.0;1.0;1.0;1.0;1.0;1.0;1.0;1.0;1;1;0;1;1;7;6;5;6;6;5;6;6;6;6;6;7;6;6;5;6;-3;-3;3;300;25000;0;-3;4;1;-3;-3;-3;7;4;1;2;7;6;6;3;7;6;6;2;3;3;2;2;3;7;3;8;4
"1-5-0 (2020-11-16)";"doi.org/10.14281/18241.1";2018;410;"KOR";732;"ROK";410070162;20180103;201712;201801;18.07;18.37;30;1;410031;410020;8;5;2;1;162;2390;"ko";3;1;1.0;0.8032128514056225;41453.815261044176;1;1;2;3;2;3;1;2;1;1;1;2;2;1;2;2;2;1;2;1;2;1;2;1;2;2;3;2;4;4;3;3;5;2;2;1;4;2;4;3;3;2;3;4;2;2;1;3;2;1;8;7;5;4;4;4;4;4;1;1;1;2;1;2;4;4;3;4;2;2;3;2;3;4;4;4;3;2;3;4;3;2;2;2;4;4;2;3;3;4;3;2;3;8;2;1;3;0;0;0;0;0;0;0;0;0;2;0;0;8;8;3;8;4;2;5;2;2;2;2;2;2;4;6;3;2;2;2;1;1;1;2;2;2;3;4;2;4;4;4;3;4;2;1;2;2;1;1;1;2;2;3;2;2;2;2;3;2;3;1;3;8;8;3;7;6;6;4;1;2;2;2;3;3;6;7;2;1;2;6;3;3;2;4;4;4;1;7;7;7;6;9;1;4;1;5;5;5;7;2;4;4;3;3;3;1;2;1;2;1;1;1;2;2;3;3;2;2;3;3;2;2;3;3;4;3;410002;410002;410002;2;2;3;2;2;3;3;4;3;2;1;2;1;4;1;3;3;6;4;7;8;3;8;7;3;7;8;6;6;3;3;2;2;2;3;4;2;1991;26;2;1;1;1;1;410;410;410;1;3;1;2390;1;1;5;3;6;3;3;2;3;2;1;1;4;6;8;2;2;1;3;5;2;0;100000020;410004;3;2;1;0.8169444444444445;0.8022222222222224;0.7005555555555555;0.7777777777777777;1.0;0.66;0.66;0.7733333333333334;0.66;1.0;0.8333333333333334;0.8311111111111112;1.0;1.0;1.0;1.0;1.0;0.33;0.66;0.6633333333333333;0.0;1.0;1.0;0.6666666666666666;1.0;1.0;1.0;1.0;0.3333333333333333;0.6666666666666666;0.6666666666666666;0.5555555555555555;0.66;0.5;0.5800000000000001;0.5800000000000001;1.0;1.0;1.0;1.0;1.0;1.0;1.0;1.0;1.0;1.0;1.0;1.0;1;1;0;0;1;8;7;7;7;7;7;7;6;8;8;6;8;5;5;8;6;4;1;3;350;15000;3000;7;5;3;8;7;6;7;5;1;1;2;5;8;1;5;2;5;3;1;3;2;4;3;8;1;5;4
"1-5-0 (2020-11-16)";"doi.org/10.14281/18241.1";2018;410;"KOR";732;"ROK";410070163;20180103;201712;201801;18.08;18.37;30;1;410045;410011;6;3;4;1;163;2390;"ko";3;1;1.0;0.8032128514056225;41453.815261044176;1;1;1;3;1;1;1;2;2;1;2;1;2;1;1;2;2;1;2;1;2;1;2;2;2;2;3;1;2;3;2;2;2;1;2;1;2;1;3;3;2;2;2;2;2;2;1;3;2;2;6;7;5;4;4;4;4;4;1;2;1;1;1;2;2;2;2;2;2;2;2;2;2;2;2;2;2;2;2;2;2;2;2;2;2;2;2;2;2;2;2;2;2;1;1;2;2;0;0;0;0;0;0;0;0;0;0;0;0;10;10;1;6;10;2;7;4;4;4;4;4;2;4;5;4;2;2;1;1;1;1;1;1;2;2;4;4;4;4;4;4;4;2;2;2;2;2;2;2;2;3;3;2;2;2;1;2;3;1;1;2;10;10;10;10;10;10;8;1;1;1;1;3;3;2;3;1;1;1;3;1;3;1;1;1;3;1;1;7;7;1;1;1;1;1;1;1;1;1;4;4;4;3;3;4;1;5;1;3;1;2;1;3;3;3;3;3;3;3;3;3;3;3;3;1;2;410002;410002;410002;1;4;2;2;2;2;2;4;1;2;1;2;3;4;2;3;5;8;3;3;10;1;10;5;1;10;10;6;6;2;2;3;4;4;4;4;1;1983;34;2;2;1;1;1;410;410;410;1;1;1;2390;6;0;6;3;-3;-3;6;3;6;3;1;-3;5;-3;3;1;1;1;3;4;2;2;20000000;410004;1;1;0;0.3455555555555556;0.3594444444444445;0.2607407407407407;0.3548148148148148;1.0;0.33;0.66;0.6633333333333334;0.0;0.0;0.16666666666666666;0.05555555555555555;1.0;0.0;0.0;0.3333333333333333;0.33;0.33;0.33;0.33;0.0;0.0;1.0;0.3333333333333333;0.25;0.33;0.66;0.41333333333333333;0.2222222222222222;0.0;0.6666666666666666;0.2962962962962963;0.0;0.0;0.0;0.0;1.0;1.0;1.0;1.0;1.0;1.0;1.0;1.0;1.0;1.0;1.0;1.0;0;0;0;0;1;9;4;3;4;1;3;3;1;1;1;1;9;3;4;4;3;1;3;2;200;8500;0;7;2;3;7;8;6;10;2;1;1;2;2;8;2;2;2;2;3;1;1;2;2;3;8;1;2;-3
"1-5-0 (2020-11-16)";"doi.org/10.14281/18241.1";2018;410;"KOR";732;"ROK";410070164;20180103;201712;201801;18.23;19.26;63;1;410011;410001;8;5;1;1;164;2390;"ko";3;2;1.0;0.8032128514056225;41453.815261044176;1;1;1;2;1;1;1;2;2;1;1;1;2;2;2;2;1;1;2;2;2;1;2;2;2;2;2;3;2;3;2;3;2;1;2;1;2;1;3;2;2;1;2;2;2;3;1;2;2;2;7;7;7;4;4;4;4;4;1;2;1;2;4;3;3;3;2;4;3;2;2;3;3;3;2;3;3;3;3;3;2;3;2;3;3;3;2;2;2;2;2;2;2;7;3;3;2;0;0;0;0;0;0;0;0;0;0;0;0;7;5;7;5;7;1;6;3;2;3;3;2;1;2;6;3;2;2;2;1;2;2;2;2;2;2;4;3;4;4;4;3;3;1;1;2;2;3;2;2;4;4;4;1;1;1;2;3;2;3;2;3;7;8;7;6;6;7;7;1;1;1;1;2;3;3;4;1;1;1;7;6;2;3;2;2;4;3;5;3;3;2;4;4;5;4;4;5;4;5;2;2;2;2;2;5;1;5;2;5;3;2;3;2;2;2;2;2;2;2;2;2;2;2;2;1;1;-2;-2;-2;2;3;2;2;3;3;2;3;2;3;2;2;3;4;2;3;5;8;2;7;6;6;6;6;5;6;5;6;6;2;3;1;1;1;2;3;2;1979;38;3;2;1;1;1;410;410;410;1;2;1;2390;1;2;6;3;6;3;3;2;5;3;5;1;-3;3;7;-3;2;1;2;6;2;2;20000000;410004;4;2;-1;0.5952777777777778;0.30388888888888893;0.415;0.3733333333333333;0.5;0.66;0.33;0.49666666666666676;0.0;0.0;0.3333333333333333;0.1111111111111111;1.0;1.0;1.0;1.0;1.0;0.66;0.66;0.7733333333333334;0.0;1.0;0.0;0.3333333333333333;0.25;0.33;0.66;0.41333333333333333;0.3333333333333333;0.4444444444444444;0.2222222222222222;0.3333333333333333;0.66;0.5;0.5800000000000001;0.5800000000000001;1.0;1.0;1.0;1.0;1.0;1.0;1.0;1.0;1.0;1.0;1.0;1.0;1;1;0;1;1;7;6;6;7;7;7;6;7;6;7;6;7;7;8;7;7;-3;-3;2;600;100000;1000;-3;7;1;-3;-3;-3;7;7;1;2;5;4;5;5;5;5;5;2;7;2;3;2;3;5;4;4;4
"1-5-0 (2020-11-16)";"doi.org/10.14281/18241.1";2018;410;"KOR";732;"ROK";410070165;20180103;201712;201801;18.38;19.15;36;1;410031;410020;8;5;2;1;165;2390;"ko";2;1;1.0;0.8032128514056225;41453.815261044176;1;2;2;2;2;2;1;2;1;1;1;2;2;1;2;2;2;1;1;1;1;1;2;1;2;1;3;2;2;3;2;3;3;3;1;1;2;1;4;2;2;1;2;4;3;2;2;3;2;2;6;6;4;4;4;4;4;4;1;1;1;2;1;3;3;4;3;3;2;2;3;2;2;2;4;4;3;2;2;3;2;3;2;2;3;3;2;3;3;3;3;2;3;8;3;1;2;0;0;0;0;0;0;0;0;0;2;0;0;4;8;5;5;5;2;6;3;3;2;2;2;2;2;4;4;2;1;2;0;1;0;0;1;3;4;3;2;4;4;4;3;4;2;1;2;3;1;1;1;2;4;4;2;2;2;2;1;3;2;1;2;5;5;5;5;4;7;6;1;1;1;1;3;3;4;5;2;2;2;4;3;4;2;4;4;5;5;6;6;6;6;8;1;4;1;3;3;6;6;2;3;4;3;3;3;1;3;1;2;1;1;1;2;2;3;2;2;2;3;2;2;2;3;3;3;2;410010;410010;410010;3;2;2;3;3;2;2;3;4;4;2;1;2;4;2;3;4;7;5;9;6;3;8;7;5;8;8;8;8;2;2;1;2;2;2;3;2;1973;44;3;2;1;1;1;410;410;410;1;4;1;2390;1;2;3;2;5;3;2;1;3;2;5;1;-3;6;9;-3;2;2;5;5;2;7;70000000;410004;2;2;1;0.6783333333333333;0.6366666666666667;0.46171296296296294;0.5075925925925926;1.0;0.33;0.66;0.6633333333333334;0.33;1.0;0.5;0.61;1.0;1.0;1.0;1.0;0.66;0.33;0.33;0.44;0.0;1.0;1.0;0.6666666666666666;0.5;0.33;0.66;0.49666666666666676;0.4444444444444444;0.5555555555555556;0.5555555555555556;0.5185185185185185;0.33;0.0;0.165;0.165;1.0;1.0;1.0;1.0;1.0;1.0;1.0;1.0;1.0;1.0;1.0;1.0;0;0;1;0;1;6;4;4;5;3;4;5;3;4;4;3;6;2;7;4;4;-3;-3;5;400;23000;3500;-3;6;1;-3;-3;-3;6;4;1;1;3;7;6;4;3;3;7;3;5;4;1;4;4;6;3;5;4
"1-5-0 (2020-11-16)";"doi.org/10.14281/18241.1";2018;410;"KOR";732;"ROK";410070166;20180103;201712;201801;18.45;19.25;40;1;410011;410001;8;5;1;1;166;2390;"ko";2;1;1.0;0.8032128514056225;41453.815261044176;1;1;2;2;1;2;1;1;1;1;2;2;1;2;2;2;2;1;1;1;2;1;2;1;2;1;2;2;3;1;2;2;2;1;3;3;4;2;3;3;2;2;3;3;2;2;1;2;2;2;7;7;6;4;4;4;4;4;1;1;1;2;2;3;2;3;2;3;2;2;2;3;2;2;3;4;3;2;2;3;2;2;2;2;2;2;2;2;2;2;2;2;2;7;3;1;2;1;0;0;0;0;0;0;0;0;0;0;0;5;7;4;3;4;2;6;3;3;2;3;2;2;1;6;3;2;2;2;1;0;2;0;1;3;2;3;3;4;4;4;2;3;1;2;2;2;2;2;2;2;3;3;1;2;1;2;1;3;1;1;2;7;7;5;5;6;5;5;1;1;1;1;3;3;1;3;2;1;1;7;4;3;3;2;2;4;5;4;5;5;2;2;2;1;2;3;5;5;2;2;2;2;2;1;2;1;1;1;2;1;3;1;1;2;2;2;2;2;3;3;1;2;3;3;1;1;410001;410001;410001;2;2;1;2;2;3;2;3;2;2;1;2;2;3;1;3;5;6;5;7;8;4;8;7;5;5;8;7;8;2;1;1;1;1;3;3;1;1962;55;5;3;1;1;1;410;410;410;1;4;1;2390;1;2;6;3;3;2;3;2;3;2;1;2;4;4;6;3;1;1;3;6;2;2;20000000;410004;1;1;1;0.5675;0.36;0.3350925925925926;0.33685185185185185;0.5;0.0;0.33;0.27666666666666667;0.33;1.0;0.0;0.44333333333333336;1.0;1.0;1.0;1.0;0.66;0.66;0.33;0.5499999999999999;1.0;0.0;1.0;0.6666666666666666;0.25;0.66;0.0;0.30333333333333334;0.3333333333333333;0.3333333333333333;0.4444444444444444;0.3703703703703703;0.0;0.0;0.0;0.0;1.0;1.0;1.0;1.0;1.0;1.0;1.0;1.0;1.0;1.0;1.0;1.0;0;0;0;0;1;7;6;7;7;6;5;4;3;3;3;4;7;5;7;4;7;4;1;2;700;155000;7000;7;5;1;6;7;7;8;6;2;3;6;4;6;7;6;5;3;2;2;2;3;2;4;6;7;6;4
"1-5-0 (2020-11-16)";"doi.org/10.14281/18241.1";2018;410;"KOR";732;"ROK";410070167;20180103;201712;201801;19.15;19.53;39;1;410031;410020;8;5;2;1;167;2390;"ko";2;1;1.0;0.8032128514056225;41453.815261044176;1;1;2;2;1;4;2;2;1;1;1;1;2;1;2;2;2;1;2;1;2;1;2;2;2;2;3;1;3;3;2;3;3;3;2;1;2;1;4;2;1;1;2;3;2;2;2;2;2;2;4;5;3;4;4;4;4;4;1;2;1;3;2;3;4;4;3;4;3;3;4;3;3;4;4;4;3;3;3;4;4;3;3;4;3;3;3;4;4;4;4;3;4;4;3;1;1;0;1;0;0;0;0;0;0;0;2;0;0;4;7;4;6;4;1;8;4;3;3;2;2;2;3;6;3;2;1;2;0;0;1;1;2;2;2;4;3;4;4;4;3;4;2;2;2;1;1;2;1;3;4;4;2;2;1;1;2;3;2;1;3;7;7;4;5;3;7;5;2;2;2;2;4;4;5;6;2;2;1;5;3;3;3;4;3;4;3;4;4;3;4;6;1;4;1;3;3;3;5;2;3;3;2;2;2;1;3;1;2;1;2;1;2;2;3;3;2;1;3;3;2;3;3;3;3;2;410002;410002;410002;2;3;4;2;3;2;2;3;2;3;2;2;2;4;2;3;3;8;3;8;7;1;8;7;4;7;8;7;7;2;2;2;2;2;2;3;1;1971;46;4;2;1;1;1;410;410;410;1;4;1;2390;1;2;6;3;5;3;3;2;3;2;1;1;3;5;9;2;1;2;3;6;2;0;100000020;410004;2;2;1;0.7897222222222222;0.6927777777777778;0.4429166666666666;0.4700000000000001;0.5;0.33;0.66;0.49666666666666676;1.0;1.0;0.6666666666666666;0.8888888888888888;1.0;1.0;1.0;1.0;1.0;0.66;0.66;0.7733333333333334;0.0;1.0;1.0;0.6666666666666666;0.5;0.66;0.66;0.6066666666666668;0.3333333333333333;0.3333333333333333;0.3333333333333333;0.3333333333333333;0.33;0.0;0.165;0.165;1.0;1.0;1.0;1.0;1.0;1.0;1.0;1.0;1.0;1.0;1.0;1.0;0;0;1;0;1;5;3;3;5;3;4;3;3;4;4;3;5;3;5;5;7;1;6;3;450;24000;4000;7;5;1;7;6;5;5;3;1;1;1;3;8;2;2;3;4;2;1;2;2;4;4;8;3;1;4
"1-5-0 (2020-11-16)";"doi.org/10.14281/18241.1";2018;410;"KOR";732;"ROK";410070168;20180103;201712;201801;20.18;20.48;30;1;410047;410013;7;4;3;1;168;2390;"ko";2;2;1.0;0.8032128514056225;41453.815261044176;1;1;2;2;1;2;1;1;1;1;2;2;1;2;2;2;2;1;2;1;2;1;2;1;2;2;2;3;2;3;3;3;4;2;2;1;4;2;5;2;2;1;2;2;2;3;1;3;2;1;7;6;7;4;4;4;4;4;1;2;1;2;3;4;3;3;3;2;3;3;3;2;2;3;4;4;2;2;2;3;2;2;2;2;3;3;1;2;2;2;2;1;2;5;3;2;2;0;0;0;0;0;0;0;0;0;1;0;0;5;6;7;4;5;2;6;3;3;3;2;3;2;3;7;4;2;1;2;1;2;2;2;1;3;3;3;2;3;4;4;2;4;1;2;2;3;1;2;2;2;2;3;1;2;1;1;2;3;1;1;4;6;7;5;6;4;8;7;1;1;1;1;3;4;4;7;2;1;2;2;4;4;2;1;2;3;2;2;5;5;2;7;2;1;1;2;1;1;3;3;3;4;3;2;4;1;3;1;4;1;5;2;3;3;3;3;2;2;3;2;3;3;3;3;1;1;-2;-2;-2;2;3;2;2;3;3;2;3;2;2;2;2;3;4;2;4;5;7;5;5;6;3;7;4;3;8;9;7;7;2;2;2;3;3;3;4;1;1970;47;4;2;1;1;1;410;410;410;1;7;2;2390;1;4;3;2;3;2;1;1;1;1;1;1;6;5;9;2;1;2;3;4;2;1;10100000;410004;0;1;1;0.54;0.5816666666666667;0.37648148148148153;0.4196296296296297;1.0;0.33;0.33;0.5533333333333333;0.33;1.0;0.5;0.61;1.0;0.0;1.0;0.6666666666666666;0.33;0.33;0.33;0.33;1.0;0.0;1.0;0.6666666666666666;0.75;0.33;0.66;0.5800000000000001;0.2222222222222222;0.1111111111111111;0.4444444444444444;0.25925925925925924;0.0;0.0;0.0;0.0;1.0;1.0;1.0;1.0;1.0;1.0;1.0;1.0;1.0;1.0;1.0;1.0;0;0;0;0;0;7;5;6;5;2;5;4;2;3;3;4;7;5;5;5;4;2;2;3;450;15000;1000;6;4;1;7;6;5;7;4;1;1;5;5;5;5;6;4;3;2;1;2;2;2;3;7;3;5;4
"1-5-0 (2020-11-16)";"doi.org/10.14281/18241.1";2018;410;"KOR";732;"ROK";410070169;20180103;201712;201801;20.19;21.0;41;1;410041;410007;8;5;2;1;169;2390;"ko";2;1;1.0;0.8032128514056225;41453.815261044176;1;1;1;2;2;2;2;2;1;1;1;2;2;1;1;2;2;1;2;1;2;1;2;1;2;2;2;3;3;3;3;3;3;3;3;3;4;2;3;4;4;3;4;3;2;1;1;2;2;2;8;8;8;4;4;4;4;4;1;2;1;2;3;2;3;3;2;2;2;3;2;2;2;3;2;2;2;3;2;2;3;3;3;3;2;2;2;2;2;2;2;2;2;8;3;1;2;1;0;0;0;0;0;0;0;0;0;0;1;6;8;7;7;7;1;7;2;2;2;2;2;2;2;6;4;2;2;2;1;1;1;1;2;3;2;3;3;3;4;3;3;3;1;2;2;3;3;1;1;3;2;3;1;1;2;3;4;2;3;3;2;7;7;7;8;8;8;8;1;1;1;1;2;2;3;3;2;2;2;5;3;3;2;2;2;2;2;2;5;5;2;8;5;1;1;2;2;2;4;2;4;4;2;2;4;1;1;1;5;1;2;2;2;3;2;2;2;2;2;2;2;2;2;2;1;1;410001;410001;410001;1;1;1;2;1;2;1;2;1;2;2;2;1;2;2;2;7;5;5;7;7;4;6;6;5;7;8;6;7;2;2;2;2;2;3;3;2;1959;58;5;3;1;1;1;410;410;410;1;2;1;2390;1;2;3;2;3;2;1;1;1;1;5;1;-3;4;4;-3;2;2;3;8;3;7;70000000;410004;4;2;0;0.5677777777777778;0.47055555555555556;0.581388888888889;0.4144444444444445;0.5;0.33;0.33;0.3866666666666667;0.33;1.0;0.3333333333333333;0.5544444444444444;1.0;1.0;1.0;1.0;0.33;0.33;0.33;0.33;0.0;1.0;1.0;0.6666666666666666;0.5;0.66;0.66;0.6066666666666668;0.1111111111111111;0.1111111111111111;0.4444444444444444;0.22222222222222224;0.66;1.0;0.8300000000000001;0.8300000000000001;1.0;1.0;1.0;1.0;1.0;1.0;1.0;1.0;1.0;1.0;1.0;1.0;1;1;0;1;1;8;7;8;8;8;8;6;8;8;8;7;8;7;8;7;8;-3;-3;3;500;50000;5500;-3;5;1;-3;-3;-3;8;8;1;2;6;5;5;8;5;5;5;2;2;2;3;2;2;6;8;5;4
"1-5-0 (2020-11-16)";"doi.org/10.14281/18241.1";2018;410;"KOR";732;"ROK";410070170;20180103;201712;201801;20.47;21.23;36;1;410011;410001;8;5;1;1;170;2390;"ko";1;1;1.0;0.8032128514056225;41453.815261044176;2;1;2;2;2;2;1;2;1;1;1;2;2;1;2;2;2;1;1;1;1;1;2;1;2;2;1;2;2;3;2;3;3;3;2;1;3;3;2;2;2;2;2;3;2;2;1;2;2;1;9;8;5;4;4;4;4;4;1;1;1;2;2;4;4;3;2;2;2;2;2;3;3;3;4;4;3;2;2;3;2;1;2;2;2;2;2;2;2;3;2;2;2;7;3;1;2;1;0;0;0;0;0;0;0;0;0;0;0;6;4;6;2;3;1;7;2;3;3;4;3;2;2;7;4;2;2;2;1;0;0;2;2;1;2;2;1;3;3;3;1;2;1;2;2;2;2;2;2;1;2;2;2;1;2;2;3;1;4;1;2;8;8;6;7;7;6;3;2;1;1;1;3;3;1;3;2;1;1;5;2;3;4;3;2;3;3;3;4;3;1;3;2;1;3;4;2;4;5;3;3;3;3;3;4;2;3;1;1;1;2;1;1;2;2;2;2;3;3;3;1;2;3;3;2;2;410008;410008;410008;2;3;2;2;3;3;2;3;2;2;1;2;3;4;2;3;5;6;3;8;6;7;8;7;8;8;8;6;6;2;2;1;2;2;3;3;2;1997;20;1;1;1;1;1;410;410;410;1;4;2;2390;6;0;3;2;-3;-3;5;3;6;3;6;-3;-3;-3;3;-3;2;1;2;6;2;2;20000000;410004;3;2;1;0.5675;0.36;0.45939814814814817;0.377962962962963;0.5;0.33;0.0;0.27666666666666667;0.33;1.0;0.0;0.44333333333333336;1.0;1.0;1.0;1.0;0.33;0.66;0.66;0.55;0.0;1.0;1.0;0.6666666666666666;0.5;0.33;0.66;0.49666666666666676;0.2222222222222222;0.2222222222222222;0.3333333333333333;0.25925925925925924;0.33;0.5;0.41500000000000004;0.41500000000000004;1.0;1.0;1.0;1.0;1.0;1.0;1.0;1.0;1.0;1.0;1.0;1.0;1;0;1;0;1;8;8;6;8;3;3;3;2;3;2;2;9;3;8;6;8;-3;-3;2;650;125000;0;-3;6;1;-3;-3;-3;8;3;2;4;5;3;7;5;7;5;2;2;3;3;3;2;3;6;3;8;-3
"1-5-0 (2020-11-16)";"doi.org/10.14281/18241.1";2018;410;"KOR";732;"ROK";410070171;20180103;201712;201801;21.09;22.1;61;1;410041;410007;8;5;2;1;171;2390;"ko";2;1;1.0;0.8032128514056225;41453.815261044176;1;1;1;2;1;2;2;1;1;1;2;1;1;2;2;2;2;1;1;1;2;1;2;1;2;1;2;2;3;2;2;2;2;1;3;3;3;3;2;2;3;3;2;3;2;1;1;2;2;2;7;7;7;4;4;4;4;4;1;1;2;2;1;2;2;3;2;2;1;2;2;2;1;2;2;2;1;2;3;2;2;2;2;2;3;3;2;2;3;2;2;2;2;8;1;1;1;1;0;0;0;0;0;0;0;0;0;0;1;5;6;6;7;7;2;7;2;2;2;2;2;2;2;7;4;1;2;2;2;2;1;2;1;3;2;2;2;3;2;2;2;2;1;1;1;2;2;2;2;2;2;2;1;2;1;3;2;1;2;2;1;6;7;7;8;8;8;8;1;1;1;1;2;2;3;3;1;1;2;8;1;1;1;1;1;4;2;2;5;7;4;7;1;1;1;1;1;4;4;2;4;4;2;2;5;2;3;1;1;1;2;3;2;2;2;2;2;2;2;2;2;2;2;2;1;1;410009;410009;410009;2;2;3;3;2;3;2;2;2;2;2;3;2;2;2;3;7;6;3;5;3;7;7;7;7;7;6;7;7;2;2;2;2;1;3;2;2;1957;60;5;3;1;1;1;410;410;410;1;2;1;2390;1;2;3;2;3;2;1;1;1;1;5;1;-3;4;3;-3;2;2;3;5;2;7;70000000;410004;3;2;1;0.20694444444444446;0.30388888888888893;0.5103240740740741;0.3548148148148148;0.5;0.33;0.33;0.3866666666666667;0.33;0.0;0.3333333333333333;0.22111111111111112;0.0;0.0;0.0;0.0;0.33;0.33;0.0;0.22;1.0;0.0;1.0;0.6666666666666666;0.25;0.66;0.33;0.4133333333333334;0.3333333333333333;0.1111111111111111;0.4444444444444444;0.2962962962962963;0.33;1.0;0.665;0.665;1.0;1.0;1.0;1.0;1.0;1.0;1.0;1.0;1.0;1.0;1.0;1.0;1;0;1;1;0;8;8;7;7;6;8;8;8;8;8;7;7;7;6;7;7;-3;-3;3;500;63500;3000;8;4;1;8;8;8;9;8;1;3;7;5;5;5;5;7;5;2;4;2;2;3;2;5;5;5;4
"1-5-0 (2020-11-16)";"doi.org/10.14281/18241.1";2018;410;"KOR";732;"ROK";410070172;20180103;201712;201801;21.29;22.08;39;1;410011;410001;8;5;1;1;172;2390;"ko";2;1;1.0;0.8032128514056225;41453.815261044176;1;1;1;2;1;1;2;1;2;2;1;1;1;1;2;2;2;1;2;2;2;2;2;1;2;2;2;3;2;3;2;3;2;1;2;1;2;1;3;3;2;3;2;2;2;3;1;2;2;2;8;7;7;4;4;4;4;4;2;2;1;2;3;2;1;2;2;3;2;3;3;3;3;3;3;3;3;3;3;2;3;3;3;3;2;2;2;2;2;2;3;2;2;7;3;3;2;2;0;0;0;0;0;0;0;0;0;0;0;6;8;5;5;6;1;6;3;2;3;2;2;2;3;6;4;2;2;2;1;2;2;2;2;3;2;4;4;4;4;4;4;4;1;1;2;3;3;2;2;4;4;4;2;1;2;2;3;1;3;1;2;7;7;7;8;7;7;7;1;1;1;1;1;1;2;3;1;1;1;6;5;3;3;2;2;2;2;2;4;2;1;4;1;5;4;3;3;4;3;2;3;2;2;2;5;1;5;2;5;2;5;5;2;2;2;2;2;2;2;2;2;2;2;2;1;1;-2;-2;-2;2;3;2;2;2;3;2;3;2;3;2;2;3;4;3;3;7;6;8;4;5;8;6;5;7;7;7;7;8;2;2;1;1;1;2;3;2;1975;42;3;2;1;1;1;410;410;410;1;3;1;2390;1;1;6;3;6;3;3;2;5;3;5;1;-3;3;6;-3;2;1;3;6;2;2;20000000;410004;2;1;2;0.5255555555555556;0.22111111111111115;0.46212962962962967;0.2992592592592593;0.5;0.33;0.33;0.3866666666666667;0.0;0.0;0.16666666666666666;0.05555555555555555;1.0;1.0;1.0;1.0;0.66;0.66;0.66;0.66;1.0;1.0;1.0;1.0;0.25;0.33;0.66;0.41333333333333333;0.1111111111111111;0.1111111111111111;0.3333333333333333;0.1851851851851852;0.0;0.5;0.25;0.25;1.0;1.0;1.0;1.0;1.0;1.0;1.0;1.0;1.0;1.0;1.0;1.0;1;0;0;0;1;8;7;7;6;5;7;6;6;6;7;6;8;7;6;7;8;-3;-3;2;600;120000;0;7;7;1;7;7;6;7;7;1;2;5;5;6;5;5;4;4;2;6;2;3;3;3;5;4;4;4
"1-5-0 (2020-11-16)";"doi.org/10.14281/18241.1";2018;410;"KOR";732;"ROK";410070173;20180103;201712;201801;21.3;22.07;37;1;410029;410005;8;5;2;1;173;2390;"ko";2;1;1.0;0.8032128514056225;41453.815261044176;2;2;2;2;2;3;1;2;1;1;2;2;1;1;2;2;2;1;2;1;2;1;2;1;2;2;2;2;3;2;2;2;2;1;2;1;3;3;3;2;4;2;2;2;2;1;1;1;2;2;8;7;6;4;4;4;4;4;1;2;1;2;2;3;3;3;2;2;3;2;2;3;3;3;3;3;3;3;3;3;3;2;3;3;3;3;3;2;3;3;2;2;2;6;3;3;2;2;0;0;0;0;0;0;0;0;0;0;0;8;7;4;5;4;1;6;2;2;2;2;2;2;3;4;3;2;1;2;0;0;0;1;2;2;2;3;3;3;3;3;3;3;2;2;2;2;2;1;2;2;2;2;1;2;1;2;1;3;1;1;2;8;4;5;7;6;6;8;1;1;2;1;2;3;1;1;2;1;1;3;3;2;1;2;1;2;2;4;4;4;1;8;7;3;3;2;2;2;8;2;2;2;2;2;5;1;5;1;5;5;5;1;2;2;2;2;1;2;2;2;2;2;2;2;1;1;410002;410002;410002;2;3;3;3;3;3;3;3;3;3;2;2;2;3;2;3;7;7;7;6;5;5;7;7;6;6;6;5;6;2;2;3;2;1;3;3;1;1985;32;2;2;1;1;1;410;410;410;1;1;1;2390;6;0;6;3;-3;-3;3;2;3;2;1;-3;3;-3;4;2;1;1;3;6;2;0;100000020;410004;1;1;1;0.4975;0.38666666666666666;0.2514814814814815;0.3362962962962963;0.0;0.33;0.33;0.22;0.66;1.0;0.0;0.5533333333333333;1.0;1.0;0.0;0.6666666666666666;0.33;0.66;0.66;0.55;0.0;0.0;1.0;0.3333333333333333;0.25;0.66;0.33;0.4133333333333334;0.1111111111111111;0.3333333333333333;0.3333333333333333;0.25925925925925924;0.0;0.0;0.0;0.0;1.0;1.0;1.0;1.0;1.0;1.0;1.0;1.0;1.0;1.0;1.0;1.0;0;0;0;0;1;7;7;6;6;6;6;5;4;6;5;5;6;5;7;6;6;1;5;2;200;2000;0;7;4;3;7;7;5;7;7;1;1;7;6;8;6;7;6;6;3;1;3;2;2;2;8;7;7;-3
"1-5-0 (2020-11-16)";"doi.org/10.14281/18241.1";2018;410;"KOR";732;"ROK";410070174;20180103;201712;201801;21.31;22.04;33;1;410031;410020;8;5;2;1;174;2390;"ko";2;1;1.0;0.8032128514056225;41453.815261044176;1;2;3;2;2;3;1;1;1;1;2;2;2;1;2;2;2;1;2;1;2;1;2;1;2;2;4;2;2;3;2;2;2;1;1;1;3;3;4;2;1;2;2;4;2;2;1;2;3;3;7;5;5;4;4;4;4;4;1;1;1;2;2;2;2;3;3;3;2;2;3;2;2;3;4;4;3;2;3;4;2;2;2;2;3;3;2;3;2;3;4;2;3;6;3;1;3;0;0;0;0;0;0;0;0;0;2;0;0;5;5;4;4;5;1;6;3;3;2;3;2;1;3;6;2;2;1;2;1;0;1;1;2;2;2;3;2;4;4;4;3;4;2;2;2;2;3;2;2;3;3;4;2;2;1;2;4;3;2;1;2;5;5;3;7;5;7;5;2;2;2;2;3;4;5;6;2;1;2;5;5;3;3;1;1;3;3;5;5;4;3;8;1;7;1;7;2;7;8;2;4;4;2;2;1;1;2;1;5;2;5;1;2;2;3;3;2;1;3;2;2;2;3;3;2;1;410001;410001;410001;3;3;3;2;4;3;3;2;3;2;1;2;1;4;1;3;7;7;4;7;7;3;7;8;3;8;7;8;7;2;1;1;2;2;2;3;1;1957;60;5;3;1;1;1;410;410;410;1;3;1;2390;1;3;3;2;2;1;0;1;0;1;1;1;7;5;9;2;1;1;5;4;2;7;70000000;410004;2;2;2;0.5122222222222222;0.6377777777777778;0.4038425925925926;0.3918518518518519;0.5;0.0;1.0;0.5;0.66;1.0;0.6666666666666666;0.7755555555555556;1.0;0.0;0.0;0.3333333333333333;0.66;0.33;0.33;0.44;1.0;0.0;1.0;0.6666666666666666;0.25;0.33;0.66;0.41333333333333333;0.2222222222222222;0.4444444444444444;0.4444444444444444;0.3703703703703704;0.33;0.0;0.165;0.165;1.0;1.0;1.0;1.0;1.0;1.0;1.0;1.0;1.0;1.0;1.0;1.0;0;0;1;0;1;5;4;4;6;5;6;4;4;6;6;6;4;4;4;7;6;1;6;5;350;17000;0;5;4;1;5;6;4;5;4;1;1;3;5;5;7;3;3;5;2;2;2;3;3;2;5;7;3;4
"1-5-0 (2020-11-16)";"doi.org/10.14281/18241.1";2018;410;"KOR";732;"ROK";410070175;20180103;201712;201801;10.04;10.51;48;1;410031;410020;8;5;2;1;175;2390;"ko";2;1;1.0;0.8032128514056225;41453.815261044176;1;2;2;2;1;2;1;2;1;1;2;1;2;1;2;2;2;1;1;1;1;1;2;1;2;1;3;2;1;2;1;3;2;1;1;1;2;1;4;2;2;2;2;3;2;1;1;2;3;3;5;4;3;4;4;4;4;4;3;1;1;2;2;2;3;4;2;3;2;2;3;2;2;2;3;3;2;2;2;3;2;1;1;1;3;3;1;3;2;3;2;1;2;7;2;2;3;1;0;0;0;0;0;0;0;0;1;0;0;4;8;5;4;5;2;5;2;3;3;2;2;1;2;5;4;2;2;1;0;1;1;1;2;2;3;4;2;4;4;4;3;4;2;1;2;2;2;1;1;2;2;3;1;2;1;1;2;3;2;1;2;6;5;4;5;6;6;8;1;1;1;1;2;3;1;1;1;1;2;6;4;3;2;4;3;4;3;3;4;3;4;8;1;7;1;4;3;3;5;2;3;4;2;2;4;1;3;2;5;5;5;2;2;3;3;3;2;2;3;3;3;3;3;3;1;1;410001;410001;410001;2;2;1;3;2;1;2;3;2;2;1;2;2;2;1;2;8;7;6;7;8;6;8;7;5;7;8;7;7;2;1;1;2;2;3;3;2;1955;62;5;3;1;1;1;410;410;410;1;2;1;2390;1;4;2;1;2;1;0;1;0;1;5;1;-3;7;9;-3;2;2;5;4;2;2;20000000;410004;2;2;1;0.48416666666666663;0.24833333333333335;0.24699074074074073;0.24481481481481482;0.5;0.0;0.66;0.3866666666666667;0.33;0.0;0.0;0.11;1.0;1.0;1.0;1.0;0.66;0.33;0.33;0.44;0.0;0.0;1.0;0.3333333333333333;0.25;0.0;0.33;0.19333333333333336;0.3333333333333333;0.2222222222222222;0.3333333333333333;0.2962962962962963;0.33;0.0;0.165;0.165;1.0;1.0;1.0;1.0;1.0;1.0;1.0;1.0;1.0;1.0;1.0;1.0;0;0;1;0;1;5;4;4;3;3;5;3;3;4;5;5;4;4;4;6;6;-3;-3;5;150;16000;0;-3;3;1;-3;-3;-3;6;3;1;1;3;5;5;7;2;3;5;2;2;4;2;3;1;5;8;2;4
"1-5-0 (2020-11-16)";"doi.org/10.14281/18241.1";2018;410;"KOR";732;"ROK";410070176;20180103;201712;201801;10.09;10.3;21;1;410011;410001;8;5;1;1;176;2390;"ko";3;1;1.0;0.8032128514056225;41453.815261044176;1;1;1;2;1;1;2;1;1;1;2;1;1;2;2;2;2;1;2;2;2;1;2;2;2;1;2;3;2;3;3;3;2;1;2;1;2;1;3;2;3;1;2;2;2;3;1;2;2;2;7;8;8;4;4;4;4;4;1;1;1;2;3;3;3;2;3;3;2;3;3;2;3;3;2;3;2;3;3;3;3;3;3;3;3;3;3;3;3;3;2;3;3;7;3;2;2;0;0;0;0;0;0;0;0;0;0;0;0;8;7;6;7;7;1;6;3;2;3;3;2;2;3;6;4;2;2;2;1;2;2;2;2;3;2;4;4;4;4;4;4;4;1;1;2;3;3;2;2;4;4;4;2;1;1;2;3;2;3;2;3;7;8;7;6;7;7;7;2;2;2;2;3;3;7;8;3;2;2;8;4;3;2;3;4;4;3;3;4;3;5;5;6;3;2;3;4;5;4;2;2;2;2;2;5;1;5;2;5;3;2;2;2;3;2;2;2;2;2;2;2;2;2;2;2;2;410001;410001;410001;2;3;2;2;3;3;2;3;2;3;2;2;3;4;2;3;6;8;2;7;6;5;6;5;5;6;7;5;6;2;2;1;1;1;2;3;1;1955;62;5;3;1;1;1;410;410;410;1;4;1;2390;1;2;3;2;2;1;2;1;2;1;1;5;5;-5;7;2;1;2;3;4;2;0;100000020;410004;4;2;1;0.6508333333333333;0.5266666666666666;0.4890740740740741;0.3548148148148148;0.5;0.33;0.33;0.3866666666666667;0.0;1.0;1.0;0.6666666666666666;1.0;1.0;1.0;1.0;0.66;0.33;0.66;0.5499999999999999;1.0;0.0;1.0;0.6666666666666666;0.25;0.33;0.66;0.41333333333333333;0.3333333333333333;0.2222222222222222;0.3333333333333333;0.2962962962962963;0.66;0.5;0.5800000000000001;0.5800000000000001;1.0;1.0;1.0;1.0;1.0;1.0;1.0;1.0;1.0;1.0;1.0;1.0;1;1;0;1;1;8;8;7;7;6;7;6;7;7;7;6;8;6;7;7;7;4;1;3;300;20000;500;7;5;1;7;8;7;7;7;1;2;5;4;5;4;4;5;4;2;2;2;3;2;2;5;3;5;4
"1-5-0 (2020-11-16)";"doi.org/10.14281/18241.1";2018;410;"KOR";732;"ROK";410070177;20180104;201712;201801;9.35;10.17;42;1;410011;410001;8;5;1;1;177;2390;"ko";3;1;1.0;0.8032128514056225;41453.815261044176;1;2;2;2;3;4;1;2;1;1;2;1;1;2;2;2;2;1;1;1;1;1;2;1;2;2;2;2;1;2;2;3;1;1;2;1;3;3;2;2;2;2;2;3;2;2;1;2;2;2;7;6;8;4;4;4;4;4;1;1;1;2;2;4;3;4;3;3;2;2;3;3;3;3;4;4;3;2;2;3;2;2;2;3;2;2;2;2;3;2;2;2;2;8;3;2;2;0;0;0;0;0;0;0;0;0;0;0;0;7;5;3;2;7;1;7;2;3;4;3;2;2;1;6;3;2;2;2;0;2;2;0;0;2;2;3;2;4;4;4;2;3;1;2;2;2;3;2;2;2;3;4;2;2;2;2;4;3;1;1;4;8;7;7;4;4;7;2;2;2;2;2;4;3;7;8;3;2;2;2;3;2;2;3;4;4;2;3;5;3;1;1;1;2;3;2;3;4;6;2;3;3;3;2;4;1;4;1;3;2;4;2;2;2;2;3;2;3;3;3;1;2;3;3;1;1;410002;410002;410002;2;2;3;2;2;3;2;3;2;2;2;3;2;3;1;4;5;6;2;7;6;2;7;3;5;7;9;7;8;2;1;1;1;1;3;4;2;1959;58;5;3;1;1;1;410;410;410;1;3;1;2390;1;1;3;2;6;3;3;2;6;3;5;1;-3;4;4;-3;2;1;2;7;2;0;100000020;410004;0;1;0;0.7341666666666666;0.6383333333333333;0.19416666666666665;0.22166666666666665;0.5;0.0;0.33;0.27666666666666667;1.0;1.0;1.0;1.0;1.0;1.0;1.0;1.0;0.66;0.66;0.66;0.66;0.0;0.0;1.0;0.3333333333333333;0.0;0.0;0.33;0.11;0.3333333333333333;0.2222222222222222;0.4444444444444444;0.3333333333333333;0.0;0.0;0.0;0.0;1.0;1.0;1.0;1.0;1.0;1.0;1.0;1.0;1.0;1.0;1.0;1.0;0;0;0;0;0;8;8;6;8;4;3;4;5;6;3;5;8;3;3;7;8;-3;-3;2;700;255000;10000;-3;6;1;-3;-3;-3;8;7;2;1;7;5;8;6;6;6;5;3;1;2;3;2;3;8;6;7;4
"1-5-0 (2020-11-16)";"doi.org/10.14281/18241.1";2018;410;"KOR";732;"ROK";410070178;20180104;201712;201801;10.22;10.42;20;1;410041;410007;8;5;2;1;178;2390;"ko";3;1;1.0;0.8032128514056225;41453.815261044176;1;1;2;3;2;1;2;1;2;1;1;1;2;2;1;2;2;1;2;1;2;1;2;2;2;2;2;3;2;3;2;2;2;1;2;1;2;1;3;2;2;1;3;2;2;3;1;2;2;2;7;7;8;4;4;4;4;4;1;2;1;2;3;3;3;3;3;3;3;2;3;3;3;3;3;3;3;3;3;3;2;3;3;2;3;3;2;2;3;3;2;3;2;7;3;3;2;0;0;0;0;0;0;0;0;0;0;0;0;7;7;7;8;7;1;7;3;2;3;3;2;1;2;6;3;2;2;2;1;2;2;2;2;3;2;4;4;4;4;4;4;4;1;1;2;2;3;1;2;2;3;2;1;1;2;2;1;2;3;2;3;8;7;7;7;6;7;7;1;1;1;1;2;2;2;3;1;1;1;7;2;4;2;3;3;2;4;3;3;4;2;3;3;5;3;2;2;4;3;2;2;2;2;2;5;1;3;2;5;3;2;1;2;2;2;2;2;2;2;2;2;2;2;3;1;1;410002;410002;410002;2;3;2;2;2;3;2;3;2;3;2;2;3;4;2;3;5;8;3;4;8;6;5;7;6;6;6;7;6;2;2;1;1;1;2;3;2;1977;40;3;2;1;1;1;410;410;410;1;3;2;2390;1;1;5;3;5;3;2;1;2;1;1;1;4;5;5;2;2;2;3;7;2;2;20000000;410004;3;2;0;0.5255555555555556;0.22111111111111115;0.48212962962962963;0.2992592592592593;0.5;0.33;0.33;0.3866666666666667;0.0;0.0;0.16666666666666666;0.05555555555555555;1.0;1.0;1.0;1.0;0.66;0.66;0.66;0.66;1.0;1.0;1.0;1.0;0.25;0.33;0.66;0.41333333333333333;0.1111111111111111;0.2222222222222222;0.2222222222222222;0.1851851851851852;0.66;0.0;0.33;0.33;1.0;1.0;1.0;1.0;1.0;1.0;1.0;1.0;1.0;1.0;1.0;1.0;0;1;0;1;1;6;7;8;7;7;7;7;8;8;8;7;6;8;8;7;7;1;2;3;400;13000;1000;7;8;2;8;8;8;8;7;2;2;4;6;8;5;4;5;4;2;1;2;3;2;2;8;5;4;4
"1-5-0 (2020-11-16)";"doi.org/10.14281/18241.1";2018;410;"KOR";732;"ROK";410070179;20180104;201712;201801;10.38;11.2;42;1;410011;410001;8;5;1;1;179;2390;"ko";2;1;1.0;0.8032128514056225;41453.815261044176;2;2;2;2;1;3;1;1;2;1;1;1;2;2;2;2;2;1;2;1;2;1;2;2;2;2;2;3;2;1;2;2;2;1;1;1;2;1;3;2;2;3;2;2;2;2;2;1;2;2;8;7;7;4;4;4;4;4;1;2;2;3;3;3;3;3;3;2;3;3;3;3;3;3;3;3;3;3;3;3;3;3;3;3;3;3;3;3;3;3;3;3;3;7;3;1;2;0;0;0;0;0;0;0;0;0;0;0;0;8;3;8;2;2;1;8;2;2;2;3;2;2;2;7;4;2;1;2;1;2;2;2;2;3;2;3;2;4;3;4;2;2;2;2;2;2;3;2;2;3;2;3;1;2;1;2;3;1;2;2;3;8;7;7;6;7;6;4;2;2;2;2;4;3;6;8;3;1;2;7;6;2;1;1;1;6;6;6;7;7;6;8;1;2;1;2;6;1;8;2;3;3;2;1;2;1;1;1;2;1;1;1;2;2;2;2;2;1;2;2;1;2;1;2;1;1;410002;410002;410002;2;2;3;3;2;2;2;3;3;3;2;2;2;3;1;4;4;7;4;8;6;3;8;8;8;8;9;8;8;2;2;2;2;2;2;3;1;1985;32;2;2;1;1;1;410;410;410;1;1;1;2390;6;0;6;3;-3;-3;3;2;3;2;1;-3;3;-3;6;2;1;2;3;5;2;0;100000020;410004;4;2;1;0.48361111111111116;0.5255555555555557;0.5502314814814815;0.392962962962963;0.0;0.33;0.33;0.22;0.66;1.0;0.8333333333333334;0.8311111111111112;1.0;0.0;0.0;0.3333333333333333;0.33;0.66;0.66;0.55;1.0;1.0;1.0;1.0;0.25;0.33;0.0;0.19333333333333336;0.5555555555555556;0.5555555555555556;0.6666666666666666;0.5925925925925927;0.33;0.5;0.41500000000000004;0.41500000000000004;1.0;1.0;1.0;1.0;1.0;1.0;1.0;1.0;1.0;1.0;1.0;1.0;1;0;1;1;1;7;6;6;7;6;5;5;5;6;7;8;7;7;7;8;7;1;4;3;250;8000;2000;8;5;2;8;7;8;8;3;2;2;3;2;9;2;1;1;1;2;1;2;2;1;2;9;1;3;-3
"1-5-0 (2020-11-16)";"doi.org/10.14281/18241.1";2018;410;"KOR";732;"ROK";410070180;20180104;201712;201801;10.5;11.41;51;1;410011;410001;8;5;1;1;180;2390;"ko";3;2;1.0;0.8032128514056225;41453.815261044176;1;1;2;2;1;3;1;2;1;1;2;2;1;1;2;2;2;1;1;1;2;1;2;2;2;2;2;1;2;2;1;3;1;1;2;1;4;2;3;2;2;2;2;2;2;2;2;1;2;2;8;6;5;4;4;4;4;4;1;1;1;2;2;4;3;4;2;2;2;2;2;3;2;2;4;4;3;2;2;3;2;2;2;2;2;2;2;2;2;2;2;2;2;5;3;2;2;0;0;0;0;0;0;0;0;0;0;0;0;7;6;5;3;2;2;5;3;3;2;3;3;2;2;5;3;2;2;0;1;2;0;0;2;2;2;3;2;4;4;3;2;3;1;2;2;2;2;2;1;2;3;3;2;2;1;2;4;3;1;1;2;7;6;3;5;7;5;2;2;2;2;2;2;3;7;8;3;1;2;5;2;3;2;2;2;3;2;3;2;2;1;1;4;1;3;4;3;3;5;3;3;3;1;1;1;1;2;1;3;2;5;1;2;2;2;3;2;2;3;3;1;3;3;3;1;1;410002;410002;410002;2;3;2;2;2;2;2;3;3;2;2;2;2;3;2;4;8;7;8;6;7;4;6;7;8;7;8;6;6;3;2;1;2;1;2;3;1;1955;62;5;3;1;1;1;410;410;410;1;2;1;2390;1;0;3;2;3;2;2;1;3;2;1;5;8;-5;4;2;1;1;3;3;1;0;100000020;410004;1;1;1;0.6366666666666666;0.5533333333333333;0.18462962962962964;0.2025925925925926;0.0;0.33;0.33;0.22;0.66;1.0;1.0;0.8866666666666667;1.0;1.0;1.0;1.0;0.33;0.66;0.33;0.44;0.0;0.0;1.0;0.3333333333333333;0.0;0.33;0.33;0.22;0.2222222222222222;0.2222222222222222;0.1111111111111111;0.1851851851851852;0.0;0.0;0.0;0.0;1.0;1.0;1.0;1.0;1.0;1.0;1.0;1.0;1.0;1.0;1.0;1.0;0;0;0;0;1;7;6;5;7;3;3;2;4;4;3;4;8;3;5;5;8;2;2;3;250;35000;0;6;2;2;5;5;7;7;6;2;1;4;4;7;6;5;4;4;3;1;2;3;2;4;7;6;5;4
"1-5-0 (2020-11-16)";"doi.org/10.14281/18241.1";2018;410;"KOR";732;"ROK";410070181;20180104;201712;201801;11.22;11.42;20;1;410041;410007;8;5;2;1;181;2390;"ko";3;1;1.0;0.8032128514056225;41453.815261044176;1;1;1;2;1;1;2;1;2;1;1;1;1;2;2;2;2;1;2;1;2;1;2;2;2;2;2;3;2;3;3;3;2;1;2;1;2;1;3;2;2;1;2;2;2;3;2;1;2;2;7;7;7;4;4;4;4;4;2;2;1;2;3;4;3;2;2;3;3;3;2;3;3;2;3;3;2;3;3;2;2;3;3;2;2;2;2;3;3;2;3;2;2;6;3;2;2;0;0;0;0;0;0;0;0;0;0;0;0;7;7;7;6;7;1;8;1;2;3;3;2;2;2;6;4;2;2;2;1;2;2;1;2;2;2;4;4;2;4;4;4;4;1;1;2;3;3;2;2;4;3;4;1;1;2;2;3;2;3;2;3;8;7;8;8;7;8;4;2;2;2;2;3;3;7;8;3;2;2;7;7;8;7;3;3;2;3;4;3;2;3;3;3;3;4;3;4;4;3;2;2;3;2;2;5;1;5;3;4;4;4;3;3;3;3;3;3;3;3;2;3;3;2;2;2;2;-2;-2;-2;2;3;3;2;2;2;3;3;2;2;2;2;3;3;2;3;8;7;7;6;7;7;7;6;6;7;7;7;7;3;2;1;1;1;2;3;2;1997;20;1;1;1;1;1;410;410;410;1;3;1;2390;6;0;3;2;-3;-3;3;2;3;2;2;-3;5;-3;5;2;2;2;3;5;2;0;100000020;410004;4;2;1;0.6366666666666667;0.4433333333333333;0.5538888888888889;0.31777777777777777;0.0;0.33;0.33;0.22;0.0;1.0;1.0;0.6666666666666666;1.0;1.0;1.0;1.0;0.66;0.66;0.66;0.66;1.0;1.0;1.0;1.0;0.25;0.33;0.66;0.41333333333333333;0.1111111111111111;0.3333333333333333;0.2222222222222222;0.22222222222222224;0.66;0.5;0.5800000000000001;0.5800000000000001;1.0;1.0;1.0;1.0;1.0;1.0;1.0;1.0;1.0;1.0;1.0;1.0;1;1;0;1;1;8;8;7;8;7;7;6;7;7;7;7;8;7;7;7;8;2;2;3;500;9000;3000;9;6;1;7;8;8;7;6;1;1;5;5;5;5;5;5;5;3;6;2;3;2;2;5;5;5;-3
"1-5-0 (2020-11-16)";"doi.org/10.14281/18241.1";2018;410;"KOR";732;"ROK";410070182;20180104;201712;201801;11.31;12.02;31;1;410029;410005;8;5;2;1;182;2390;"ko";3;1;1.0;0.8032128514056225;41453.815261044176;2;2;2;3;1;3;1;2;2;1;1;2;1;1;2;2;2;1;2;1;2;1;2;1;2;2;2;2;3;3;3;3;4;2;1;1;3;3;3;3;2;2;3;2;1;1;1;2;2;2;8;8;7;4;4;4;4;4;1;2;1;3;2;3;3;3;3;3;2;2;2;2;2;3;3;3;2;2;2;3;2;2;2;2;3;3;2;2;2;3;2;2;2;2;3;1;2;0;0;0;0;0;0;0;0;0;0;0;0;4;9;4;4;7;2;8;3;3;3;4;3;2;2;8;3;2;0;2;2;2;2;2;2;3;2;3;2;3;4;4;2;2;1;2;2;1;2;2;2;3;3;3;2;2;2;2;1;3;1;1;4;9;9;8;8;6;9;2;2;2;2;2;3;3;6;7;2;1;2;2;3;2;2;1;1;1;1;1;5;10;3;1;1;3;1;1;1;3;4;4;4;4;3;3;5;2;5;1;2;1;3;1;1;2;2;2;2;2;2;2;2;1;2;3;2;2;410002;410002;410002;2;3;2;2;2;2;2;3;2;3;1;1;3;3;2;4;7;9;3;9;9;9;9;9;5;8;9;7;7;3;3;2;2;2;3;3;2;1990;27;2;1;1;1;1;410;410;410;1;4;2;2390;6;0;6;3;-3;-3;2;1;6;3;1;-3;3;-3;2;2;2;2;2;7;2;0;100000020;410004;0;1;1;0.5252777777777778;0.663888888888889;0.3762037037037037;0.4190740740740741;0.5;0.66;0.33;0.49666666666666676;0.66;1.0;0.8333333333333334;0.8311111111111112;1.0;0.0;0.0;0.3333333333333333;0.66;0.33;0.33;0.44;0.0;1.0;1.0;0.6666666666666666;0.75;0.66;0.66;0.6900000000000001;0.0;0.0;0.4444444444444444;0.14814814814814814;0.0;0.0;0.0;0.0;1.0;1.0;1.0;1.0;1.0;1.0;1.0;1.0;1.0;1.0;1.0;1.0;0;0;0;0;0;9;7;5;8;4;6;5;4;4;5;6;9;5;4;6;7;1;4;2;1000;65600;10000;7;5;1;7;6;6;9;5;1;2;8;7;10;6;6;7;5;2;1;3;3;2;2;10;5;9;-3
"1-5-0 (2020-11-16)";"doi.org/10.14281/18241.1";2018;410;"KOR";732;"ROK";410070183;20180104;201712;201801;11.43;12.22;39;1;410011;410001;8;5;1;1;183;2390;"ko";2;1;1.0;0.8032128514056225;41453.815261044176;1;2;2;2;2;2;1;1;2;1;1;1;2;2;2;2;2;1;2;1;2;1;2;2;2;2;2;2;2;1;2;2;2;1;2;1;1;1;2;2;1;2;2;2;2;2;1;3;2;2;7;7;8;4;4;4;4;4;1;2;1;2;3;3;3;3;2;2;3;3;3;3;3;2;4;4;3;3;3;3;3;3;3;3;3;3;3;3;3;3;3;3;3;8;3;1;2;1;0;0;0;0;0;0;0;0;0;0;0;9;3;8;2;2;1;6;2;2;3;3;2;1;2;5;3;2;1;2;2;2;1;1;1;3;2;3;1;4;3;4;2;2;2;2;2;3;3;2;2;4;4;4;1;2;1;3;2;2;4;1;2;8;7;8;8;7;8;8;1;1;1;1;3;3;4;5;2;1;1;8;6;1;1;1;1;5;5;7;7;7;7;8;1;1;2;2;6;2;8;2;3;3;2;1;1;1;1;1;5;1;5;1;2;2;2;2;2;1;2;2;2;2;2;2;1;1;410001;410001;410001;2;3;3;2;2;2;3;3;3;3;2;2;1;3;3;4;8;9;2;9;6;2;3;8;8;8;8;8;8;2;2;2;2;2;3;3;1;1954;63;5;3;1;1;1;410;410;410;1;2;1;2390;1;2;6;3;6;3;1;1;1;1;1;5;4;-5;9;2;1;1;3;5;2;7;70000000;410004;4;3;1;0.42833333333333334;0.5816666666666667;0.6964814814814815;0.39296296296296296;1.0;0.33;0.33;0.5533333333333333;0.33;1.0;0.5;0.61;0.0;0.0;0.0;0.0;0.33;0.66;0.66;0.55;1.0;1.0;1.0;1.0;0.25;0.33;0.0;0.19333333333333336;0.4444444444444444;0.6666666666666666;0.6666666666666666;0.5925925925925926;1.0;1.0;1.0;1.0;1.0;1.0;1.0;1.0;1.0;1.0;1.0;1.0;1.0;1.0;1.0;1.0;1;1;1;0;1;8;7;8;8;8;7;8;7;7;7;8;8;7;7;7;8;3;3;3;300;80000;3000;8;5;1;8;8;9;8;7;2;1;2;2;3;8;2;2;2;2;2;2;1;2;2;3;8;2;4
"1-5-0 (2020-11-16)";"doi.org/10.14281/18241.1";2018;410;"KOR";732;"ROK";410070184;20180104;201712;201801;11.44;12.2;36;1;410011;410001;8;5;1;1;184;2390;"ko";2;2;1.0;0.8032128514056225;41453.815261044176;1;1;1;2;2;2;1;1;2;1;1;1;2;2;2;2;2;1;2;1;2;1;2;1;2;2;2;2;2;3;2;3;2;1;2;1;3;3;3;2;2;2;2;4;2;3;1;3;2;2;8;6;6;4;4;4;4;4;1;1;2;2;2;4;4;2;2;2;3;2;2;3;3;3;3;3;2;2;2;2;2;2;2;2;2;2;2;2;2;2;2;2;2;6;2;1;2;0;0;0;0;0;0;0;0;0;0;0;0;8;10;2;8;1;2;8;2;1;1;2;2;1;2;9;4;2;2;2;1;1;2;1;1;2;3;3;4;4;4;4;4;4;2;1;2;3;3;2;2;2;3;3;1;2;2;1;3;3;1;1;2;8;7;6;7;5;6;8;1;1;1;1;2;3;4;5;2;1;1;3;2;1;1;2;1;1;1;9;7;2;1;5;1;1;1;1;1;2;9;4;4;4;2;2;5;1;4;1;5;5;5;2;2;3;2;2;2;2;2;2;2;2;2;2;1;1;410002;410002;410002;1;2;2;3;2;2;3;3;2;1;2;2;1;3;3;3;8;7;3;7;9;3;6;8;8;7;9;8;7;2;1;2;2;2;2;3;2;1958;59;5;3;1;1;1;410;410;410;1;2;1;2390;1;2;3;2;3;2;0;1;0;1;1;1;5;5;9;2;1;2;3;3;1;7;70000000;410004;2;1;1;0.48416666666666663;0.5266666666666666;0.5454629629629629;0.4659259259259259;1.0;0.0;0.33;0.44333333333333336;0.33;1.0;0.5;0.61;0.0;1.0;0.0;0.3333333333333333;0.33;0.66;0.66;0.55;1.0;1.0;1.0;1.0;0.25;0.33;0.66;0.41333333333333333;0.0;0.8888888888888888;0.6666666666666666;0.5185185185185185;0.0;0.5;0.25;0.25;1.0;1.0;1.0;1.0;1.0;1.0;1.0;1.0;1.0;1.0;1.0;1.0;1;0;0;0;1;7;3;3;6;6;5;3;4;6;5;6;9;6;5;7;7;2;2;3;250;60000;0;7;5;1;8;7;8;8;7;1;1;4;5;8;1;2;5;5;3;1;3;2;1;3;8;2;3;4
"1-5-0 (2020-11-16)";"doi.org/10.14281/18241.1";2018;410;"KOR";732;"ROK";410070185;20180104;201712;201801;11.54;12.2;26;1;410011;410001;8;5;1;1;185;2390;"ko";2;1;1.0;0.8032128514056225;41453.815261044176;1;2;2;3;2;3;1;1;2;1;1;1;2;2;2;2;2;1;1;1;1;1;1;1;2;2;2;2;3;3;3;2;4;2;2;1;3;3;3;3;2;2;2;3;2;3;1;3;2;2;8;8;6;4;4;4;4;4;3;2;1;3;2;4;4;4;3;3;3;2;3;2;2;3;3;3;3;3;3;3;2;2;2;2;2;2;2;2;2;2;2;2;2;6;3;1;2;0;0;0;0;0;0;0;0;0;0;0;0;7;8;6;4;5;2;8;3;3;3;3;2;3;4;8;3;2;1;2;1;2;2;2;2;3;3;3;3;3;3;3;3;3;1;1;2;2;2;2;2;2;2;2;1;2;2;3;1;3;4;1;2;8;7;7;7;7;7;5;2;2;2;2;3;4;7;8;3;1;1;6;5;3;2;2;2;4;2;3;4;5;4;6;1;1;1;1;2;2;5;3;4;4;3;2;5;1;3;1;4;1;3;2;2;2;2;2;2;2;2;2;2;2;2;2;2;2;-2;-2;-2;1;4;3;3;3;3;2;4;1;3;1;1;2;3;2;4;4;7;3;9;7;3;8;9;2;9;9;6;6;3;2;2;2;2;3;3;2;1985;32;2;2;1;1;1;410;410;410;1;4;1;2390;1;2;3;2;3;2;3;2;3;2;5;1;-3;5;6;-3;2;2;3;5;2;0;100000020;410004;3;2;1;0.72;0.72;0.6628240740740741;0.49314814814814817;1.0;0.33;0.33;0.5533333333333333;0.66;1.0;1.0;0.8866666666666667;1.0;1.0;1.0;1.0;0.66;0.33;0.33;0.44;1.0;1.0;1.0;1.0;0.75;0.66;0.66;0.6900000000000001;0.3333333333333333;0.2222222222222222;0.3333333333333333;0.2962962962962963;0.33;1.0;0.665;0.665;1.0;1.0;1.0;1.0;1.0;1.0;1.0;1.0;1.0;1.0;1.0;1.0;1;0;1;0;1;7;7;5;6;5;4;4;5;5;6;6;7;4;4;7;6;-3;-3;3;280;15500;0;-3;4;2;-3;-3;-3;8;5;1;2;5;6;6;4;5;5;5;2;1;2;3;2;2;7;4;5;4
"1-5-0 (2020-11-16)";"doi.org/10.14281/18241.1";2018;410;"KOR";732;"ROK";410070186;20180104;201712;201801;11.56;12.25;29;1;410011;410001;8;5;1;1;186;2390;"ko";1;1;1.0;0.8032128514056225;41453.815261044176;1;2;2;1;1;3;1;1;1;1;2;1;2;2;2;2;2;1;2;1;2;1;2;1;2;2;2;2;3;3;3;2;3;3;3;3;3;3;4;3;2;1;2;3;2;2;2;3;2;2;8;7;7;4;4;4;4;4;1;1;1;2;2;2;3;2;2;2;2;2;3;2;2;2;3;3;2;2;2;3;2;2;2;2;2;2;2;2;2;2;2;2;2;6;3;1;2;1;0;0;0;0;0;0;0;0;0;0;0;7;7;7;4;5;1;6;2;3;3;3;3;2;2;7;4;2;2;1;1;1;1;0;0;1;3;4;3;4;4;4;3;3;1;1;2;2;2;2;2;2;2;2;1;2;2;2;3;2;1;2;3;7;7;8;7;4;9;3;2;2;2;2;3;3;7;8;3;2;2;8;3;3;1;3;1;3;1;5;6;3;1;5;1;1;1;4;3;2;5;4;4;4;2;1;5;1;5;1;5;5;5;5;2;3;2;3;2;2;2;2;2;3;2;2;1;1;410002;410002;410002;1;4;3;2;2;2;4;4;1;1;1;2;2;3;2;3;4;4;3;9;9;4;9;7;6;9;9;7;7;3;2;1;1;1;3;3;2;1953;64;5;3;1;1;1;410;410;410;1;3;1;2390;1;1;3;2;3;2;0;1;0;1;3;4;4;-5;9;2;1;2;2;6;2;0;100000020;410004;4;2;1;0.6091666666666666;0.72;0.5651851851851852;0.5070370370370372;1.0;0.33;0.33;0.5533333333333333;0.66;1.0;1.0;0.8866666666666667;1.0;1.0;0.0;0.6666666666666666;0.33;0.33;0.33;0.33;1.0;0.0;1.0;0.6666666666666666;0.5;0.66;0.66;0.6066666666666668;0.2222222222222222;0.4444444444444444;0.5555555555555556;0.40740740740740744;0.66;0.5;0.5800000000000001;0.5800000000000001;1.0;1.0;1.0;1.0;1.0;1.0;1.0;1.0;1.0;1.0;1.0;1.0;1;1;0;1;1;8;6;5;6;4;6;5;5;4;6;6;8;3;8;8;4;4;1;2;600;50000;0;8;6;1;9;8;8;8;8;1;1;2;2;6;2;2;2;2;3;1;2;4;1;2;6;1;3;4
"1-5-0 (2020-11-16)";"doi.org/10.14281/18241.1";2018;410;"KOR";732;"ROK";410070187;20180104;201712;201801;12.05;12.48;43;1;410011;410001;8;5;1;1;187;2390;"ko";3;1;1.0;0.8032128514056225;41453.815261044176;1;1;2;1;2;3;2;2;1;1;1;2;1;1;2;2;2;1;2;1;1;1;2;2;2;2;2;1;3;3;2;3;2;1;3;3;2;1;2;3;2;2;2;3;2;2;2;2;3;1;8;5;3;4;4;4;3;4;3;1;1;2;1;3;3;4;2;2;2;2;3;3;2;2;3;4;3;3;2;3;2;2;2;2;3;3;2;2;2;2;2;2;2;8;3;1;2;0;0;0;0;0;0;0;0;0;0;0;0;7;3;4;2;3;1;7;4;3;3;4;3;2;2;7;3;2;2;2;2;0;2;0;2;2;2;3;3;4;4;3;2;2;1;2;2;2;2;2;1;3;3;3;1;2;1;2;3;1;2;1;2;7;8;6;4;4;7;2;2;2;2;2;3;3;7;8;3;1;1;3;2;2;1;3;2;2;2;3;4;5;2;4;2;2;3;4;3;4;5;2;2;2;2;2;3;1;3;1;1;1;2;1;2;2;1;2;2;3;3;3;1;2;3;3;2;2;410002;410002;410002;2;2;3;2;3;2;3;2;2;2;2;2;2;3;2;4;2;6;2;7;8;2;7;3;2;5;8;6;7;2;1;1;1;1;2;3;1;1997;20;1;1;1;1;1;410;410;410;1;4;2;2390;6;0;3;2;-3;-3;3;2;5;3;6;-3;-3;-3;7;-3;2;1;3;5;2;0;100000020;410004;3;2;1;0.6508333333333333;0.5816666666666667;0.4568055555555556;0.37277777777777776;0.5;0.0;0.33;0.27666666666666667;0.66;1.0;1.0;0.8866666666666667;1.0;1.0;1.0;1.0;0.33;0.66;0.33;0.44;0.0;1.0;1.0;0.6666666666666666;0.25;0.66;0.66;0.5233333333333333;0.1111111111111111;0.2222222222222222;0.3333333333333333;0.22222222222222224;0.33;0.5;0.41500000000000004;0.41500000000000004;1.0;1.0;1.0;1.0;1.0;1.0;1.0;1.0;1.0;1.0;1.0;1.0;1;0;1;0;1;5;5;4;6;3;2;5;3;4;3;5;6;3;5;5;7;-3;-3;2;450;58000;0;-3;4;1;-3;-3;-3;6;2;2;3;5;3;6;5;6;5;4;2;1;3;3;3;3;6;5;5;-3
"1-5-0 (2020-11-16)";"doi.org/10.14281/18241.1";2018;410;"KOR";732;"ROK";410070188;20180104;201712;201801;12.27;12.59;32;1;410048;410014;7;4;3;1;188;2390;"ko";3;1;1.0;0.8032128514056225;41453.815261044176;1;1;2;2;1;2;1;1;1;1;2;2;2;1;2;2;2;1;2;1;2;1;2;1;2;2;3;2;2;3;2;3;2;1;1;1;2;1;2;1;2;1;1;2;2;2;1;3;3;2;7;6;5;4;3;4;3;4;3;1;1;2;2;3;2;2;2;3;2;2;2;2;2;2;2;2;2;2;1;2;1;2;2;2;2;2;2;2;2;2;2;2;2;8;3;1;2;0;0;0;0;0;0;0;0;0;2;0;0;8;6;7;4;7;2;6;2;2;2;2;2;1;4;6;4;2;1;2;1;2;2;1;2;3;2;3;3;4;3;4;3;3;1;2;2;2;2;2;2;3;3;3;1;1;1;1;2;1;2;1;2;7;8;7;7;7;8;5;2;2;2;2;3;3;5;7;2;2;2;7;1;1;2;3;3;3;3;8;9;8;3;6;1;1;2;3;2;2;3;3;4;4;3;2;5;1;2;2;5;5;5;2;2;2;2;2;2;2;2;2;2;2;2;2;1;1;-2;-2;-2;1;3;2;3;2;2;2;4;1;3;1;2;2;4;1;4;8;8;3;10;6;1;10;5;6;9;10;7;7;2;2;1;1;2;4;4;1;1958;59;5;3;1;1;1;410;410;410;1;4;1;2390;1;2;2;1;2;1;0;1;0;1;1;1;7;8;9;2;1;2;4;5;2;7;70000000;410004;2;2;2;0.6088888888888889;0.6644444444444445;0.46865740740740736;0.5214814814814814;1.0;0.33;0.66;0.6633333333333334;0.33;1.0;0.6666666666666666;0.6655555555555556;0.0;1.0;1.0;0.6666666666666666;0.66;0.33;0.33;0.44;1.0;0.0;1.0;0.6666666666666666;0.25;0.33;0.66;0.41333333333333333;0.2222222222222222;0.7777777777777778;0.8888888888888888;0.6296296296296297;0.33;0.0;0.165;0.165;1.0;1.0;1.0;1.0;1.0;1.0;1.0;1.0;1.0;1.0;1.0;1.0;0;0;1;0;1;5;6;7;7;4;6;4;8;8;5;6;6;3;8;4;7;2;2;3;180;10000;0;7;2;1;7;7;7;6;4;1;2;5;6;5;6;5;5;5;2;3;2;3;1;3;6;6;6;4
"1-5-0 (2020-11-16)";"doi.org/10.14281/18241.1";2018;410;"KOR";732;"ROK";410070189;20180104;201712;201801;12.34;13.56;82;1;410011;410001;8;5;1;1;189;2390;"ko";2;1;1.0;0.8032128514056225;41453.815261044176;1;2;2;2;1;1;1;1;2;1;1;2;2;1;2;2;2;1;2;1;2;1;2;1;2;2;3;2;3;3;3;2;4;2;2;1;4;2;5;2;2;1;2;2;2;3;1;3;1;2;7;8;8;4;4;4;4;4;1;1;1;2;2;3;3;2;2;2;2;2;2;3;2;2;3;4;3;2;2;4;2;2;2;1;2;2;2;2;2;2;3;2;2;8;3;2;2;2;2;0;0;0;0;0;0;0;0;0;0;7;8;7;4;4;2;6;2;4;2;2;2;2;4;7;4;2;2;2;0;2;1;1;2;3;3;3;2;3;4;4;3;3;1;1;2;1;4;2;2;2;3;4;2;2;1;1;2;3;1;1;2;8;8;8;7;4;8;9;1;1;1;1;2;3;2;1;1;1;1;4;3;2;1;3;3;1;1;3;4;7;3;6;9;1;2;3;2;3;4;3;3;3;3;2;4;1;1;5;5;2;5;1;2;2;1;2;1;2;2;2;2;2;2;2;1;1;-2;-2;-2;2;2;2;3;3;3;3;4;2;2;1;2;3;4;2;3;6;6;7;6;7;6;7;6;7;6;6;7;7;2;3;1;1;2;3;3;2;1957;60;5;3;1;1;1;410;410;410;1;2;1;2390;1;2;2;1;3;2;0;1;0;1;1;1;6;4;9;2;2;1;3;6;2;2;20000000;410004;1;1;2;0.5672222222222223;0.4144444444444445;0.4687962962962963;0.43759259259259264;1.0;0.66;0.66;0.7733333333333334;0.0;0.0;0.16666666666666666;0.05555555555555555;1.0;1.0;1.0;1.0;0.33;0.66;0.33;0.44;1.0;1.0;1.0;1.0;0.75;0.66;0.66;0.6900000000000001;0.0;0.2222222222222222;0.3333333333333333;0.1851851851851852;0.0;0.0;0.0;0.0;1.0;1.0;1.0;1.0;1.0;1.0;1.0;1.0;1.0;1.0;1.0;1.0;0;0;0;0;1;8;6;7;7;7;7;5;5;7;7;6;7;6;7;8;5;4;1;3;450;120000;0;9;5;1;9;8;9;9;7;1;2;5;6;7;2;6;4;5;2;1;2;1;1;3;8;1;7;4
"1-5-0 (2020-11-16)";"doi.org/10.14281/18241.1";2018;410;"KOR";732;"ROK";410070190;20180104;201712;201801;12.48;13.16;28;1;410041;410007;8;5;2;1;190;2390;"ko";3;2;1.0;0.8032128514056225;41453.815261044176;1;2;2;2;1;3;2;2;1;1;1;1;2;1;2;2;2;1;2;1;2;1;2;2;2;2;2;2;2;2;2;2;2;1;2;1;2;1;2;2;3;2;2;3;2;3;2;3;2;2;7;6;6;4;4;4;4;4;1;2;2;3;3;4;3;3;3;3;3;3;3;3;4;3;3;4;3;3;2;3;2;3;3;3;2;2;2;3;2;3;3;2;2;7;1;1;1;0;0;0;0;0;0;0;0;0;0;0;0;7;7;6;7;7;1;7;3;3;2;3;3;2;2;6;3;1;0;1;1;1;0;1;1;2;2;4;3;4;4;4;4;4;1;1;2;2;3;2;2;4;4;4;1;1;2;1;3;2;3;2;1;7;8;7;7;6;7;3;2;2;2;2;3;3;7;8;3;2;2;7;3;3;3;4;3;3;4;2;3;3;3;3;3;3;3;4;3;3;3;2;2;2;2;2;5;1;2;1;5;2;3;2;2;2;2;3;2;2;3;2;2;3;2;2;1;1;410002;410002;410002;2;3;3;2;3;3;2;3;2;3;2;2;2;3;2;4;7;6;7;6;6;7;6;6;6;7;6;7;6;2;2;1;1;1;2;3;1;1962;55;5;3;1;1;1;410;410;410;1;3;2;2390;1;3;3;2;3;2;1;1;0;1;3;3;5;6;6;2;1;1;3;5;2;0;100000020;410004;3;2;1;0.8033333333333333;0.72;0.43379629629629635;0.2442592592592593;1.0;0.33;0.33;0.5533333333333333;0.66;1.0;1.0;0.8866666666666667;1.0;1.0;1.0;1.0;0.66;0.66;1.0;0.7733333333333334;0.0;1.0;1.0;0.6666666666666666;0.25;0.33;0.33;0.3033333333333334;0.2222222222222222;0.1111111111111111;0.2222222222222222;0.1851851851851852;0.66;0.5;0.5800000000000001;0.5800000000000001;1.0;1.0;1.0;1.0;1.0;1.0;1.0;1.0;1.0;1.0;1.0;1.0;1;1;0;1;0;6;6;6;7;6;7;6;6;7;7;6;7;7;7;5;6;4;1;3;400;10000;3000;7;5;1;7;7;8;6;6;1;2;5;5;6;5;4;3;5;2;1;2;3;2;2;8;5;4;4
"1-5-0 (2020-11-16)";"doi.org/10.14281/18241.1";2018;410;"KOR";732;"ROK";410070191;20180104;201712;201801;12.49;13.3;41;1;410011;410001;8;5;1;1;191;2390;"ko";2;1;1.0;0.8032128514056225;41453.815261044176;1;2;2;2;2;3;1;1;2;1;1;1;2;2;2;2;2;1;2;1;2;1;2;1;2;2;2;2;3;3;3;2;2;1;2;1;2;1;3;3;2;1;2;2;2;3;2;3;2;2;7;8;7;4;4;4;4;4;1;2;1;2;2;3;3;3;3;2;2;2;3;2;2;2;3;4;3;3;3;3;3;3;3;3;2;2;2;2;2;2;2;2;2;8;3;1;2;0;0;0;0;0;0;0;0;0;0;0;0;9;4;8;2;8;1;5;2;3;2;2;2;2;2;5;3;2;1;2;1;2;2;2;2;3;2;3;1;4;3;3;2;2;2;2;2;2;3;2;2;3;2;3;2;2;1;1;2;2;4;2;3;8;8;3;7;6;6;5;1;1;1;1;4;4;7;7;2;1;1;7;5;1;1;1;1;7;4;8;7;6;8;9;1;8;2;3;6;2;9;2;2;2;3;2;4;1;1;1;5;1;5;1;2;2;2;2;2;1;2;2;2;2;2;2;2;2;410001;410001;410001;2;2;3;2;2;1;2;3;2;3;2;2;3;4;2;4;8;7;1;8;7;1;6;8;7;8;8;8;7;2;2;2;2;2;3;3;2;1966;51;4;3;1;1;1;410;410;410;1;4;1;2390;1;2;3;2;3;2;1;1;1;1;1;1;5;3;9;2;2;1;3;6;2;7;70000000;410004;4;3;1;0.4425;0.72;0.6817592592592593;0.6135185185185186;1.0;0.33;0.33;0.5533333333333333;0.66;1.0;1.0;0.8866666666666667;0.0;0.0;0.0;0.0;0.33;0.33;0.33;0.33;1.0;1.0;1.0;1.0;0.25;0.66;0.66;0.5233333333333333;0.6666666666666666;0.7777777777777778;0.6666666666666666;0.7037037037037037;1.0;0.0;0.5;0.5;1.0;1.0;1.0;1.0;1.0;1.0;1.0;1.0;1.0;1.0;1.0;1.0;0;1;1;1;1;8;8;8;9;7;6;6;7;6;7;6;7;7;7;7;8;1;2;2;600;80000;8000;8;6;1;7;8;8;9;7;2;2;6;5;5;8;3;6;3;2;2;2;2;1;2;5;8;4;4
"1-5-0 (2020-11-16)";"doi.org/10.14281/18241.1";2018;410;"KOR";732;"ROK";410070192;20180104;201712;201801;12.56;13.4;44;1;410011;410001;8;5;1;1;192;2390;"ko";1;1;1.0;0.8032128514056225;41453.815261044176;1;1;2;1;1;2;1;2;1;1;2;1;2;2;2;2;1;1;2;1;2;1;2;1;2;2;2;2;2;2;3;2;3;3;3;3;3;3;5;2;2;2;2;3;1;3;2;3;2;2;7;7;6;4;4;4;4;4;1;1;2;2;2;3;3;3;2;2;2;2;3;2;2;2;3;4;3;2;1;3;2;2;2;2;2;2;2;2;2;2;2;1;1;6;3;3;2;2;0;0;0;0;0;0;0;0;0;0;1;7;6;4;3;5;1;4;2;2;2;2;2;2;3;6;4;2;2;1;0;0;1;1;1;2;2;4;4;4;4;4;4;3;1;1;2;2;2;2;2;2;3;3;2;2;2;2;1;1;2;1;2;7;8;9;6;2;9;7;1;1;1;1;2;2;2;1;2;1;1;3;2;3;1;2;1;1;1;5;6;5;1;6;1;1;1;3;1;3;6;4;4;4;2;2;1;1;5;1;5;5;5;5;3;3;2;3;2;2;2;2;2;3;3;3;1;1;410002;410002;410002;1;4;2;4;2;2;4;4;1;1;1;2;2;3;2;3;5;7;3;9;8;6;8;8;8;8;7;7;7;2;2;1;1;1;2;2;1;1942;75;6;3;1;1;1;410;410;410;1;4;1;2390;1;2;1;1;1;1;0;1;0;1;1;5;8;-5;0;2;1;2;3;4;2;2;20000000;410004;2;2;-1;0.5122222222222222;0.5261111111111112;0.22125;0.36;1.0;0.33;0.33;0.5533333333333333;0.33;1.0;0.16666666666666666;0.49888888888888894;1.0;1.0;0.0;0.6666666666666666;0.33;0.33;0.33;0.33;0.0;0.0;0.0;0.0;0.5;0.33;0.33;0.3866666666666667;0.0;0.4444444444444444;0.5555555555555556;0.3333333333333333;0.33;0.0;0.165;0.165;1.0;1.0;1.0;1.0;1.0;1.0;1.0;1.0;1.0;1.0;1.0;1.0;0;0;1;0;1;6;5;5;6;4;6;6;6;5;4;3;7;2;6;7;6;2;2;3;200;30000;0;8;4;1;8;8;7;7;5;1;1;4;4;6;4;5;4;4;3;3;1;4;1;3;6;4;5;4
"1-5-0 (2020-11-16)";"doi.org/10.14281/18241.1";2018;410;"KOR";732;"ROK";410070193;20180104;201712;201801;13.09;14.02;53;1;410011;410001;8;5;1;1;193;2390;"ko";2;1;1.0;0.8032128514056225;41453.815261044176;1;2;3;3;2;2;1;2;1;1;2;2;1;1;2;2;2;1;1;1;1;1;2;1;1;2;2;2;3;3;3;2;3;3;1;1;3;3;5;3;2;2;3;2;2;3;1;3;2;2;9;6;6;4;4;4;4;4;3;2;1;2;2;3;3;4;3;3;3;2;3;2;2;3;3;3;3;3;3;3;2;2;2;2;2;2;2;3;2;2;2;2;2;6;3;1;2;1;0;1;0;0;0;0;0;0;1;0;0;8;8;7;4;4;1;8;4;3;3;3;2;3;4;5;3;2;2;2;1;2;2;2;2;3;2;3;3;3;4;4;3;3;1;1;2;2;3;2;2;2;2;3;1;1;2;2;3;3;1;1;2;7;5;6;6;4;6;6;1;1;1;1;3;3;2;3;2;1;1;6;1;1;1;1;1;1;2;3;5;4;2;7;1;3;1;1;2;2;6;4;4;4;3;2;5;1;5;2;5;2;5;2;1;2;2;2;1;1;2;1;2;2;2;2;1;1;-2;-2;-2;2;4;3;3;3;3;3;4;1;2;1;1;2;4;2;4;3;8;4;9;7;2;9;6;2;9;9;7;6;2;3;2;2;2;2;2;2;1961;56;5;3;1;1;1;410;410;410;1;4;1;2390;1;2;3;2;3;2;2;1;3;2;1;1;4;7;10;2;2;1;3;5;2;2;20000000;410004;2;1;1;0.40055555555555555;0.5811111111111111;0.35305555555555557;0.4144444444444445;1.0;0.66;0.33;0.6633333333333334;0.33;1.0;0.16666666666666666;0.49888888888888894;0.0;0.0;0.0;0.0;0.66;0.33;0.33;0.44;0.0;0.0;1.0;0.3333333333333333;0.5;0.66;0.66;0.6066666666666668;0.0;0.2222222222222222;0.4444444444444444;0.2222222222222222;0.0;0.5;0.25;0.25;1.0;1.0;1.0;1.0;1.0;1.0;1.0;1.0;1.0;1.0;1.0;1.0;1;0;0;0;1;7;5;5;6;5;5;4;4;4;6;5;7;5;6;7;5;4;5;3;800;60000;800;6;5;1;6;6;7;7;6;1;2;5;5;6;3;4;4;4;2;1;2;2;1;3;6;2;4;4
"1-5-0 (2020-11-16)";"doi.org/10.14281/18241.1";2018;410;"KOR";732;"ROK";410070194;20180104;201712;201801;13.13;13.33;20;1;410027;410003;8;5;2;1;194;2390;"ko";2;1;1.0;0.8032128514056225;41453.815261044176;1;1;2;2;2;3;1;2;2;2;2;1;1;1;2;1;2;1;1;1;1;1;2;2;2;1;1;2;2;3;2;2;2;1;1;1;4;2;3;2;1;2;2;3;3;1;3;3;2;2;6;7;7;4;4;4;4;4;3;1;1;3;2;3;3;3;4;4;3;3;2;3;3;3;4;4;3;3;3;4;3;2;3;2;3;3;1;2;2;3;2;3;3;5;2;2;2;0;2;0;0;0;0;0;0;0;2;0;0;7;7;3;5;7;1;7;3;3;3;3;3;1;3;6;3;1;2;2;0;2;1;1;0;3;2;4;4;4;4;4;4;4;2;2;2;2;2;2;2;2;2;2;2;1;1;2;1;3;1;1;3;4;5;6;5;6;6;3;2;2;2;2;3;3;7;8;3;1;1;5;3;4;4;3;3;4;3;3;5;5;3;3;3;3;3;3;3;3;3;4;4;4;2;2;5;1;1;1;5;1;5;3;2;3;2;3;2;3;3;3;1;3;3;3;1;1;410002;410002;410002;3;3;3;2;2;2;3;3;3;3;1;1;2;4;4;4;5;9;4;7;9;6;6;5;5;5;6;6;5;2;2;1;1;1;2;3;1;1968;49;4;2;1;1;1;410;410;410;1;4;1;2390;1;2;3;2;3;2;1;1;1;1;1;1;6;3;6;2;1;1;3;5;2;0;100000020;410004;1;1;1;0.7758333333333334;0.665;0.26999999999999996;0.3733333333333333;1.0;0.33;0.0;0.44333333333333336;0.66;1.0;1.0;0.8866666666666667;1.0;1.0;1.0;1.0;1.0;0.66;0.66;0.7733333333333334;0.0;0.0;1.0;0.3333333333333333;0.25;0.33;0.66;0.41333333333333333;0.3333333333333333;0.2222222222222222;0.4444444444444444;0.3333333333333333;0.0;0.0;0.0;0.0;1.0;1.0;1.0;1.0;1.0;1.0;1.0;1.0;1.0;1.0;1.0;1.0;0;0;0;0;1;8;6;4;7;5;5;3;3;4;3;3;7;5;4;6;6;1;7;3;600;14000;8500;7;5;1;8;8;8;8;7;1;1;3;3;7;1;1;1;1;2;1;2;2;1;3;8;1;1;4
"1-5-0 (2020-11-16)";"doi.org/10.14281/18241.1";2018;410;"KOR";732;"ROK";410070195;20180104;201712;201801;13.24;13.48;24;1;410026;410002;8;5;2;1;195;2390;"ko";3;1;1.0;0.8032128514056225;41453.815261044176;1;1;2;2;1;3;1;2;2;1;1;2;1;1;2;2;2;1;2;1;2;1;2;1;2;2;1;2;3;3;3;2;3;3;1;1;4;2;3;3;2;2;2;2;2;3;1;3;2;1;8;8;8;4;4;4;4;4;1;2;1;2;2;3;2;2;2;2;2;2;3;2;2;2;3;3;2;2;2;2;2;2;2;2;2;2;2;2;2;2;2;2;2;5;2;1;2;0;0;0;0;0;0;0;0;0;0;0;0;7;7;7;4;5;1;7;2;2;2;2;2;2;2;7;3;0;2;2;0;0;2;2;0;2;2;4;4;4;4;4;4;4;2;2;2;2;2;2;2;2;2;3;2;2;1;2;1;3;2;1;2;7;7;7;7;7;7;3;2;2;2;2;4;4;7;8;2;1;2;4;3;3;3;8;8;6;3;3;6;4;1;3;1;1;1;1;1;1;5;4;2;4;4;3;5;2;5;2;5;2;3;4;2;2;2;2;2;2;2;2;2;2;2;2;1;1;-2;-2;-2;2;2;2;3;2;2;4;4;2;2;2;2;2;2;2;2;5;5;3;9;6;3;8;9;8;8;8;8;8;3;2;2;2;2;3;3;2;1997;20;1;1;1;1;1;410;410;410;1;4;2;2390;6;0;3;2;-3;-3;3;2;3;2;6;-3;-3;-3;6;-3;2;2;3;4;2;7;70000000;410004;2;2;1;0.665;0.665;0.4706944444444444;0.5255555555555557;1.0;0.33;0.0;0.44333333333333336;0.66;1.0;1.0;0.8866666666666667;1.0;1.0;1.0;1.0;0.33;0.33;0.33;0.33;0.0;1.0;1.0;0.6666666666666666;0.5;0.66;0.66;0.6066666666666668;0.5555555555555556;0.2222222222222222;0.5555555555555556;0.4444444444444445;0.33;0.0;0.165;0.165;1.0;1.0;1.0;1.0;1.0;1.0;1.0;1.0;1.0;1.0;1.0;1.0;0;0;1;0;1;8;6;6;7;7;6;6;6;6;7;7;8;7;7;7;4;-3;-3;3;700;30000;0;-3;4;1;-3;-3;-3;8;1;1;1;9;7;5;5;5;5;5;3;4;2;2;2;3;8;6;5;-3
"1-5-0 (2020-11-16)";"doi.org/10.14281/18241.1";2018;410;"KOR";732;"ROK";410070196;20180104;201712;201801;13.31;13.54;23;1;410029;410005;8;5;2;1;196;2390;"ko";3;2;1.0;0.8032128514056225;41453.815261044176;2;2;3;3;1;3;2;1;2;1;1;2;1;1;2;2;2;1;2;1;2;1;2;1;2;2;1;3;2;2;2;2;2;1;1;1;2;1;3;2;3;2;3;2;3;2;2;2;2;1;9;9;8;4;4;4;4;4;1;2;1;3;2;3;3;3;4;2;2;2;2;2;2;3;3;3;2;2;2;2;2;2;2;2;2;2;2;2;2;2;2;2;2;2;3;1;2;0;0;1;0;0;0;0;0;0;0;0;0;8;10;3;3;9;1;3;3;3;3;3;3;2;3;8;2;2;0;2;2;2;2;2;2;2;2;4;2;3;4;4;2;2;1;2;2;1;2;2;2;3;3;3;2;1;2;2;1;2;3;1;4;9;10;8;5;5;8;3;2;1;2;2;3;2;6;7;3;1;1;5;2;2;1;1;1;1;2;1;6;8;2;2;1;4;3;2;3;3;2;4;4;4;3;3;5;2;5;1;3;1;3;1;2;2;2;2;2;2;2;2;3;3;3;3;4;4;-2;-2;-2;2;3;2;2;2;2;2;3;3;3;3;1;3;3;1;4;2;10;3;9;10;2;9;9;3;7;9;6;6;3;3;2;2;2;3;3;1;1999;18;1;1;1;1;1;410;410;410;1;3;2;2390;6;0;2;1;-3;-3;6;3;6;3;6;-3;-3;-3;3;-3;2;1;2;5;2;0;100000020;410004;1;2;2;0.47027777777777785;0.608888888888889;0.45462962962962966;0.2442592592592593;0.5;0.66;0.0;0.3866666666666667;0.66;1.0;0.8333333333333334;0.8311111111111112;1.0;0.0;0.0;0.3333333333333333;0.33;0.33;0.33;0.33;1.0;1.0;1.0;1.0;0.25;0.33;0.33;0.3033333333333334;0.0;0.0;0.5555555555555556;0.1851851851851852;0.66;0.0;0.33;0.33;1.0;1.0;1.0;1.0;1.0;1.0;1.0;1.0;1.0;1.0;1.0;1.0;0;1;0;0;0;9;8;6;9;5;7;4;4;6;4;4;9;5;4;7;6;-3;-3;2;750;40000;9500;6;6;1;6;6;7;10;4;1;1;7;7;9;7;6;6;5;3;8;3;3;2;3;9;7;8;-3
"1-5-0 (2020-11-16)";"doi.org/10.14281/18241.1";2018;410;"KOR";732;"ROK";410070197;20180104;201712;201801;13.56;14.24;28;1;410026;410002;8;5;2;1;197;2390;"ko";2;1;1.0;0.8032128514056225;41453.815261044176;1;2;2;2;2;3;1;1;1;1;2;2;1;2;2;2;2;1;2;1;2;2;2;2;2;2;2;2;4;1;1;2;2;1;1;1;4;2;3;2;4;2;2;1;2;3;1;2;2;2;8;8;8;4;4;4;4;4;1;2;1;2;2;3;2;2;2;2;2;2;2;2;2;2;3;3;2;2;2;2;2;2;2;2;2;2;2;2;2;2;2;2;2;7;3;1;3;0;0;0;0;0;0;0;0;0;0;0;0;8;8;8;4;4;1;5;2;2;2;2;2;2;2;6;3;2;2;0;0;0;0;2;2;1;2;4;4;4;4;4;4;4;2;2;2;2;2;2;2;2;3;3;2;2;1;1;2;3;1;1;4;8;8;3;3;4;8;8;2;2;2;2;3;4;5;7;2;1;2;5;3;2;2;2;1;3;2;2;4;3;3;3;1;1;1;1;1;1;1;4;4;4;2;2;3;2;5;1;3;2;3;3;2;2;2;2;2;2;2;2;2;2;2;2;1;1;-2;-2;-2;2;4;4;3;2;2;3;4;2;2;2;2;2;3;2;4;6;6;3;9;4;2;6;7;8;8;8;7;7;2;2;2;2;2;2;3;1;1967;50;4;3;1;1;1;410;410;410;1;4;2;2390;6;0;6;3;-3;-3;2;1;2;1;1;-3;3;-3;7;2;2;2;3;5;2;7;70000000;410004;0;1;1;0.5397222222222222;0.5811111111111111;0.32638888888888884;0.3194444444444444;0.5;0.33;0.33;0.3866666666666667;0.66;1.0;0.6666666666666666;0.7755555555555556;1.0;1.0;0.0;0.6666666666666666;0.33;0.33;0.33;0.33;1.0;0.0;1.0;0.6666666666666666;0.25;1.0;0.0;0.4166666666666667;0.2222222222222222;0.1111111111111111;0.3333333333333333;0.2222222222222222;0.0;0.0;0.0;0.0;1.0;1.0;1.0;1.0;1.0;1.0;1.0;1.0;1.0;1.0;1.0;1.0;0;0;0;0;0;8;7;7;5;6;7;4;5;6;7;7;8;7;8;7;3;1;4;3;600;30000;0;9;5;1;9;9;9;8;5;1;1;8;7;6;8;4;6;5;2;2;2;3;2;2;6;9;4;-3
"1-5-0 (2020-11-16)";"doi.org/10.14281/18241.1";2018;410;"KOR";732;"ROK";410070198;20180104;201712;201801;14.07;14.41;34;1;410029;410005;8;5;2;1;198;2390;"ko";2;1;1.0;0.8032128514056225;41453.815261044176;1;2;2;2;2;3;1;2;1;1;2;2;1;1;2;2;2;1;2;1;2;1;2;2;2;2;2;2;3;2;2;2;1;1;1;1;3;3;4;2;3;2;2;2;2;1;1;2;2;3;9;8;6;4;4;4;2;4;1;2;2;3;2;4;3;3;3;2;2;2;2;2;2;3;3;3;2;2;2;3;2;2;2;2;2;2;2;2;2;2;2;2;2;9;3;1;2;1;1;0;0;0;0;0;0;0;1;0;0;3;8;2;5;10;1;8;3;3;3;3;3;3;3;7;2;1;0;2;2;2;2;2;2;3;3;3;2;3;4;4;2;3;2;2;2;2;3;2;2;2;2;3;2;2;2;1;2;2;3;1;2;9;9;9;8;6;8;2;2;2;2;2;3;3;6;7;3;1;2;3;2;2;1;1;1;1;3;1;7;6;3;3;2;3;4;3;2;1;1;4;4;4;3;2;2;1;2;1;4;1;5;1;2;2;2;2;2;2;2;2;2;1;2;3;1;1;410002;410002;410002;2;3;2;2;2;2;2;3;2;2;2;1;3;3;1;3;2;9;5;10;10;6;9;9;5;8;9;7;7;2;3;2;2;2;2;3;1;1954;63;5;3;1;1;1;410;410;410;1;2;1;2390;1;3;3;2;3;2;1;1;1;1;2;2;8;8;10;2;1;2;3;2;1;0;100000020;410004;2;2;1;0.4977777777777778;0.663888888888889;0.3038888888888889;0.2761111111111111;0.5;0.66;0.33;0.49666666666666676;0.66;1.0;0.8333333333333334;0.8311111111111112;1.0;0.0;0.0;0.3333333333333333;0.33;0.33;0.33;0.33;0.0;0.0;1.0;0.3333333333333333;0.0;0.66;0.33;0.33;0.0;0.0;0.6666666666666666;0.2222222222222222;0.66;0.0;0.33;0.33;1.0;1.0;1.0;1.0;1.0;1.0;1.0;1.0;1.0;1.0;1.0;1.0;0;1;0;0;1;8;6;5;7;4;6;4;4;3;3;4;7;3;5;5;7;2;3;3;180;32000;5000;7;2;1;6;6;8;8;7;1;1;8;7;9;6;8;7;7;2;1;3;2;2;2;9;5;8;4
"1-5-0 (2020-11-16)";"doi.org/10.14281/18241.1";2018;410;"KOR";732;"ROK";410070199;20180104;201712;201801;14.36;15.08;32;1;410027;410003;8;5;2;1;199;2390;"ko";2;1;1.0;0.8032128514056225;41453.815261044176;1;1;1;2;2;3;1;2;1;1;2;1;1;2;2;2;2;1;1;1;1;1;2;1;1;1;1;2;2;2;2;2;2;1;1;1;2;1;4;1;2;1;2;3;2;1;1;3;1;2;8;8;7;4;4;4;4;4;1;1;1;2;1;4;3;3;2;4;2;2;4;4;2;4;4;4;4;4;4;4;4;2;2;2;4;4;2;2;2;4;4;2;4;5;3;1;2;0;2;1;0;0;0;0;0;0;2;0;0;8;8;2;6;8;2;6;3;3;3;4;3;1;2;5;3;2;2;2;0;0;0;0;0;2;2;4;4;4;4;4;4;4;2;2;2;2;4;2;2;1;2;1;1;1;1;3;2;2;3;1;2;5;6;5;4;5;6;3;2;2;2;2;3;3;6;8;2;1;1;5;3;2;2;2;2;2;2;2;2;2;2;2;2;2;2;2;2;2;2;4;4;4;2;2;5;1;1;1;5;1;5;2;3;3;3;3;3;3;3;3;3;3;3;3;2;2;8;8;8;2;3;4;3;4;3;3;4;3;3;2;1;2;3;2;3;5;8;4;6;8;7;7;7;5;5;5;6;5;2;2;1;1;1;1;1;1;1984;33;2;2;1;1;1;410;410;410;1;4;2;2390;6;0;6;3;-3;-3;3;2;3;2;1;-3;3;-3;6;2;2;1;2;6;2;7;70000000;410004;3;2;0;0.7627777777777779;0.6372222222222224;0.3944444444444445;0.20722222222222225;1.0;0.33;0.0;0.44333333333333336;0.66;1.0;0.8333333333333334;0.8311111111111112;1.0;1.0;1.0;1.0;1.0;1.0;0.33;0.7766666666666667;0.0;0.0;1.0;0.3333333333333333;0.25;0.33;0.33;0.3033333333333334;0.1111111111111111;0.1111111111111111;0.1111111111111111;0.1111111111111111;0.66;1.0;0.8300000000000001;0.8300000000000001;1.0;1.0;1.0;1.0;1.0;1.0;1.0;1.0;1.0;1.0;1.0;1.0;1;1;0;0;1;8;6;3;7;6;5;4;5;5;3;4;8;5;7;5;5;1;5;2;800;27600;12000;8;6;2;7;8;7;7;7;1;1;3;4;7;1;3;3;4;2;1;2;1;2;2;8;1;2;-3
"1-5-0 (2020-11-16)";"doi.org/10.14281/18241.1";2018;410;"KOR";732;"ROK";410070200;20180104;201712;201801;14.44;15.16;32;1;410011;410001;8;5;1;1;200;2390;"ko";2;1;1.0;0.8032128514056225;41453.815261044176;1;2;2;3;2;2;1;1;1;1;1;2;2;2;2;2;2;1;1;1;1;1;2;1;2;2;2;2;4;4;4;4;3;3;2;1;4;2;5;3;2;2;3;2;2;3;1;2;2;3;9;6;6;4;4;4;4;4;1;2;1;2;2;4;3;4;2;3;2;2;2;2;2;2;3;3;2;2;2;3;2;2;2;2;2;2;2;2;2;2;2;2;2;5;3;2;2;1;0;0;0;0;0;0;0;0;0;0;0;7;8;8;4;4;2;8;3;3;3;3;2;2;4;4;3;2;2;2;1;2;2;2;1;3;2;3;3;3;4;4;3;3;1;1;2;1;2;2;2;1;2;2;1;1;1;2;3;3;1;2;1;7;7;7;7;6;7;6;1;1;1;1;3;3;2;3;2;1;1;4;1;2;1;1;2;2;2;4;5;5;4;6;1;1;1;3;2;1;7;4;4;4;3;1;3;1;3;1;5;2;5;2;1;2;2;2;1;1;2;1;1;2;2;2;1;1;410002;410002;410002;2;4;3;3;2;3;3;4;1;2;1;1;2;4;2;4;3;6;4;10;6;3;10;7;2;9;9;6;6;2;2;2;2;2;2;3;2;1958;59;5;3;1;1;1;410;410;410;1;2;1;2390;5;1;2;1;-3;-3;1;1;1;1;7;-3;-3;-5;9;-3;1;2;3;5;2;1;10100000;410004;2;1;1;0.4980555555555556;0.4427777777777778;0.5949074074074074;0.5648148148148149;0.5;0.33;0.33;0.3866666666666667;0.33;1.0;0.16666666666666666;0.49888888888888894;1.0;0.0;1.0;0.6666666666666666;0.66;0.33;0.33;0.44;1.0;1.0;1.0;1.0;0.5;1.0;1.0;0.8333333333333334;0.1111111111111111;0.3333333333333333;0.4444444444444444;0.2962962962962963;0.0;0.5;0.25;0.25;1.0;1.0;1.0;1.0;1.0;1.0;1.0;1.0;1.0;1.0;1.0;1.0;1;0;0;1;0;6;7;5;6;6;6;4;3;5;5;6;7;6;6;6;4;-3;-3;3;250;48000;0;-3;4;2;-3;-3;-3;7;6;1;2;5;6;6;3;5;4;5;2;1;2;2;2;2;7;3;5;-5
"1-5-0 (2020-11-16)";"doi.org/10.14281/18241.1";2018;410;"KOR";732;"ROK";410070201;20180104;201712;201801;14.46;15.11;25;1;410029;410005;8;5;2;1;201;2390;"ko";3;2;1.0;0.8032128514056225;41453.815261044176;1;2;3;3;2;2;1;1;2;1;2;2;1;2;1;2;2;1;2;1;2;1;2;1;1;2;2;3;2;2;3;3;2;1;1;1;3;3;5;2;3;2;2;2;3;1;1;2;2;2;7;9;8;4;4;4;4;4;1;2;1;3;2;3;3;3;2;2;3;2;2;2;2;3;2;3;2;2;2;3;2;2;2;2;2;2;2;2;2;2;2;2;2;2;3;1;2;1;0;0;1;0;0;0;0;0;0;0;0;8;9;2;5;8;2;8;2;3;2;3;2;3;3;8;3;0;2;2;2;2;2;2;2;4;2;3;2;3;3;4;2;3;2;2;2;3;3;2;2;2;2;2;2;2;2;2;1;3;2;1;4;8;9;8;8;3;8;8;1;1;1;1;2;2;2;3;1;1;2;8;2;2;1;1;1;1;1;1;5;5;2;3;1;2;2;1;1;1;3;4;4;4;3;3;5;2;5;1;5;1;3;1;1;2;2;2;2;2;3;3;2;1;3;3;1;1;410002;410002;410002;2;3;3;2;2;3;2;3;2;2;2;1;2;3;2;3;3;9;7;9;10;5;9;7;5;8;9;7;7;2;2;1;1;1;2;3;2;1955;62;5;3;1;1;1;410;410;410;1;3;1;2390;1;2;3;2;3;2;1;1;1;1;3;3;5;5;9;2;1;1;2;6;2;2;20000000;410004;1;2;0;0.30388888888888893;0.27611111111111114;0.32078703703703704;0.22574074074074077;0.5;0.33;0.33;0.3866666666666667;0.33;0.0;0.16666666666666666;0.16555555555555557;1.0;0.0;0.0;0.3333333333333333;0.33;0.33;0.33;0.33;1.0;0.0;1.0;0.6666666666666666;0.25;0.33;0.33;0.3033333333333334;0.0;0.0;0.4444444444444444;0.14814814814814814;0.33;0.0;0.165;0.165;1.0;1.0;1.0;1.0;1.0;1.0;1.0;1.0;1.0;1.0;1.0;1.0;0;0;1;0;0;9;7;8;7;3;6;3;3;3;4;4;8;5;8;5;7;4;2;2;900;47300;12000;9;3;1;9;7;8;8;7;1;1;8;7;10;5;9;6;5;2;1;3;2;2;3;10;5;8;4
"1-5-0 (2020-11-16)";"doi.org/10.14281/18241.1";2018;410;"KOR";732;"ROK";410070202;20180104;201712;201801;14.49;15.11;22;1;410026;410002;8;5;2;1;202;2390;"ko";2;1;1.0;0.8032128514056225;41453.815261044176;1;2;2;2;2;1;1;2;1;1;2;2;1;2;1;2;2;1;2;1;2;2;2;2;2;2;2;2;3;2;2;2;1;1;1;1;4;2;2;2;2;2;1;2;1;3;1;3;2;2;6;7;7;4;4;4;4;4;1;2;2;2;2;2;2;2;1;2;2;2;2;2;2;2;2;3;2;2;2;2;2;2;2;2;2;2;2;2;2;2;2;2;2;8;2;2;1;2;0;0;0;0;0;0;0;0;0;0;0;8;9;8;8;8;1;8;2;2;2;2;2;2;2;5;4;2;2;0;0;0;2;2;0;1;2;4;4;4;4;4;4;4;1;2;2;4;4;2;2;1;2;2;2;2;2;2;1;3;4;1;2;7;7;7;4;3;8;9;1;1;1;1;2;3;1;1;1;1;2;5;6;1;1;1;1;3;1;1;3;7;1;2;1;1;1;1;1;1;1;3;3;4;3;3;5;2;5;5;5;2;3;3;2;3;2;3;1;2;3;2;2;3;3;3;1;1;-2;-2;-2;1;4;4;3;2;2;3;4;1;2;2;3;3;3;3;3;6;6;3;9;4;3;8;8;7;8;8;8;8;2;2;2;2;2;3;3;2;1959;58;5;3;1;1;1;410;410;410;1;2;1;2390;1;2;3;2;3;2;1;1;1;1;5;1;-3;3;6;-3;2;2;3;5;2;2;20000000;410004;2;2;-1;0.22083333333333333;0.27666666666666667;0.24412037037037038;0.23907407407407408;1.0;0.33;0.33;0.5533333333333333;0.0;0.0;0.0;0.0;0.0;0.0;0.0;0.0;0.33;0.33;0.33;0.33;0.0;0.0;1.0;0.3333333333333333;0.0;0.66;0.33;0.33;0.2222222222222222;0.0;0.2222222222222222;0.14814814814814814;0.33;0.0;0.165;0.165;1.0;1.0;1.0;1.0;1.0;1.0;1.0;1.0;1.0;1.0;1.0;1.0;0;0;1;0;1;8;7;7;7;7;7;7;7;7;7;7;8;7;7;7;4;-3;-3;3;600;100000;0;-3;5;1;-3;-3;-3;8;8;1;1;7;6;6;8;5;5;5;3;2;2;3;3;3;6;8;5;1
"1-5-0 (2020-11-16)";"doi.org/10.14281/18241.1";2018;410;"KOR";732;"ROK";410070203;20180104;201712;201801;14.51;15.24;33;1;410041;410007;8;5;2;1;203;2390;"ko";1;1;1.0;0.8032128514056225;41453.815261044176;1;1;1;3;1;1;2;2;1;1;1;2;2;1;2;1;2;1;1;1;1;1;2;1;2;2;2;2;3;2;3;2;3;3;2;1;3;3;2;2;2;3;2;2;2;2;2;2;2;2;8;8;8;4;4;4;4;4;1;2;2;2;1;2;3;3;2;2;3;2;2;2;1;2;3;2;2;2;2;3;2;2;2;2;3;3;2;2;3;2;2;2;2;8;1;2;2;0;0;0;0;0;0;0;0;0;0;0;0;8;6;4;4;3;1;7;2;1;2;2;2;2;2;8;4;2;1;1;1;1;1;1;1;3;2;3;3;3;3;2;2;3;2;2;2;2;2;1;1;2;3;2;1;1;1;3;1;3;2;2;1;8;8;8;6;7;7;8;2;2;2;2;2;2;6;5;3;2;2;8;1;1;1;2;2;2;2;4;4;4;2;8;2;1;3;2;1;2;4;2;4;4;2;2;4;1;4;1;4;1;4;1;2;2;2;2;2;2;3;2;2;2;2;2;1;1;410002;410002;410002;2;2;3;3;2;3;3;3;3;3;2;2;2;3;2;3;8;7;3;6;7;2;6;6;6;7;7;8;8;2;2;2;1;2;3;2;2;1999;18;1;1;1;1;1;410;410;410;1;4;2;2390;6;0;2;1;-3;-3;6;3;6;3;6;-3;-3;-3;3;-3;2;2;3;4;2;0;100000020;410004;3;2;1;0.4711111111111111;0.49888888888888894;0.5218981481481482;0.377962962962963;0.5;0.33;0.33;0.3866666666666667;0.0;1.0;0.8333333333333334;0.6111111111111112;0.0;1.0;1.0;0.6666666666666666;0.33;0.33;0.0;0.22;0.0;1.0;1.0;0.6666666666666666;0.5;0.66;0.33;0.49666666666666676;0.1111111111111111;0.3333333333333333;0.3333333333333333;0.25925925925925924;0.33;1.0;0.665;0.665;1.0;1.0;1.0;1.0;1.0;1.0;1.0;1.0;1.0;1.0;1.0;1.0;1;0;1;1;0;8;7;6;8;8;8;8;8;8;8;7;8;8;8;7;7;-3;-3;3;500;50000;90000;9;5;1;8;9;9;8;8;1;3;6;5;8;5;6;7;5;2;8;3;2;2;2;8;7;5;-3
"1-5-0 (2020-11-16)";"doi.org/10.14281/18241.1";2018;410;"KOR";732;"ROK";410070204;20180104;201712;201801;15.06;15.38;32;1;410048;410014;7;4;3;1;204;2390;"ko";2;1;1.0;0.8032128514056225;41453.815261044176;1;2;2;2;2;3;1;1;1;1;1;2;2;2;2;2;2;1;2;1;2;2;2;2;2;2;3;2;3;3;3;2;4;2;2;1;4;2;4;2;2;2;2;2;2;3;1;3;2;2;6;7;7;4;4;4;4;4;1;1;1;2;2;3;2;3;3;3;3;3;3;3;3;3;3;3;3;3;3;4;3;3;3;3;3;3;3;3;3;3;3;3;3;8;3;2;2;0;0;0;0;0;0;0;0;0;0;0;0;8;3;3;3;7;1;8;3;4;2;2;2;2;3;8;4;2;2;2;2;2;2;0;0;2;3;3;3;4;4;4;3;3;1;1;2;2;2;2;2;2;2;2;1;1;1;1;2;3;1;1;4;8;8;7;4;8;8;3;2;2;2;2;3;3;7;8;3;2;2;3;3;3;2;3;3;3;3;7;7;6;3;3;3;2;3;3;2;3;5;2;4;4;3;2;5;1;5;1;4;1;4;2;2;3;3;3;2;1;2;2;1;2;2;2;1;1;-2;-2;-2;1;3;2;3;3;3;3;3;3;3;1;3;3;4;2;4;6;7;8;8;3;3;3;5;5;5;8;8;8;2;2;2;2;1;3;3;2;1970;47;4;2;1;1;1;410;410;410;1;4;1;2390;1;2;3;2;3;2;1;1;1;1;1;1;4;3;3;2;2;2;3;5;2;0;100000020;410004;0;1;1;0.8025000000000001;0.7750000000000001;0.5521296296296296;0.6042592592592593;1.0;0.33;0.66;0.6633333333333334;0.66;1.0;1.0;0.8866666666666667;1.0;1.0;1.0;1.0;0.66;0.66;0.66;0.66;1.0;1.0;1.0;1.0;0.75;0.66;0.66;0.6900000000000001;0.2222222222222222;0.6666666666666666;0.6666666666666666;0.5185185185185185;0.0;0.0;0.0;0.0;1.0;1.0;1.0;1.0;1.0;1.0;1.0;1.0;1.0;1.0;1.0;1.0;0;0;0;0;0;8;6;6;7;4;3;7;5;7;4;4;8;4;7;7;4;4;1;3;500;25000;3000;8;5;1;8;8;8;8;4;1;1;4;5;7;2;5;3;5;3;1;2;3;2;3;8;2;4;4
"1-5-0 (2020-11-16)";"doi.org/10.14281/18241.1";2018;410;"KOR";732;"ROK";410070205;20180104;201712;201801;15.18;15.52;34;1;410027;410003;8;5;2;1;205;2390;"ko";3;1;1.0;0.8032128514056225;41453.815261044176;1;2;2;2;1;3;1;2;2;1;1;1;1;2;2;2;2;1;2;1;2;1;2;2;2;2;2;2;3;3;3;2;3;3;3;3;4;2;2;3;3;2;3;1;1;1;1;3;2;2;5;5;5;4;4;4;4;4;2;2;1;2;3;3;3;3;3;2;2;2;2;3;3;3;3;3;3;2;2;2;3;2;2;3;2;2;2;3;3;2;2;3;2;5;3;1;2;0;0;0;0;0;0;0;0;0;0;0;0;7;5;7;6;7;2;8;3;3;3;3;3;3;4;7;4;2;2;1;1;1;0;2;1;2;3;3;2;3;3;3;3;3;1;1;2;2;2;2;2;2;2;3;1;2;1;2;4;3;1;1;3;8;7;7;6;6;8;7;1;1;2;2;3;4;4;5;2;2;2;3;1;1;1;1;1;4;1;4;6;4;1;5;1;1;1;2;1;1;1;4;4;4;2;2;1;1;2;1;2;1;1;1;2;3;2;3;2;2;3;3;1;3;3;3;1;1;410001;410001;410001;1;4;3;2;3;1;3;4;1;1;1;3;3;3;2;3;8;7;3;8;7;3;8;7;3;8;8;6;7;2;2;2;2;2;3;3;1;1969;48;4;2;1;1;1;410;410;410;1;4;1;2390;1;2;3;2;3;2;0;1;1;1;3;5;4;-5;10;2;1;2;5;3;1;7;70000000;410004;1;1;0;0.45583333333333337;0.6366666666666667;0.4201851851851852;0.5070370370370371;1.0;0.33;0.33;0.5533333333333333;0.66;1.0;0.5;0.7200000000000001;0.0;0.0;0.0;0.0;0.33;0.66;0.66;0.55;0.0;1.0;1.0;0.6666666666666666;0.5;0.66;0.66;0.6066666666666668;0.3333333333333333;0.3333333333333333;0.5555555555555556;0.4074074074074074;0.0;0.0;0.0;0.0;1.0;1.0;1.0;1.0;1.0;1.0;1.0;1.0;1.0;1.0;1.0;1.0;0;0;0;0;1;7;7;6;7;7;5;4;5;5;4;4;6;4;6;6;3;4;1;5;350;26000;5000;7;4;1;7;7;6;7;6;1;1;3;2;7;5;3;3;2;2;2;3;3;1;2;7;6;4;4
"1-5-0 (2020-11-16)";"doi.org/10.14281/18241.1";2018;410;"KOR";732;"ROK";410070206;20180104;201712;201801;15.33;16.14;41;1;410041;410007;8;5;2;1;206;2390;"ko";1;1;1.0;0.8032128514056225;41453.815261044176;1;1;1;2;1;2;1;2;1;2;2;1;1;1;2;2;2;1;2;1;2;1;2;1;2;2;2;3;2;2;3;2;2;1;2;1;2;1;3;2;2;3;2;2;2;1;2;3;2;2;7;8;8;4;4;4;4;4;1;1;1;1;1;3;2;2;2;1;2;2;2;1;2;2;1;2;2;2;1;2;2;2;2;2;1;1;2;2;1;2;2;2;2;8;3;1;2;1;0;0;0;0;0;0;0;0;0;0;0;7;7;6;3;8;1;8;2;2;3;2;3;2;2;4;3;2;1;1;2;2;1;1;1;2;2;3;3;2;3;3;3;3;2;2;2;2;2;2;2;3;3;3;2;1;2;3;1;1;4;2;1;8;8;7;8;6;8;8;1;1;1;1;2;2;2;2;2;2;1;7;2;1;1;1;1;1;1;1;4;4;2;8;1;1;1;1;1;5;3;1;4;4;2;2;4;1;1;1;2;1;1;1;1;2;2;2;2;2;2;2;2;1;2;2;1;1;410002;410002;410002;2;3;2;3;2;2;2;1;2;1;2;3;2;2;2;2;8;6;8;9;5;2;8;5;7;6;7;7;7;2;2;2;2;1;2;3;1;1969;48;4;2;1;1;1;410;410;410;1;4;1;2390;1;2;6;3;3;2;1;1;3;2;1;2;6;5;9;2;1;1;3;5;2;2;20000000;410004;3;2;1;0.2905555555555556;0.5261111111111112;0.3531944444444445;0.20722222222222225;1.0;0.33;0.33;0.5533333333333333;0.33;1.0;0.16666666666666666;0.49888888888888894;0.0;0.0;0.0;0.0;0.0;0.0;0.33;0.11;0.0;0.0;1.0;0.3333333333333333;0.25;0.33;0.33;0.3033333333333334;0.0;0.0;0.3333333333333333;0.1111111111111111;0.33;1.0;0.665;0.665;1.0;1.0;1.0;1.0;1.0;1.0;1.0;1.0;1.0;1.0;1.0;1.0;1;0;1;1;0;8;7;7;8;8;8;8;8;8;8;8;7;8;8;8;7;3;2;3;600;62500;6500;9;4;1;8;8;8;8;8;1;3;5;7;9;5;5;7;7;2;1;3;2;2;2;9;3;5;4
"1-5-0 (2020-11-16)";"doi.org/10.14281/18241.1";2018;410;"KOR";732;"ROK";410070207;20180104;201712;201801;15.38;15.58;20;1;410041;410007;8;5;2;1;207;2390;"ko";2;2;1.0;0.8032128514056225;41453.815261044176;1;1;1;2;1;1;1;1;1;1;2;2;1;2;2;2;2;1;2;1;2;2;2;2;2;1;2;3;2;3;2;3;2;1;2;1;2;1;3;2;2;2;3;3;2;3;1;2;2;2;7;7;6;4;4;4;4;4;1;2;1;2;3;3;3;3;3;3;3;2;3;3;4;2;3;3;3;3;3;3;3;3;2;3;3;3;3;2;3;3;3;2;3;7;2;1;2;0;0;0;0;0;0;0;0;0;0;0;0;6;5;6;5;6;1;6;3;2;3;2;2;2;2;5;2;0;1;1;1;0;1;1;1;2;2;4;4;4;4;4;4;4;1;1;2;2;2;2;2;4;4;4;1;1;1;2;3;2;1;2;3;6;4;5;5;5;5;4;2;2;2;2;2;2;7;8;3;2;2;5;6;5;5;6;4;3;3;3;4;3;4;4;3;4;4;5;3;5;5;2;2;2;2;2;5;1;5;2;1;2;4;3;2;3;2;2;2;3;2;2;2;3;2;2;1;1;410008;410008;410008;3;3;2;2;2;2;2;2;3;2;2;2;3;2;3;2;5;5;4;5;5;6;5;7;5;5;5;5;6;2;2;1;1;1;2;3;2;1958;59;5;3;1;1;1;410;410;410;1;1;1;2390;5;0;2;1;-3;-3;3;2;1;1;3;-3;5;-5;5;2;1;1;3;5;2;0;100000020;410004;4;2;1;0.7066666666666667;0.5266666666666666;0.4798148148148148;0.3362962962962963;0.5;0.33;0.33;0.3866666666666667;0.0;1.0;1.0;0.6666666666666666;1.0;1.0;1.0;1.0;0.66;0.66;1.0;0.7733333333333334;1.0;0.0;1.0;0.6666666666666666;0.25;0.33;0.66;0.41333333333333333;0.2222222222222222;0.2222222222222222;0.3333333333333333;0.25925925925925924;0.66;0.5;0.5800000000000001;0.5800000000000001;1.0;1.0;1.0;1.0;1.0;1.0;1.0;1.0;1.0;1.0;1.0;1.0;1;1;0;1;1;8;6;5;6;6;6;5;7;6;6;5;7;7;6;5;6;4;1;3;150;6000;0;7;5;2;6;7;7;6;5;2;2;5;4;3;5;6;4;3;2;3;2;3;2;2;5;3;7;-5
"1-5-0 (2020-11-16)";"doi.org/10.14281/18241.1";2018;410;"KOR";732;"ROK";410070208;20180104;201712;201801;15.48;16.4;51;1;410048;410014;7;4;3;1;208;2390;"ko";2;1;1.0;0.8032128514056225;41453.815261044176;1;2;2;2;3;3;1;1;1;1;1;2;2;2;2;2;2;1;2;1;2;1;2;1;2;2;3;2;3;3;3;3;4;2;2;1;4;2;3;3;2;2;2;2;2;3;1;3;2;2;7;7;5;4;4;4;4;4;1;1;2;2;2;2;2;2;2;2;2;2;2;2;2;2;3;3;2;2;2;2;2;2;2;2;2;2;2;2;2;2;2;2;2;8;3;2;2;0;0;0;0;0;0;0;0;0;0;0;0;7;3;5;3;7;2;7;3;3;2;2;2;2;3;7;3;2;2;2;2;2;2;1;1;3;3;4;4;3;4;4;3;3;1;1;2;3;3;2;2;2;2;2;1;1;1;1;2;3;1;1;2;8;8;5;3;4;8;3;2;2;2;2;3;3;7;8;3;2;2;5;3;3;1;3;3;2;1;6;8;6;2;5;3;3;3;3;2;3;7;2;3;4;2;2;5;1;5;1;3;1;4;2;2;2;2;2;2;2;2;2;2;2;2;2;1;1;-2;-2;-2;2;4;2;3;2;3;3;3;3;3;3;2;2;3;3;3;5;5;7;7;7;3;8;7;5;8;8;7;7;2;2;2;2;2;2;3;2;1982;35;3;2;1;1;1;410;410;410;1;3;1;2390;1;1;6;3;6;3;3;2;3;2;5;1;-3;3;3;-3;2;2;3;5;2;0;100000020;410004;1;1;1;0.7200000000000001;0.7750000000000001;0.5428703703703703;0.5857407407407408;1.0;0.33;0.66;0.6633333333333334;0.66;1.0;1.0;0.8866666666666667;1.0;1.0;1.0;1.0;0.33;0.33;0.33;0.33;1.0;1.0;1.0;1.0;0.75;0.66;0.66;0.6900000000000001;0.1111111111111111;0.5555555555555556;0.7777777777777778;0.48148148148148157;0.0;0.0;0.0;0.0;1.0;1.0;1.0;1.0;1.0;1.0;1.0;1.0;1.0;1.0;1.0;1.0;0;0;0;0;1;7;7;8;5;5;5;5;5;4;4;4;7;3;6;6;4;-3;-3;3;300;20000;5000;-3;5;1;-3;-3;-3;8;3;1;1;2;5;8;3;2;2;5;2;1;2;4;2;3;8;3;2;4
"1-5-0 (2020-11-16)";"doi.org/10.14281/18241.1";2018;410;"KOR";732;"ROK";410070209;20180104;201712;201801;15.5;16.28;38;1;410026;410002;8;5;2;1;209;2390;"ko";3;1;1.0;0.8032128514056225;41453.815261044176;1;2;2;3;1;3;1;1;2;1;2;2;1;1;2;2;2;1;2;1;2;2;2;2;2;2;2;2;1;1;2;2;1;1;1;1;4;2;3;3;3;2;2;2;2;3;1;3;2;2;8;8;8;4;4;4;4;4;1;2;1;2;2;3;2;2;3;2;2;2;3;2;2;3;3;4;3;3;2;2;2;2;2;2;2;2;2;2;2;2;2;2;2;5;3;1;2;0;0;0;0;0;0;0;0;0;0;0;0;8;8;8;8;7;1;3;2;2;2;2;2;2;2;7;4;2;2;2;0;0;2;2;1;1;2;3;3;4;4;4;4;4;1;2;2;4;4;2;2;2;3;3;2;2;2;2;1;3;2;1;2;6;6;3;8;8;8;3;2;2;2;2;3;3;5;4;2;2;2;7;4;1;1;1;1;1;1;1;6;7;1;5;1;1;1;1;1;1;1;4;4;4;4;3;5;2;5;2;5;2;5;5;2;3;3;3;2;2;2;2;2;2;2;2;1;1;410009;410009;410009;1;4;4;3;2;2;3;4;2;2;2;3;2;3;3;3;6;4;3;9;9;8;8;8;8;8;8;8;8;2;2;2;2;2;3;3;2;1970;47;4;2;1;1;1;410;410;410;1;4;1;2390;1;2;3;2;3;2;1;1;1;1;1;1;6;6;9;2;2;1;3;4;2;7;70000000;410004;2;2;2;0.4147222222222222;0.6644444444444444;0.254212962962963;0.0925925925925926;1.0;0.33;0.33;0.5533333333333333;0.66;1.0;0.6666666666666666;0.7755555555555556;0.0;0.0;0.0;0.0;0.33;0.33;0.33;0.33;1.0;0.0;1.0;0.6666666666666666;0.0;0.0;0.0;0.0;0.0;0.0;0.5555555555555556;0.1851851851851852;0.33;0.0;0.165;0.165;1.0;1.0;1.0;1.0;1.0;1.0;1.0;1.0;1.0;1.0;1.0;1.0;0;0;1;0;1;8;7;7;7;7;7;6;6;6;7;7;8;7;7;8;5;1;2;3;600;30000;0;9;4;1;9;9;7;9;7;1;1;9;6;6;6;6;8;5;2;4;2;2;2;3;7;7;3;1
"1-5-0 (2020-11-16)";"doi.org/10.14281/18241.1";2018;410;"KOR";732;"ROK";410070210;20180104;201712;201801;15.51;16.17;26;1;410041;410007;8;5;2;1;210;2390;"ko";3;1;1.0;0.8032128514056225;41453.815261044176;1;1;2;2;1;4;1;2;1;1;2;2;1;1;2;2;2;1;1;1;2;2;2;1;2;2;2;2;3;3;2;3;2;1;2;1;4;2;2;3;2;3;2;2;2;2;1;2;3;1;7;6;7;4;4;4;4;4;3;1;1;2;2;3;3;3;3;2;2;2;3;3;2;3;3;4;3;2;2;3;2;2;2;3;3;3;2;2;2;2;2;2;2;7;3;2;2;0;0;0;0;0;0;0;0;0;0;0;0;7;4;5;3;4;2;6;2;3;3;2;2;3;2;7;3;2;2;2;2;1;2;2;2;3;2;3;2;3;4;3;2;3;1;2;2;2;2;2;2;2;3;3;2;2;1;2;1;1;3;1;3;8;8;6;4;5;7;3;2;2;2;2;4;3;7;8;3;1;1;2;3;3;2;2;2;3;2;2;2;3;2;2;1;2;2;3;2;2;2;2;3;2;2;2;3;1;2;1;2;1;3;1;2;2;2;2;2;3;3;3;1;2;3;3;1;1;410002;410002;410002;2;2;3;2;2;3;3;2;2;2;2;3;2;4;2;4;3;7;2;7;7;5;8;6;4;7;8;6;8;2;1;1;1;1;2;3;1;1980;37;3;2;1;1;1;410;410;410;1;3;2;2390;6;0;3;2;-3;-3;3;2;3;2;1;-3;4;-3;9;2;2;1;3;3;1;0;100000020;410004;1;1;1;0.6791666666666666;0.6383333333333333;0.2512037037037037;0.33574074074074073;0.5;0.0;0.33;0.27666666666666667;1.0;1.0;1.0;1.0;1.0;1.0;1.0;1.0;0.33;0.66;0.33;0.44;0.0;0.0;1.0;0.3333333333333333;0.25;0.66;0.66;0.5233333333333333;0.2222222222222222;0.1111111111111111;0.1111111111111111;0.14814814814814814;0.0;0.0;0.0;0.0;1.0;1.0;1.0;1.0;1.0;1.0;1.0;1.0;1.0;1.0;1.0;1.0;0;0;0;0;1;6;7;8;8;7;5;6;7;7;6;7;8;7;6;7;7;2;2;3;450;42000;0;5;2;1;5;5;5;7;3;2;1;5;2;8;3;6;5;2;2;1;1;3;2;2;8;2;6;-3
"1-5-0 (2020-11-16)";"doi.org/10.14281/18241.1";2018;410;"KOR";732;"ROK";410070211;20180104;201712;201801;16.22;16.42;20;1;410041;410007;8;5;2;1;211;2390;"ko";3;1;1.0;0.8032128514056225;41453.815261044176;1;1;2;2;1;3;2;1;1;1;1;1;2;2;2;2;2;1;1;1;2;1;2;2;2;1;2;3;2;3;3;3;2;1;2;1;2;1;3;3;2;2;2;3;2;3;1;2;2;2;5;5;6;4;4;4;4;4;1;2;2;3;4;3;3;3;3;3;4;3;3;3;3;3;3;3;3;3;3;3;3;2;3;3;3;3;3;2;3;3;3;3;2;6;3;1;1;0;0;0;0;0;0;0;0;0;0;0;0;6;5;6;5;6;1;6;2;3;3;2;2;2;2;7;2;2;0;1;1;0;1;1;1;2;2;4;3;4;4;4;4;3;1;1;2;2;3;2;2;4;4;4;1;1;1;1;3;2;3;2;3;6;7;6;6;6;7;4;2;2;2;2;2;2;7;8;3;2;2;5;3;3;3;3;3;4;3;3;4;5;3;3;3;4;3;3;4;4;3;2;2;2;2;2;5;1;4;3;5;5;5;2;3;3;3;3;3;3;3;3;3;3;3;3;2;2;410001;410001;410001;3;2;2;3;2;2;2;3;2;3;2;2;3;3;2;2;6;4;6;4;4;5;4;5;4;5;4;5;5;2;2;1;1;1;2;2;1;1948;69;6;3;1;1;1;410;410;410;1;3;1;2390;1;1;2;1;2;1;1;1;1;1;3;3;5;6;7;2;1;1;3;5;2;0;100000020;410004;4;2;1;0.7333333333333334;0.6366666666666667;0.5724074074074075;0.3548148148148148;0.5;0.33;0.33;0.3866666666666667;0.66;1.0;1.0;0.8866666666666667;1.0;1.0;1.0;1.0;0.66;0.66;0.66;0.66;1.0;1.0;1.0;1.0;0.25;0.33;0.66;0.41333333333333333;0.3333333333333333;0.2222222222222222;0.3333333333333333;0.2962962962962963;0.66;0.5;0.5800000000000001;0.5800000000000001;1.0;1.0;1.0;1.0;1.0;1.0;1.0;1.0;1.0;1.0;1.0;1.0;1;1;0;1;1;4;6;5;6;5;6;5;6;6;6;5;7;6;6;5;5;4;1;3;300;10000;700;6;5;1;6;7;6;6;5;2;1;3;4;5;8;5;5;3;2;2;2;3;3;2;5;8;3;4
"1-5-0 (2020-11-16)";"doi.org/10.14281/18241.1";2018;410;"KOR";732;"ROK";410070212;20180104;201712;201801;16.22;17.07;45;1;410048;410014;7;4;3;1;212;2390;"ko";3;1;1.0;0.8032128514056225;41453.815261044176;1;2;2;3;2;1;1;2;2;2;1;1;2;2;1;1;2;1;2;1;2;2;2;1;2;2;2;2;2;2;3;3;4;2;1;1;4;2;3;2;2;2;1;3;2;2;1;3;2;2;8;7;7;4;4;4;4;4;1;1;1;2;2;3;2;2;1;2;2;2;3;2;2;3;3;3;2;2;2;3;2;2;2;2;2;2;2;2;2;2;2;2;2;7;3;2;2;2;0;0;0;0;0;0;0;0;2;0;0;7;5;4;6;7;2;6;2;2;2;2;2;1;3;6;2;2;1;2;1;2;2;2;2;3;2;4;3;4;4;4;4;4;1;1;2;1;1;2;2;2;2;2;1;1;1;1;2;1;4;1;3;8;8;5;5;8;8;10;1;1;1;1;2;3;1;1;1;1;2;7;3;2;2;2;1;7;1;9;9;6;1;7;1;1;1;1;1;1;3;2;4;4;3;2;1;1;1;1;5;1;5;2;2;2;2;2;1;2;2;2;1;2;2;2;1;1;-2;-2;-2;1;4;2;2;2;2;3;4;2;2;1;3;3;4;2;4;8;8;5;8;7;1;9;4;5;9;10;7;7;2;2;1;1;1;3;4;2;1970;47;4;2;1;1;1;410;410;410;1;4;1;2390;1;2;5;3;5;3;1;1;1;1;1;1;3;6;9;2;2;2;3;3;1;2;20000000;410004;2;2;-1;0.3875;0.27666666666666667;0.5291203703703704;0.6424074074074074;1.0;0.33;0.33;0.5533333333333333;0.0;0.0;0.0;0.0;1.0;1.0;0.0;0.6666666666666666;0.33;0.33;0.33;0.33;0.0;1.0;1.0;0.6666666666666666;0.75;0.33;0.33;0.47000000000000003;0.6666666666666666;0.8888888888888888;0.8888888888888888;0.8148148148148148;0.33;0.0;0.165;0.165;1.0;1.0;1.0;1.0;1.0;1.0;1.0;1.0;1.0;1.0;1.0;1.0;0;0;1;0;1;7;7;7;7;7;7;3;3;5;5;5;7;3;6;8;7;1;2;3;450;25000;3000;8;3;1;8;7;8;8;5;1;1;5;5;5;7;5;5;5;1;2;2;2;1;3;7;7;6;4
"1-5-0 (2020-11-16)";"doi.org/10.14281/18241.1";2018;410;"KOR";732;"ROK";410070213;20180104;201712;201801;16.32;17.3;58;1;410027;410003;8;5;2;1;213;2390;"ko";3;1;1.0;0.8032128514056225;41453.815261044176;1;2;2;3;1;2;2;1;2;1;1;2;1;1;2;2;2;1;2;1;2;1;2;2;2;2;1;2;3;3;3;2;3;3;4;2;3;3;3;2;3;2;3;2;2;3;3;1;2;2;7;6;5;4;4;4;4;4;2;2;2;3;3;4;3;3;3;2;2;2;3;4;4;3;3;3;3;3;2;2;3;2;3;3;3;3;2;2;2;3;3;3;2;6;3;1;2;0;0;0;0;0;0;0;0;0;0;0;0;3;3;7;3;7;1;7;3;4;3;3;3;3;4;7;2;2;2;1;1;1;2;2;1;2;3;4;2;3;4;3;3;3;1;1;2;2;2;2;2;2;2;3;2;1;1;2;1;3;1;1;2;7;7;6;4;3;7;6;1;1;1;1;3;3;4;5;3;2;2;4;1;1;1;1;1;5;1;4;5;4;1;4;1;1;2;1;1;1;4;4;4;4;2;2;2;1;2;1;1;1;1;1;2;3;2;3;2;2;3;3;2;3;3;3;4;4;-2;-2;-2;1;4;3;3;2;1;3;2;1;1;1;3;3;2;2;3;3;6;3;8;6;5;8;4;2;8;9;7;7;2;2;2;2;2;3;3;2;1999;18;1;1;2;1;1;-2;410;410;1;4;2;2390;6;0;3;2;-3;-3;3;2;3;2;6;-3;-3;-3;4;-3;2;2;3;5;2;7;70000000;-5;1;1;2;0.37416666666666665;0.36;0.5035185185185185;0.5070370370370371;0.0;0.33;0.0;0.11;0.33;1.0;0.5;0.61;0.0;0.0;0.0;0.0;0.33;1.0;1.0;0.7766666666666667;1.0;1.0;1.0;1.0;0.5;0.66;0.66;0.6066666666666668;0.4444444444444444;0.3333333333333333;0.4444444444444444;0.4074074074074074;0.0;0.0;0.0;0.0;1.0;1.0;1.0;1.0;1.0;1.0;1.0;1.0;1.0;1.0;1.0;1.0;0;0;0;0;1;6;5;5;6;6;5;4;4;4;4;4;6;3;7;7;5;-3;-3;3;400;35000;0;-3;4;1;-3;-3;-3;7;4;1;1;3;3;5;6;4;3;1;2;8;3;4;1;2;7;5;4;-3
"1-5-0 (2020-11-16)";"doi.org/10.14281/18241.1";2018;410;"KOR";732;"ROK";410070214;20180104;201712;201801;16.37;17.17;40;1;410041;410007;8;5;2;1;214;2390;"ko";2;1;1.0;0.8032128514056225;41453.815261044176;1;1;2;2;1;2;2;2;1;1;2;2;1;1;2;1;2;1;2;1;2;1;2;1;2;2;2;2;2;3;2;2;2;1;4;2;2;1;2;2;2;2;2;3;2;2;2;3;1;2;8;7;8;4;4;4;4;4;1;2;2;2;2;3;3;3;2;2;3;2;3;2;3;2;2;2;2;1;2;3;2;3;2;2;2;2;1;2;1;2;1;2;2;7;3;1;2;0;0;2;2;2;2;2;2;2;2;2;0;7;5;8;7;7;2;7;2;2;2;3;2;2;2;7;4;2;2;2;2;0;2;1;1;2;3;3;2;3;2;2;3;3;2;2;2;2;2;1;1;2;3;2;1;1;1;3;4;3;2;2;1;8;8;8;7;7;7;5;2;2;2;2;3;3;5;4;2;2;1;7;1;2;1;1;1;2;2;2;2;2;1;7;1;1;1;1;1;1;1;1;4;4;2;2;1;1;1;1;1;4;1;1;2;2;1;2;2;2;1;1;2;2;2;3;1;1;410002;410002;410002;2;2;1;1;1;1;1;2;2;2;2;2;3;2;2;2;7;7;4;7;7;7;8;7;7;7;7;6;8;2;2;1;1;2;2;2;1;1969;48;4;2;1;1;1;410;410;410;1;4;1;2390;1;2;6;3;3;2;1;1;2;1;1;5;6;-5;9;2;1;2;3;8;3;7;70000000;410004;3;2;1;0.49805555555555553;0.6094444444444445;0.38069444444444445;0.26222222222222225;1.0;0.33;0.33;0.5533333333333333;0.33;1.0;0.6666666666666666;0.6655555555555556;1.0;0.0;0.0;0.3333333333333333;0.33;0.33;0.66;0.44;0.0;0.0;1.0;0.3333333333333333;0.25;0.33;0.66;0.41333333333333333;0.1111111111111111;0.1111111111111111;0.1111111111111111;0.1111111111111111;0.33;1.0;0.665;0.665;1.0;1.0;1.0;1.0;1.0;1.0;1.0;1.0;1.0;1.0;1.0;1.0;1;0;1;1;0;8;8;8;8;8;8;8;8;8;7;7;7;7;6;6;7;3;2;3;500;30000;63000;9;4;1;8;7;8;8;7;1;4;6;6;9;3;5;6;5;2;1;2;2;2;2;9;3;5;4
"1-5-0 (2020-11-16)";"doi.org/10.14281/18241.1";2018;410;"KOR";732;"ROK";410070215;20180104;201712;201801;16.42;17.13;31;1;410048;410014;7;4;3;1;215;2390;"ko";2;2;1.0;0.8032128514056225;41453.815261044176;1;2;2;3;2;3;1;1;1;1;1;2;2;2;2;2;2;1;2;1;2;1;2;2;2;2;3;2;3;3;2;3;4;2;2;1;4;2;2;3;2;2;3;2;1;3;1;3;2;2;8;8;5;4;4;4;4;4;1;1;2;2;2;2;2;2;3;3;3;3;3;3;3;3;4;4;3;3;3;4;3;3;3;3;3;3;3;3;3;3;3;3;3;8;3;1;2;0;0;0;0;0;0;0;0;0;0;0;0;7;3;3;3;7;2;8;2;3;2;2;2;2;3;8;2;2;2;2;2;2;2;2;2;2;3;4;4;3;3;4;3;3;1;2;2;2;3;2;2;3;3;3;1;1;1;1;2;3;1;2;1;8;8;5;3;3;8;3;2;2;2;2;3;3;7;8;3;1;1;8;3;4;2;3;3;3;3;5;7;8;2;5;2;3;3;3;3;3;5;3;3;4;3;2;5;2;5;1;2;1;2;1;2;2;2;2;2;2;2;2;1;2;2;2;1;1;-2;-2;-2;2;4;2;2;2;2;3;4;1;2;1;2;3;4;3;3;3;7;3;9;7;3;8;7;3;8;8;5;7;2;3;2;2;2;3;3;1;1989;28;2;1;1;1;1;410;410;410;1;4;2;2390;6;0;6;3;-3;-3;3;2;3;2;1;-3;4;-3;3;2;2;2;3;5;2;0;100000020;410004;1;1;1;0.8300000000000001;0.8300000000000001;0.5336111111111111;0.5672222222222223;1.0;0.66;0.66;0.7733333333333334;0.66;1.0;1.0;0.8866666666666667;1.0;1.0;1.0;1.0;0.66;0.66;0.66;0.66;1.0;1.0;1.0;1.0;0.75;0.66;0.66;0.6900000000000001;0.2222222222222222;0.4444444444444444;0.6666666666666666;0.4444444444444445;0.0;0.0;0.0;0.0;1.0;1.0;1.0;1.0;1.0;1.0;1.0;1.0;1.0;1.0;1.0;1.0;0;0;0;1;0;8;5;5;5;5;3;3;3;7;5;5;8;3;8;5;4;2;2;3;600;35000;0;7;5;1;5;5;5;8;3;1;1;2;2;5;2;2;2;2;2;1;2;4;2;4;8;2;2;-3
"1-5-0 (2020-11-16)";"doi.org/10.14281/18241.1";2018;410;"KOR";732;"ROK";410070216;20180104;201712;201801;16.58;17.32;35;1;410041;410007;8;5;2;1;216;2390;"ko";3;1;1.0;0.8032128514056225;41453.815261044176;1;2;2;1;1;4;1;2;1;1;2;1;1;2;2;2;2;1;1;1;2;2;2;1;2;2;2;2;1;2;2;3;2;1;2;1;3;3;2;3;2;1;2;2;2;2;1;1;2;2;8;6;5;4;4;4;4;4;1;1;1;2;1;3;2;3;3;3;2;2;3;3;2;2;3;4;3;2;2;4;2;2;2;3;3;3;2;2;2;3;2;2;2;8;3;2;1;0;0;0;0;0;0;0;0;0;0;0;0;7;4;3;4;3;1;8;4;4;3;3;2;3;2;7;4;2;2;1;1;1;2;0;2;3;2;3;2;3;3;3;2;3;1;2;2;2;2;2;2;3;3;3;1;2;1;2;1;3;4;1;3;6;7;8;4;3;8;2;2;2;2;2;4;3;7;8;3;1;1;2;2;2;1;2;1;3;2;3;3;4;1;2;1;1;2;3;4;4;3;2;2;2;2;1;2;1;2;1;2;1;3;1;1;2;2;3;2;3;3;3;1;2;3;3;1;1;410002;410002;410002;2;2;2;3;2;2;2;3;2;2;2;2;2;3;2;4;5;7;3;8;7;6;7;8;7;7;8;7;8;2;2;1;1;1;2;3;1;1956;61;5;3;1;1;1;410;410;410;1;3;1;2390;1;1;3;2;3;2;3;2;3;2;1;5;4;-5;4;3;1;1;3;5;2;0;100000020;410004;2;2;0;0.6091666666666666;0.61;0.22847222222222224;0.20777777777777778;0.0;0.33;0.33;0.22;1.0;1.0;1.0;1.0;1.0;1.0;0.0;0.6666666666666666;0.66;0.66;0.33;0.5499999999999999;0.0;0.0;1.0;0.3333333333333333;0.25;0.0;0.33;0.19333333333333336;0.2222222222222222;0.2222222222222222;0.2222222222222222;0.2222222222222222;0.33;0.0;0.165;0.165;1.0;1.0;1.0;1.0;1.0;1.0;1.0;1.0;1.0;1.0;1.0;1.0;0;0;1;0;1;8;6;5;7;5;3;3;4;3;2;6;8;7;8;8;7;3;2;3;500;75000;8000;7;5;1;6;7;7;8;6;2;1;3;2;8;2;5;3;2;3;1;2;3;2;2;8;2;4;4
"1-5-0 (2020-11-16)";"doi.org/10.14281/18241.1";2018;410;"KOR";732;"ROK";410070217;20180104;201712;201801;16.59;17.59;60;1;410011;410001;8;5;1;1;217;2390;"ko";2;1;1.0;0.8032128514056225;41453.815261044176;1;2;2;2;1;4;2;1;1;1;1;1;2;2;2;2;2;1;2;1;2;1;2;2;2;2;2;2;4;4;4;3;4;2;2;1;3;3;5;3;2;2;3;2;2;3;1;3;2;2;7;8;7;4;4;4;4;4;1;1;2;2;2;2;2;3;2;3;2;2;2;3;2;2;3;4;3;2;2;3;3;2;1;2;3;3;2;2;2;2;3;2;2;8;3;3;2;0;0;0;0;0;0;0;0;0;0;0;0;7;6;7;4;6;2;6;2;3;2;2;2;2;4;5;4;2;2;2;1;1;0;0;2;2;3;3;3;3;4;4;3;3;1;2;2;2;2;2;2;2;3;4;2;1;1;1;2;3;1;1;3;8;5;4;4;3;7;2;2;2;2;2;4;2;7;7;2;2;2;7;4;3;1;4;5;2;2;6;3;7;2;8;2;1;4;2;2;3;9;3;2;3;3;2;2;1;1;1;2;1;3;1;2;2;2;2;2;1;2;2;2;2;2;2;1;1;410002;410002;410002;2;3;2;3;2;2;3;3;2;3;1;3;3;4;1;4;4;6;2;10;8;1;8;6;4;9;10;6;6;2;3;1;1;2;3;3;1;1971;46;4;2;1;1;1;410;410;410;1;4;1;2390;1;2;6;3;6;3;1;1;2;1;1;1;3;3;9;2;1;1;3;5;2;0;100000020;410004;1;1;1;0.8033333333333333;0.8316666666666668;0.5532407407407407;0.6064814814814814;1.0;0.66;0.33;0.6633333333333334;1.0;1.0;1.0;1.0;1.0;1.0;1.0;1.0;0.66;0.66;0.33;0.5499999999999999;1.0;1.0;1.0;1.0;0.75;1.0;1.0;0.9166666666666666;0.1111111111111111;0.5555555555555556;0.2222222222222222;0.2962962962962963;0.0;0.0;0.0;0.0;1.0;1.0;1.0;1.0;1.0;1.0;1.0;1.0;1.0;1.0;1.0;1.0;0;0;0;0;1;8;6;7;6;5;6;4;4;5;7;6;8;7;6;7;4;1;5;3;480;85000;0;6;5;1;7;7;5;8;7;1;2;5;5;7;1;5;4;4;2;1;2;1;2;3;7;1;6;4
"1-5-0 (2020-11-16)";"doi.org/10.14281/18241.1";2018;410;"KOR";732;"ROK";410070218;20180104;201712;201801;17.18;17.54;36;1;410048;410014;7;4;3;1;218;2390;"ko";2;1;1.0;0.8032128514056225;41453.815261044176;1;2;2;2;1;3;1;1;1;1;1;2;2;2;2;2;2;1;2;1;2;1;2;1;2;2;2;2;2;3;3;3;2;1;2;1;2;1;2;3;3;2;2;2;1;3;1;3;2;2;8;5;5;4;4;4;4;4;1;2;2;2;2;3;3;3;3;3;3;3;3;4;3;3;4;4;3;3;3;4;3;3;3;3;3;3;3;3;3;3;3;3;3;8;3;1;2;0;0;0;0;0;0;0;0;0;0;0;0;8;3;7;3;3;2;8;2;2;2;2;2;2;4;8;2;2;2;2;2;2;2;2;2;3;2;4;4;4;4;4;4;4;1;2;2;2;2;2;2;3;3;3;1;1;1;1;2;3;1;2;1;5;5;5;8;8;8;3;2;2;2;2;3;3;7;8;3;1;1;3;3;5;2;3;5;5;7;7;8;7;3;8;3;3;3;3;2;4;8;3;3;3;3;2;5;2;5;1;2;1;2;1;2;2;2;2;2;2;2;2;2;2;2;2;1;1;-2;-2;-2;3;3;3;2;3;3;3;3;3;3;2;2;3;3;3;3;3;7;3;8;5;3;8;7;3;8;8;8;8;2;2;2;2;2;3;3;1;1982;35;3;2;1;1;1;410;410;410;1;3;1;2390;1;1;6;3;6;3;3;2;3;2;1;5;4;-5;4;2;1;2;3;5;2;0;100000020;410004;1;1;1;0.8033333333333333;0.72;0.5107407407407407;0.5214814814814814;1.0;0.33;0.33;0.5533333333333333;0.66;1.0;1.0;0.8866666666666667;1.0;1.0;1.0;1.0;0.66;1.0;0.66;0.7733333333333334;1.0;1.0;1.0;1.0;0.25;0.33;0.66;0.41333333333333333;0.4444444444444444;0.6666666666666666;0.7777777777777778;0.6296296296296297;0.0;0.0;0.0;0.0;1.0;1.0;1.0;1.0;1.0;1.0;1.0;1.0;1.0;1.0;1.0;1.0;0;0;0;1;0;5;5;5;5;5;3;5;5;5;7;7;5;7;8;5;4;2;2;3;350;20000;5000;5;5;1;5;5;7;7;7;1;1;2;2;3;3;3;2;1;2;2;2;4;2;3;3;5;2;4
"1-5-0 (2020-11-16)";"doi.org/10.14281/18241.1";2018;410;"KOR";732;"ROK";410070219;20180104;201712;201801;17.2;17.41;21;1;410041;410007;8;5;2;1;219;2390;"ko";3;1;1.0;0.8032128514056225;41453.815261044176;1;1;1;2;1;1;2;1;1;1;1;2;2;1;2;2;2;1;2;1;2;1;2;2;2;2;2;2;3;2;3;2;2;1;2;1;2;1;3;3;2;2;2;2;2;3;1;2;2;2;5;7;6;4;4;4;4;4;2;2;2;3;3;4;4;4;3;3;3;4;3;2;3;3;2;2;3;3;3;3;3;2;2;2;3;3;3;2;3;3;2;2;2;5;1;2;1;1;0;0;0;0;0;0;0;0;0;0;0;5;4;5;6;5;1;5;3;3;2;3;2;2;2;6;2;1;0;1;1;0;1;1;1;2;2;4;3;4;4;4;4;4;1;1;2;2;2;2;2;3;2;3;1;2;1;2;3;2;3;2;3;5;6;5;5;4;6;7;1;1;1;1;2;2;2;3;1;1;1;5;4;5;4;5;6;5;6;5;6;4;5;6;5;6;5;6;6;5;5;2;2;3;2;2;5;1;3;2;2;2;1;2;2;2;2;2;2;2;2;2;2;2;2;2;2;2;-2;-2;-2;2;3;3;3;2;2;3;3;3;3;2;2;3;3;3;2;5;5;4;6;5;5;5;5;4;5;6;5;5;2;2;1;1;1;2;3;1;1993;24;1;1;1;1;1;410;410;410;1;4;1;2390;6;0;3;2;-3;-3;3;2;3;2;2;-3;5;-3;5;2;2;3;3;5;2;1;10100000;410004;4;2;2;0.4980555555555556;0.22111111111111115;0.6187037037037038;0.4474074074074074;0.5;0.33;0.33;0.3866666666666667;0.0;0.0;0.16666666666666666;0.05555555555555555;1.0;1.0;1.0;1.0;0.66;0.33;0.66;0.5499999999999999;1.0;1.0;1.0;1.0;0.25;0.66;0.33;0.4133333333333334;0.4444444444444444;0.4444444444444444;0.5555555555555556;0.48148148148148145;0.66;0.5;0.5800000000000001;0.5800000000000001;1.0;1.0;1.0;1.0;1.0;1.0;1.0;1.0;1.0;1.0;1.0;1.0;1;1;0;1;1;8;5;7;6;5;6;6;5;6;5;6;6;3;4;5;6;2;2;3;400;25000;3000;7;4;1;6;5;6;5;4;1;2;4;3;5;4;3;3;3;2;7;3;3;2;2;7;5;5;-3
"1-5-0 (2020-11-16)";"doi.org/10.14281/18241.1";2018;410;"KOR";732;"ROK";410070220;20180104;201712;201801;17.23;17.44;21;1;410047;410013;7;4;3;1;220;2390;"ko";3;1;1.0;0.8032128514056225;41453.815261044176;1;1;2;3;1;4;1;2;1;1;2;2;1;1;2;2;2;1;2;1;2;1;2;2;2;2;1;1;3;3;3;3;3;3;3;3;2;1;4;2;2;2;3;2;2;1;2;2;2;2;8;8;8;4;4;4;4;4;1;1;1;1;2;2;2;2;2;1;3;3;3;3;3;3;3;3;2;2;3;3;2;3;3;2;3;3;3;3;3;2;2;2;2;5;3;1;1;0;0;1;0;0;0;0;0;0;0;0;0;6;6;6;6;6;1;2;3;3;2;3;3;1;2;4;3;0;2;0;1;0;0;1;0;2;3;4;4;4;4;4;2;4;1;1;2;2;2;2;2;2;3;4;2;1;1;3;4;2;1;2;1;4;4;7;5;6;5;5;2;1;2;2;3;3;6;8;3;2;2;7;3;4;2;2;2;2;1;2;4;4;2;1;1;1;1;1;1;1;1;3;3;3;2;2;5;1;5;5;5;5;5;5;3;3;3;3;3;3;3;2;3;3;3;3;1;1;5;5;5;2;3;3;3;3;2;2;3;2;2;1;3;2;3;2;2;6;7;7;8;8;5;6;7;4;6;8;7;6;3;2;2;3;1;3;3;1;1951;66;6;3;1;1;1;410;410;410;1;2;1;2390;1;4;2;1;2;1;0;1;1;1;4;4;-3;-5;10;-3;1;2;2;2;1;0;100000020;410004;3;2;1;0.6652777777777777;0.6105555555555556;0.48879629629629634;0.395925925925926;0.5;0.33;0.0;0.27666666666666667;1.0;1.0;0.8333333333333334;0.9444444444444445;1.0;1.0;1.0;1.0;0.0;0.66;0.66;0.44;0.0;0.0;1.0;0.3333333333333333;0.5;0.66;0.66;0.6066666666666668;0.1111111111111111;0.1111111111111111;0.3333333333333333;0.1851851851851852;0.66;1.0;0.8300000000000001;0.8300000000000001;1.0;1.0;1.0;1.0;1.0;1.0;1.0;1.0;1.0;1.0;1.0;1.0;1;1;0;1;0;8;3;5;2;2;3;2;3;4;3;3;8;4;4;5;4;-3;-3;2;70;52500;0;-3;6;1;-3;-3;-3;10;7;2;1;3;3;2;3;2;2;2;3;2;3;3;3;3;3;5;3;4
"1-5-0 (2020-11-16)";"doi.org/10.14281/18241.1";2018;410;"KOR";732;"ROK";410070221;20180104;201712;201801;17.54;18.33;38;1;410041;410007;8;5;2;1;221;2390;"ko";1;1;1.0;0.8032128514056225;41453.815261044176;2;2;3;2;2;2;2;2;1;1;2;1;1;1;2;2;2;1;2;1;2;1;2;2;2;2;2;2;1;2;2;2;2;1;3;3;2;1;2;2;3;2;2;2;2;1;1;2;2;2;8;8;7;4;4;4;4;4;1;2;1;2;2;3;3;3;2;3;2;3;2;2;1;2;2;2;3;2;2;2;1;2;2;2;1;1;2;2;2;2;3;2;2;8;3;1;2;0;1;0;0;0;0;0;0;0;0;0;0;6;7;4;3;7;2;7;2;3;2;2;3;2;2;7;3;1;1;2;1;1;2;1;1;3;2;2;2;3;3;2;2;2;2;2;2;3;3;2;2;2;2;2;1;1;1;3;1;1;3;3;2;8;7;7;8;8;8;8;1;1;1;1;2;2;1;5;2;2;2;8;2;1;2;2;2;2;1;2;2;2;2;2;2;2;2;4;3;2;8;3;4;4;3;2;3;1;4;1;1;1;2;4;2;2;3;3;2;2;3;2;2;2;3;3;1;1;410008;410008;410008;2;2;3;3;2;2;2;3;2;2;2;2;2;3;2;2;7;8;5;7;7;5;8;5;5;7;7;7;7;2;2;1;2;1;3;3;1;1993;24;1;1;1;1;1;410;410;410;1;5;2;2390;6;0;6;3;-3;-3;3;2;6;3;2;-3;5;-3;4;2;2;3;3;4;2;0;100000020;410004;3;1;1;0.45666666666666667;0.41500000000000004;0.28444444444444444;0.15222222222222223;0.5;0.33;0.33;0.3866666666666667;0.33;1.0;0.0;0.44333333333333336;0.0;1.0;1.0;0.6666666666666666;0.66;0.33;0.0;0.33;0.0;0.0;1.0;0.3333333333333333;0.25;0.0;0.33;0.19333333333333336;0.1111111111111111;0.1111111111111111;0.1111111111111111;0.1111111111111111;0.0;1.0;0.5;0.5;1.0;1.0;1.0;1.0;1.0;1.0;1.0;1.0;1.0;1.0;1.0;1.0;1;0;0;1;1;8;7;8;8;8;8;7;8;7;8;8;7;7;7;8;7;2;1;3;700;35000;60000;9;6;2;9;9;9;8;8;1;3;3;5;6;3;9;5;6;2;3;3;2;1;2;6;1;9;-3
"1-5-0 (2020-11-16)";"doi.org/10.14281/18241.1";2018;410;"KOR";732;"ROK";410070222;20180104;201712;201801;17.55;18.43;48;1;410048;410014;7;4;3;1;222;2390;"ko";2;1;1.0;0.8032128514056225;41453.815261044176;1;1;2;2;2;2;1;1;1;1;1;2;2;2;2;2;2;1;1;1;1;1;2;2;2;2;2;1;3;3;3;3;4;2;2;1;4;2;3;2;2;2;2;2;1;3;1;3;2;2;8;8;8;4;4;4;4;4;1;2;2;2;2;3;2;3;2;2;2;2;2;2;2;2;3;3;2;2;2;3;3;2;2;2;2;2;2;2;2;2;2;2;2;8;3;1;2;0;0;0;0;0;0;0;0;0;0;0;0;8;3;3;3;3;1;7;2;2;2;2;2;2;4;8;3;2;2;2;2;2;2;1;1;2;2;4;4;4;4;4;4;4;1;2;2;3;3;2;2;3;3;3;1;1;1;1;2;1;3;1;2;8;8;4;3;3;8;8;1;1;1;1;3;3;1;2;1;1;1;8;3;3;2;3;2;2;2;3;5;5;3;5;3;3;3;3;2;3;5;2;3;4;2;2;2;1;2;1;2;1;2;2;2;2;2;2;2;2;2;2;2;2;2;2;1;1;410002;410002;410002;2;2;1;3;3;3;3;3;3;3;2;3;3;4;4;4;3;8;7;9;8;3;8;8;3;8;8;8;8;2;2;2;2;2;3;3;1;1972;45;4;2;1;1;1;410;410;410;1;4;1;2390;1;2;6;3;6;3;3;2;3;2;1;1;3;3;3;2;1;1;3;6;2;2;20000000;410004;1;1;1;0.49833333333333335;0.33166666666666667;0.4873148148148148;0.4746296296296296;1.0;0.33;0.33;0.5533333333333333;0.33;0.0;0.0;0.11;1.0;1.0;1.0;1.0;0.33;0.33;0.33;0.33;1.0;1.0;1.0;1.0;0.75;0.66;0.66;0.6900000000000001;0.1111111111111111;0.2222222222222222;0.4444444444444444;0.25925925925925924;0.0;0.0;0.0;0.0;1.0;1.0;1.0;1.0;1.0;1.0;1.0;1.0;1.0;1.0;1.0;1.0;0;0;0;0;1;8;6;7;8;6;5;7;7;7;5;7;8;3;5;7;5;1;2;3;500;30000;3000;8;5;1;8;8;8;8;3;1;1;1;5;7;2;3;2;5;2;1;2;3;2;3;9;2;2;4
"1-5-0 (2020-11-16)";"doi.org/10.14281/18241.1";2018;410;"KOR";732;"ROK";410070223;20180104;201712;201801;18.18;19.21;63;1;410048;410014;7;4;3;1;223;2390;"ko";3;1;1.0;0.8032128514056225;41453.815261044176;1;2;2;2;1;2;1;2;1;1;2;1;2;1;2;2;2;1;2;1;2;2;2;2;2;2;1;2;2;2;2;3;2;1;1;1;4;2;4;2;2;1;2;2;2;2;2;3;3;3;5;5;5;4;4;4;4;4;3;1;1;2;2;3;3;3;2;3;2;2;3;2;2;2;3;3;2;2;2;3;2;2;2;2;2;2;2;2;2;2;2;2;2;7;3;3;2;0;0;0;0;0;0;0;0;0;2;0;0;7;4;3;4;8;1;4;2;2;2;2;2;1;4;6;3;2;0;2;2;2;2;1;2;3;2;4;3;4;4;4;3;4;1;1;2;1;2;2;2;2;2;2;1;2;2;1;2;1;3;1;2;6;6;5;6;5;8;5;2;2;2;2;3;4;7;8;3;1;1;6;1;1;1;1;1;5;3;8;8;5;2;8;1;1;1;4;1;1;5;2;4;4;3;2;4;1;2;2;5;5;5;1;2;2;2;2;2;2;2;2;2;2;2;2;1;1;410001;410001;410001;1;3;2;3;2;2;3;4;3;2;1;2;2;2;2;2;6;8;1;7;5;8;8;8;7;8;8;8;8;2;3;1;1;1;3;3;1;1952;65;6;3;1;1;1;410;410;410;1;2;1;2390;1;2;1;1;1;1;0;1;0;1;1;1;4;4;9;2;1;3;5;2;1;0;100000020;410004;1;1;1;0.4425;0.665;0.3258333333333333;0.485;1.0;0.66;0.0;0.5533333333333333;0.33;1.0;1.0;0.7766666666666667;0.0;0.0;0.0;0.0;0.66;0.33;0.33;0.44;0.0;0.0;1.0;0.3333333333333333;0.25;0.33;0.33;0.3033333333333334;0.4444444444444444;0.7777777777777778;0.7777777777777778;0.6666666666666666;0.0;0.0;0.0;0.0;1.0;1.0;1.0;1.0;1.0;1.0;1.0;1.0;1.0;1.0;1.0;1.0;0;0;0;0;1;4;5;5;5;3;5;3;2;5;4;3;6;3;5;5;5;4;1;5;100;5000;0;5;2;1;6;6;6;5;5;2;1;5;5;5;5;5;5;5;3;2;2;2;2;3;8;7;6;4
"1-5-0 (2020-11-16)";"doi.org/10.14281/18241.1";2018;410;"KOR";732;"ROK";410070224;20180104;201712;201801;18.22;18.43;21;1;410041;410007;8;5;2;1;224;2390;"ko";3;1;1.0;0.8032128514056225;41453.815261044176;1;1;2;2;1;2;1;2;1;1;1;2;2;2;1;2;2;1;2;1;1;1;2;1;2;2;1;2;2;2;3;3;3;3;2;1;2;1;2;3;2;1;3;2;2;2;2;2;2;1;7;8;7;4;4;4;4;4;1;1;1;2;1;3;2;3;2;3;2;2;2;3;2;3;2;3;2;2;2;3;2;2;2;2;3;3;2;2;2;3;2;2;2;8;3;2;2;1;0;0;0;0;0;0;0;0;0;0;0;7;4;5;3;3;2;6;3;3;3;2;2;2;2;6;4;2;2;2;2;2;0;0;0;3;2;3;1;3;4;3;2;3;1;2;2;1;2;2;2;2;4;3;1;2;2;3;1;1;4;4;1;8;7;5;5;4;7;6;1;1;1;1;2;2;2;3;2;1;1;2;2;3;1;2;1;3;2;3;3;4;1;3;2;1;3;4;3;4;4;2;2;2;3;2;4;2;3;1;1;1;2;1;1;2;1;3;2;3;2;3;1;2;3;3;1;1;410002;410002;410002;2;2;2;3;2;2;3;3;2;2;2;2;2;3;2;3;4;6;5;7;8;5;7;7;5;6;8;6;8;2;1;2;2;1;3;4;2;1989;28;2;1;1;1;1;410;410;410;1;4;2;2390;6;0;5;3;-3;-3;3;2;3;2;1;-3;3;-3;4;2;2;1;3;6;2;2;20000000;410004;2;2;-1;0.4705555555555555;0.3327777777777778;0.4851388888888889;0.30444444444444446;0.5;0.0;0.0;0.16666666666666666;0.33;1.0;0.16666666666666666;0.49888888888888894;1.0;1.0;0.0;0.6666666666666666;0.66;0.66;0.33;0.5499999999999999;0.0;1.0;1.0;0.6666666666666666;0.5;0.33;0.33;0.3866666666666667;0.2222222222222222;0.2222222222222222;0.2222222222222222;0.2222222222222222;0.33;1.0;0.665;0.665;1.0;1.0;1.0;1.0;1.0;1.0;1.0;1.0;1.0;1.0;1.0;1.0;1;0;1;0;0;7;7;7;8;3;4;3;3;2;3;4;7;3;8;7;7;1;4;2;600;83000;5000;7;6;1;8;8;7;8;8;1;3;5;2;7;3;6;5;3;2;1;2;3;2;2;7;2;6;-3
"1-5-0 (2020-11-16)";"doi.org/10.14281/18241.1";2018;410;"KOR";732;"ROK";410070225;20180104;201712;201801;18.24;19.22;59;1;410011;410001;8;5;1;1;225;2390;"ko";1;1;1.0;0.8032128514056225;41453.815261044176;1;1;1;1;1;2;1;2;1;1;2;2;2;2;1;2;1;1;2;1;2;2;2;1;2;2;1;2;3;3;3;3;3;3;2;1;4;2;4;3;2;2;2;3;3;3;2;3;2;1;8;7;6;4;4;4;4;4;1;2;1;1;2;3;3;3;2;2;2;2;3;2;1;2;3;4;2;2;2;2;2;2;1;1;1;1;1;2;1;1;2;2;2;6;3;2;2;2;0;0;0;0;0;0;0;0;0;0;1;7;6;4;4;4;1;3;2;2;2;2;2;2;3;5;4;2;2;1;1;1;1;1;1;2;3;3;3;4;4;4;4;2;1;1;2;2;2;2;2;2;3;3;1;2;1;2;3;2;1;1;2;8;9;8;7;3;8;7;1;1;1;1;2;2;2;1;1;1;1;7;3;2;1;1;3;1;1;3;5;4;1;5;1;1;1;1;1;3;6;4;4;4;3;2;5;1;1;1;5;1;3;1;2;2;2;2;3;2;2;2;2;2;2;2;2;1;410002;410002;410002;2;4;3;4;3;3;4;4;1;1;1;1;2;3;2;3;3;8;8;8;9;6;8;8;7;6;9;8;7;2;3;1;1;1;2;2;2;1990;27;2;1;1;1;1;410;410;410;1;4;2;2390;6;0;6;3;-3;-3;3;2;3;2;3;-3;4;-3;6;2;1;3;3;4;2;2;20000000;410004;3;2;-2;0.40138888888888885;0.35944444444444446;0.35222222222222227;0.4144444444444445;1.0;0.66;0.0;0.5533333333333333;0.33;0.0;0.16666666666666666;0.16555555555555557;1.0;0.0;1.0;0.6666666666666666;0.33;0.33;0.0;0.22;0.0;0.0;0.0;0.0;0.5;0.66;0.66;0.6066666666666668;0.0;0.2222222222222222;0.4444444444444444;0.2222222222222222;0.66;0.5;0.5800000000000001;0.5800000000000001;1.0;1.0;1.0;1.0;1.0;1.0;1.0;1.0;1.0;1.0;1.0;1.0;1;1;0;0;1;7;5;5;6;3;6;4;4;3;3;3;8;2;8;8;5;4;2;3;400;25000;3000;7;4;2;8;8;6;8;4;1;1;3;4;6;1;2;3;3;1;1;2;4;1;3;6;1;4;-3
"1-5-0 (2020-11-16)";"doi.org/10.14281/18241.1";2018;410;"KOR";732;"ROK";410070226;20180104;201712;201801;18.24;18.48;25;1;410041;410007;8;5;2;1;226;2390;"ko";3;1;1.0;0.8032128514056225;41453.815261044176;1;2;2;2;3;3;2;1;2;1;2;1;2;1;2;1;2;1;1;1;1;1;2;1;2;1;3;3;3;3;2;3;3;3;3;3;4;2;3;2;3;1;2;4;2;2;3;2;2;2;8;6;3;4;4;4;4;4;1;2;2;2;2;3;3;3;3;3;3;3;3;3;3;2;3;4;2;2;2;3;3;2;3;2;3;3;2;3;3;2;3;2;3;4;3;1;2;0;2;0;0;0;0;0;0;0;1;0;0;4;7;4;5;8;1;8;2;2;2;2;2;2;3;7;3;2;1;2;0;0;0;1;1;2;2;3;3;3;3;3;3;3;2;2;2;3;3;2;2;3;2;3;1;1;2;2;4;1;3;1;4;7;4;4;5;7;7;3;2;2;2;2;3;3;7;8;3;2;2;7;4;3;3;3;2;3;3;4;5;5;4;3;2;2;3;3;4;5;6;3;3;2;3;2;5;1;3;1;5;1;5;1;2;3;2;3;2;1;3;2;2;3;3;3;1;1;410001;410001;410001;2;2;2;3;3;3;2;2;3;2;2;2;2;3;2;3;7;7;3;7;5;4;8;6;5;8;9;5;5;2;2;2;2;3;3;3;2;1960;57;5;3;1;1;1;410;410;410;1;4;1;2390;1;2;3;2;3;2;0;1;0;1;5;1;-3;4;9;-3;2;2;3;5;2;0;100000020;410004;0;1;2;0.7608333333333335;0.6916666666666668;0.4016666666666667;0.4700000000000001;0.5;0.33;0.66;0.49666666666666676;0.66;1.0;1.0;0.8866666666666667;1.0;1.0;1.0;1.0;0.66;0.66;0.66;0.66;1.0;0.0;1.0;0.6666666666666666;0.5;0.66;0.66;0.6066666666666668;0.2222222222222222;0.3333333333333333;0.4444444444444444;0.3333333333333333;0.0;0.0;0.0;0.0;1.0;1.0;1.0;1.0;1.0;1.0;1.0;1.0;1.0;1.0;1.0;1.0;0;0;0;0;0;6;3;3;3;2;3;4;3;4;3;3;6;4;5;6;4;-3;-3;3;600;40000;5000;-3;3;1;-3;-3;-3;7;4;1;1;2;4;5;6;3;2;2;3;2;2;2;2;3;3;6;3;4
"1-5-0 (2020-11-16)";"doi.org/10.14281/18241.1";2018;410;"KOR";732;"ROK";410070227;20180104;201712;201801;18.44;19.04;20;1;410048;410014;7;4;3;1;227;2390;"ko";2;1;1.0;0.8032128514056225;41453.815261044176;1;2;2;2;2;3;1;1;1;1;1;2;2;2;2;2;2;1;2;1;2;1;2;1;2;2;2;2;3;3;2;3;2;1;2;1;2;1;4;2;2;2;2;2;1;3;1;3;2;2;5;5;7;4;4;4;4;4;1;1;2;2;2;2;2;2;3;3;3;3;3;4;3;3;4;4;3;3;3;4;3;2;2;2;2;2;2;2;2;2;2;2;2;8;3;1;2;0;0;0;0;0;0;0;0;0;0;0;0;7;3;5;3;2;2;8;3;3;2;2;2;2;4;9;3;2;2;2;2;1;2;1;1;3;3;4;4;4;4;4;4;4;2;2;2;3;3;2;2;2;2;2;1;1;1;2;1;1;2;2;1;8;8;4;3;3;8;5;1;1;1;1;3;3;4;5;1;1;1;8;3;3;3;3;3;3;7;7;8;5;3;5;2;3;3;3;2;3;5;2;3;4;2;2;1;1;1;1;5;2;5;1;2;2;2;2;2;2;2;2;2;2;2;2;1;1;410001;410001;410001;3;4;2;3;3;3;3;3;3;3;2;2;4;4;4;4;8;3;3;9;3;3;9;8;3;9;8;9;8;2;2;1;2;2;3;3;1;1958;59;5;3;1;1;1;410;410;410;1;4;1;2390;1;2;3;2;3;2;1;1;1;1;1;1;5;5;9;2;1;2;3;6;2;7;70000000;410004;2;2;1;0.6783333333333333;0.47000000000000003;0.5609722222222222;0.5394444444444444;1.0;0.33;0.33;0.5533333333333333;0.66;0.0;0.5;0.3866666666666667;1.0;1.0;1.0;1.0;0.66;1.0;0.66;0.7733333333333334;1.0;1.0;1.0;1.0;0.25;0.66;0.66;0.5233333333333333;0.2222222222222222;0.6666666666666666;0.7777777777777778;0.5555555555555555;0.33;0.0;0.165;0.165;1.0;1.0;1.0;1.0;1.0;1.0;1.0;1.0;1.0;1.0;1.0;1.0;0;0;1;1;0;5;5;5;5;5;3;3;3;5;4;3;5;3;5;8;5;4;2;3;500;40000;0;5;6;1;7;7;8;8;5;1;1;5;5;3;7;5;3;2;2;2;2;4;2;4;3;7;5;4
"1-5-0 (2020-11-16)";"doi.org/10.14281/18241.1";2018;410;"KOR";732;"ROK";410070228;20180104;201712;201801;19.02;19.51;49;1;410041;410007;8;5;2;1;228;2390;"ko";2;1;1.0;0.8032128514056225;41453.815261044176;1;1;1;1;2;2;2;1;2;1;2;2;1;1;1;2;2;1;2;1;2;1;2;2;2;2;2;3;2;3;3;3;3;3;4;2;3;3;4;3;3;3;3;3;2;2;2;1;2;2;7;7;5;4;4;4;4;4;1;1;2;2;3;2;3;3;2;2;2;3;2;2;2;1;2;2;2;3;2;1;2;2;2;2;3;3;2;2;1;2;2;2;2;7;1;2;1;1;2;2;2;2;2;2;2;2;2;2;2;6;5;6;7;6;1;8;2;2;2;3;2;2;2;7;4;2;2;2;2;1;1;1;1;2;2;3;3;2;3;3;3;3;1;2;2;3;3;2;2;2;3;2;1;1;1;3;4;2;3;2;3;8;8;7;8;7;6;8;1;1;1;1;2;4;2;2;2;2;2;8;2;3;2;2;4;4;3;3;2;8;1;8;1;1;1;3;2;3;3;2;4;3;3;2;5;1;5;1;2;1;1;2;1;2;1;2;2;3;2;2;2;1;2;2;1;1;410002;410002;410002;1;2;2;2;1;2;2;2;1;2;2;2;2;1;2;2;5;6;3;6;5;4;7;7;5;6;7;7;7;2;2;1;1;1;2;2;2;1971;46;4;2;1;1;1;410;410;410;1;1;1;2390;6;0;5;3;-3;-3;1;1;2;1;1;-3;3;-3;9;2;1;2;3;3;1;2;20000000;410004;4;2;1;0.5122222222222222;0.35944444444444446;0.553888888888889;0.35944444444444446;0.0;0.33;0.33;0.22;0.33;1.0;0.16666666666666666;0.49888888888888894;1.0;1.0;1.0;1.0;0.33;0.33;0.33;0.33;1.0;0.0;1.0;0.6666666666666666;0.5;0.33;0.66;0.49666666666666676;0.3333333333333333;0.2222222222222222;0.1111111111111111;0.2222222222222222;0.66;1.0;0.8300000000000001;0.8300000000000001;1.0;1.0;1.0;1.0;1.0;1.0;1.0;1.0;1.0;1.0;1.0;1.0;1;1;0;1;1;7;7;6;6;6;7;7;6;7;7;6;7;7;7;7;8;1;3;3;200;12000;3000;6;4;2;7;7;7;8;7;1;3;5;3;8;5;5;6;5;2;1;3;2;2;2;8;5;5;-3
"1-5-0 (2020-11-16)";"doi.org/10.14281/18241.1";2018;410;"KOR";732;"ROK";410070229;20180104;201712;201801;19.2;19.51;31;1;410041;410007;8;5;2;1;229;2390;"ko";2;1;1.0;0.8032128514056225;41453.815261044176;2;2;2;3;3;3;1;1;2;1;2;1;2;1;2;2;2;1;2;1;2;1;2;1;2;2;3;3;3;3;2;2;4;2;3;3;4;2;4;4;3;2;3;4;2;2;2;2;2;2;7;5;3;4;4;4;4;4;3;1;2;2;2;2;3;2;2;3;3;3;3;2;2;2;3;3;2;2;2;3;2;2;2;3;3;3;2;2;3;2;2;2;3;7;2;1;2;0;0;0;0;0;0;0;0;0;0;0;0;7;8;7;4;8;2;8;3;3;3;2;2;2;3;7;2;2;2;2;1;1;2;1;1;3;3;3;3;2;3;3;3;3;2;2;2;2;3;2;2;3;3;3;1;1;1;2;1;3;1;1;2;7;8;3;4;6;7;3;2;2;2;2;3;3;7;8;3;2;2;5;3;4;3;4;3;5;5;7;7;7;4;3;3;5;4;3;4;6;8;2;2;2;3;2;5;2;5;1;3;1;1;1;2;3;2;3;2;2;2;2;2;2;2;3;4;4;-2;-2;-2;2;3;2;3;3;2;2;3;3;2;1;2;2;3;2;3;3;8;3;8;7;5;8;7;6;8;9;7;7;2;2;2;2;2;3;3;1;1999;18;1;1;1;1;1;410;410;410;1;4;2;2390;6;0;2;1;-3;-3;6;3;6;3;6;-3;-3;-3;3;-3;2;2;2;5;2;0;100000020;410004;1;1;2;0.7058333333333334;0.6916666666666668;0.48731481481481476;0.6412962962962963;0.5;0.33;0.66;0.49666666666666676;0.66;1.0;1.0;0.8866666666666667;1.0;1.0;1.0;1.0;0.66;0.33;0.33;0.44;1.0;0.0;1.0;0.6666666666666666;0.75;0.66;0.66;0.6900000000000001;0.4444444444444444;0.6666666666666666;0.6666666666666666;0.5925925925925926;0.0;0.0;0.0;0.0;1.0;1.0;1.0;1.0;1.0;1.0;1.0;1.0;1.0;1.0;1.0;1.0;0;0;0;0;1;5;3;3;5;3;2;3;3;5;3;3;5;3;7;5;3;-3;-3;2;400;65000;0;-3;7;1;-3;-3;-3;7;3;1;2;3;3;7;2;2;3;3;2;8;3;3;2;3;7;2;2;-3
"1-5-0 (2020-11-16)";"doi.org/10.14281/18241.1";2018;410;"KOR";732;"ROK";410070230;20180104;201712;201801;19.24;19.52;29;1;410027;410003;8;5;2;1;230;2390;"ko";2;1;1.0;0.8032128514056225;41453.815261044176;1;1;1;1;1;1;1;2;1;1;2;2;1;2;2;1;2;2;2;2;1;1;2;2;2;1;3;2;3;1;2;2;2;1;3;3;3;3;3;3;3;3;4;3;2;1;1;1;2;2;8;8;8;4;4;4;4;4;1;2;1;1;1;2;3;3;2;1;2;1;1;1;1;1;1;1;1;1;1;1;1;1;1;1;1;1;1;2;2;2;2;2;2;6;2;2;1;1;0;0;0;0;0;0;0;0;0;0;0;8;8;7;7;6;1;7;1;1;1;1;1;1;3;5;3;2;2;2;2;2;2;2;2;2;3;2;3;1;2;2;2;3;1;1;1;2;2;2;2;2;2;2;1;1;2;1;2;2;4;1;3;7;7;7;8;7;7;7;1;1;1;1;3;3;7;8;3;2;2;6;6;7;6;6;7;6;6;6;6;6;6;5;6;6;7;6;6;6;6;3;3;3;3;3;5;1;5;1;3;2;5;1;3;3;3;3;3;3;3;3;3;3;3;3;1;1;-2;-2;-2;2;2;2;3;2;2;2;3;2;2;2;3;3;3;3;3;6;6;6;7;6;6;6;6;7;6;6;5;5;2;2;2;1;2;2;2;2;1956;61;5;3;1;1;1;410;410;410;1;4;1;2390;1;2;1;1;1;1;0;1;0;1;5;4;-3;-5;9;-3;2;2;5;2;1;0;100000020;410004;3;3;0;0.49916666666666665;0.4983333333333333;0.4230555555555556;0.42944444444444446;0.0;0.33;0.66;0.33;0.0;1.0;1.0;0.6666666666666666;1.0;1.0;1.0;1.0;0.0;0.0;0.0;0.0;0.0;0.0;1.0;0.3333333333333333;0.25;0.66;0.0;0.30333333333333334;0.5555555555555556;0.5555555555555556;0.5555555555555556;0.5555555555555556;1.0;0.0;0.5;0.5;1.0;1.0;1.0;1.0;1.0;1.0;1.0;1.0;1.0;1.0;1.0;1.0;0;1;1;0;1;8;6;6;6;7;5;6;6;6;6;7;7;6;6;6;6;-3;-3;5;80;20000;0;8;2;1;8;8;8;8;5;1;1;2;3;1;1;1;2;3;2;1;3;3;3;3;5;4;6;1
"1-5-0 (2020-11-16)";"doi.org/10.14281/18241.1";2018;410;"KOR";732;"ROK";410070231;20180104;201712;201801;19.28;19.48;20;1;410028;410004;8;5;2;1;231;2390;"ko";3;1;1.0;0.8032128514056225;41453.815261044176;1;1;1;2;1;1;1;1;2;1;1;1;2;2;2;2;2;1;1;1;1;1;2;2;2;1;3;3;2;3;3;2;3;3;3;3;3;3;3;2;3;3;3;2;2;1;3;2;2;2;6;6;5;4;4;4;4;4;1;2;1;2;3;4;3;3;3;3;2;3;4;3;3;2;2;3;3;2;3;3;2;2;3;3;3;3;2;3;3;2;3;2;3;6;2;2;1;0;0;0;0;0;0;0;0;0;0;0;0;6;3;6;5;6;1;5;3;2;3;3;3;1;1;6;2;0;1;0;0;1;0;2;2;3;2;4;3;3;4;4;4;4;1;1;2;2;3;2;2;3;2;3;2;1;1;2;3;2;1;3;2;6;5;7;5;7;6;4;2;2;2;2;3;3;7;8;3;2;2;5;2;2;3;3;3;4;3;3;3;3;4;4;4;4;3;4;4;4;5;2;2;2;2;2;5;1;3;3;2;1;3;2;2;2;2;2;2;2;2;2;2;2;2;2;1;1;410002;410002;410002;3;2;3;3;2;3;2;3;2;2;2;2;3;3;2;2;5;6;5;6;5;5;6;5;4;6;5;5;5;2;2;1;1;1;3;3;2;1962;55;5;3;1;1;1;410;410;410;1;3;1;2390;1;1;6;3;6;3;2;1;3;2;3;3;5;7;8;2;1;2;3;6;2;0;100000020;410004;4;2;1;0.7058333333333333;0.5816666666666667;0.5839814814814815;0.377962962962963;0.5;0.33;0.66;0.49666666666666676;0.0;1.0;1.0;0.6666666666666666;1.0;1.0;1.0;1.0;0.66;0.66;0.66;0.66;1.0;1.0;1.0;1.0;0.5;0.33;0.66;0.49666666666666676;0.3333333333333333;0.2222222222222222;0.2222222222222222;0.25925925925925924;0.66;0.5;0.5800000000000001;0.5800000000000001;1.0;1.0;1.0;1.0;1.0;1.0;1.0;1.0;1.0;1.0;1.0;1.0;1;1;0;1;1;8;6;7;6;6;5;7;6;5;6;7;7;6;6;5;6;4;1;3;300;25000;2000;7;6;1;6;7;7;6;5;2;2;5;5;8;5;5;5;5;2;1;3;3;3;3;7;5;5;4
"1-5-0 (2020-11-16)";"doi.org/10.14281/18241.1";2018;410;"KOR";732;"ROK";410070232;20180104;201712;201801;19.3;20.12;42;1;410041;410007;8;5;2;1;232;2390;"ko";3;1;1.0;0.8032128514056225;41453.815261044176;1;2;2;1;1;3;1;1;1;1;1;2;2;2;2;2;2;1;2;1;2;1;2;1;2;2;2;2;1;2;1;3;2;1;2;1;3;3;2;2;2;1;2;2;2;3;1;2;2;1;7;6;4;4;4;4;4;4;1;1;2;1;2;3;3;4;2;3;2;2;3;3;2;2;2;3;2;2;3;2;2;2;2;3;3;3;2;3;2;3;3;2;2;8;3;1;2;0;0;0;0;0;0;0;0;0;0;0;0;8;7;4;4;5;2;7;3;2;3;3;2;2;2;6;3;2;2;0;2;2;2;0;2;3;2;3;1;3;3;4;1;3;1;1;2;1;2;2;2;2;4;4;2;2;1;2;3;1;3;1;2;8;7;8;8;7;8;2;2;2;2;2;3;3;7;8;3;1;1;2;1;3;2;2;3;2;2;3;3;3;1;1;1;1;3;2;3;3;2;2;2;2;2;1;3;1;2;1;2;1;3;1;1;2;1;3;2;3;3;3;1;2;3;2;1;1;410002;410002;410002;2;2;2;3;3;2;2;3;2;2;2;2;2;4;2;4;4;8;2;8;8;8;8;8;7;8;8;7;8;2;1;1;1;1;3;4;1;1973;44;3;2;1;1;1;410;410;410;1;4;1;2390;1;2;5;3;5;3;3;2;3;2;1;5;3;-5;7;2;1;1;3;5;2;0;100000020;410004;2;1;1;0.6783333333333332;0.5816666666666667;0.4071296296296296;0.1892592592592593;0.5;0.0;0.33;0.27666666666666667;0.66;1.0;1.0;0.8866666666666667;1.0;1.0;1.0;1.0;0.66;0.66;0.33;0.5499999999999999;1.0;1.0;1.0;1.0;0.25;0.0;0.33;0.19333333333333336;0.1111111111111111;0.2222222222222222;0.2222222222222222;0.1851851851851852;0.0;0.5;0.25;0.25;1.0;1.0;1.0;1.0;1.0;1.0;1.0;1.0;1.0;1.0;1.0;1.0;1;0;0;0;1;6;8;7;7;8;7;6;7;6;6;5;7;5;8;7;8;1;5;3;400;45000;2500;5;4;1;5;5;7;6;7;1;3;5;2;8;2;5;5;2;2;1;2;3;2;3;8;2;6;4
"1-5-0 (2020-11-16)";"doi.org/10.14281/18241.1";2018;410;"KOR";732;"ROK";410070233;20180104;201712;201801;19.5;20.1;20;1;410011;410001;8;5;1;1;233;2390;"ko";2;1;1.0;0.8032128514056225;41453.815261044176;1;2;2;3;1;3;1;1;2;1;1;2;2;1;2;2;2;1;1;1;1;1;2;1;2;2;2;3;2;3;3;3;2;1;1;1;3;3;5;3;3;2;3;3;2;3;1;2;2;2;9;7;7;4;4;4;4;4;3;2;1;3;2;4;4;4;3;3;3;2;3;3;2;3;4;4;3;3;2;3;3;2;3;3;2;2;3;3;2;3;3;2;3;8;3;1;2;0;0;0;0;0;0;0;0;0;0;0;1;4;8;7;5;6;2;8;4;3;3;3;3;2;4;5;3;2;1;2;1;2;2;1;1;3;2;3;3;3;3;3;3;3;1;2;2;3;3;2;2;2;2;2;1;1;1;2;3;3;4;2;3;8;7;4;4;3;8;2;2;2;2;2;4;2;7;7;2;1;1;5;1;2;1;2;2;2;3;4;5;6;6;5;2;2;1;1;2;1;5;4;4;4;3;2;5;2;5;1;2;1;2;2;2;2;2;2;2;2;2;2;2;2;2;2;1;1;-2;-2;-2;2;4;2;3;3;3;3;3;2;2;2;1;2;3;2;4;3;7;3;8;7;2;9;7;3;8;9;6;6;3;3;2;2;2;2;2;1;1988;29;2;1;2;1;1;-2;410;410;1;4;2;2390;6;0;7;3;-3;-3;3;2;3;2;1;-3;3;-3;6;2;2;1;3;6;2;0;100000020;-5;4;2;2;0.7333333333333334;0.6916666666666668;0.5311574074074075;0.3548148148148148;0.5;0.66;0.33;0.49666666666666676;0.66;1.0;1.0;0.8866666666666667;1.0;1.0;1.0;1.0;0.66;0.66;0.33;0.5499999999999999;1.0;1.0;1.0;1.0;0.25;0.33;0.66;0.41333333333333333;0.1111111111111111;0.3333333333333333;0.4444444444444444;0.2962962962962963;0.33;0.5;0.41500000000000004;0.41500000000000004;1.0;1.0;1.0;1.0;1.0;1.0;1.0;1.0;1.0;1.0;1.0;1.0;1;0;1;1;1;8;6;5;6;4;4;3;3;4;4;5;8;3;6;7;5;1;6;3;900;65000;0;8;5;1;8;8;9;7;5;1;2;5;7;6;2;5;5;5;2;1;2;2;1;2;7;3;6;-3
"1-5-0 (2020-11-16)";"doi.org/10.14281/18241.1";2018;410;"KOR";732;"ROK";410070234;20180104;201712;201801;19.55;20.16;21;1;410027;410003;8;5;2;1;234;2390;"ko";1;1;1.0;0.8032128514056225;41453.815261044176;1;1;1;1;1;1;1;2;2;1;1;2;1;1;2;2;2;1;2;1;2;1;2;2;2;2;2;2;2;2;2;2;2;1;3;3;2;1;2;1;2;3;3;3;1;2;2;2;2;2;6;6;5;4;4;4;4;4;3;2;2;2;2;2;2;2;3;2;2;3;1;2;3;3;2;2;2;2;3;3;3;3;3;3;3;3;2;2;2;2;2;2;2;8;1;1;1;0;0;0;0;0;0;0;0;0;0;0;0;8;8;8;8;8;2;8;3;2;3;1;2;3;4;8;3;2;1;2;1;1;1;1;1;2;2;3;3;3;3;3;3;3;1;2;2;2;2;2;2;3;3;3;2;1;2;1;2;3;1;1;4;7;8;8;8;8;8;7;2;2;2;2;3;3;7;8;3;2;1;6;8;6;7;7;7;8;7;8;8;8;7;8;8;7;7;7;7;8;8;3;3;3;3;3;5;1;1;1;3;3;5;5;3;3;3;3;3;3;3;3;3;3;3;3;2;2;-2;-2;-2;3;2;3;3;3;3;3;3;3;3;3;3;2;3;3;3;7;6;8;7;7;8;8;6;7;5;6;6;7;3;2;2;1;3;3;3;2;1968;49;4;2;1;1;1;410;410;410;1;4;1;2390;1;2;3;2;3;2;1;1;1;1;1;1;3;3;9;3;2;1;3;4;2;0;100000020;410004;0;1;1;0.6233333333333333;0.5266666666666666;0.43694444444444447;0.5405555555555556;0.5;0.33;0.33;0.3866666666666667;0.0;1.0;1.0;0.6666666666666666;1.0;1.0;1.0;1.0;0.33;0.33;0.66;0.44;0.0;1.0;1.0;0.6666666666666666;0.25;0.33;0.33;0.3033333333333334;0.7777777777777778;0.7777777777777778;0.7777777777777778;0.7777777777777778;0.0;0.0;0.0;0.0;1.0;1.0;1.0;1.0;1.0;1.0;1.0;1.0;1.0;1.0;1.0;1.0;0;0;0;0;0;7;7;8;8;8;8;8;8;8;8;9;8;8;8;7;5;1;4;3;400;25000;5000;8;4;1;8;9;8;8;8;1;1;2;3;5;3;5;2;2;2;7;3;2;3;3;3;3;5;1
"1-5-0 (2020-11-16)";"doi.org/10.14281/18241.1";2018;410;"KOR";732;"ROK";410070235;20180104;201712;201801;20.27;20.57;30;1;410041;410007;8;5;2;1;235;2390;"ko";2;1;1.0;0.8032128514056225;41453.815261044176;2;2;2;2;2;3;1;1;1;1;1;2;2;2;2;2;2;1;2;1;2;1;2;1;2;2;2;2;3;3;3;2;4;2;2;1;4;2;4;2;3;2;2;3;1;3;2;3;2;2;7;5;5;4;4;4;4;4;1;1;2;2;2;3;3;3;3;3;3;2;3;3;2;2;3;3;2;2;2;3;2;2;2;2;3;3;2;2;2;3;3;2;3;7;3;2;2;0;0;0;0;0;0;0;0;0;0;0;0;7;5;5;4;7;1;6;2;2;3;3;2;3;4;8;4;2;2;2;2;1;1;2;1;3;2;3;3;3;3;3;3;3;2;2;2;2;3;2;2;3;3;3;1;1;1;2;4;1;3;3;4;8;6;3;7;6;7;3;2;2;2;2;3;3;7;8;3;2;2;7;3;3;3;3;3;4;5;6;6;5;4;6;3;3;4;3;4;4;7;2;2;2;3;3;5;2;5;1;3;1;1;1;2;3;2;3;2;2;2;2;2;2;2;2;4;4;410002;410002;410002;2;2;3;2;2;2;3;3;2;2;2;2;2;3;2;3;5;7;5;4;7;5;7;5;5;8;7;6;7;2;2;2;2;2;3;3;1;1999;18;1;1;1;1;1;410;410;410;1;4;2;2390;6;0;3;2;-3;-3;6;3;6;3;6;-3;-3;-3;4;-3;2;2;3;6;2;0;100000020;410004;1;1;1;0.7474999999999999;0.72;0.5428703703703703;0.5857407407407408;1.0;0.33;0.33;0.5533333333333333;0.66;1.0;1.0;0.8866666666666667;1.0;1.0;1.0;1.0;0.66;0.66;0.33;0.5499999999999999;1.0;1.0;1.0;1.0;0.75;0.66;0.66;0.6900000000000001;0.3333333333333333;0.5555555555555556;0.5555555555555556;0.48148148148148145;0.0;0.0;0.0;0.0;1.0;1.0;1.0;1.0;1.0;1.0;1.0;1.0;1.0;1.0;1.0;1.0;0;0;0;1;0;6;4;6;4;3;3;3;3;4;4;4;6;2;7;5;5;-3;-3;2;600;65000;0;-3;6;1;-3;-3;-3;5;2;1;1;3;4;7;3;3;3;3;2;8;3;3;2;2;7;3;3;-3
"1-5-0 (2020-11-16)";"doi.org/10.14281/18241.1";2018;410;"KOR";732;"ROK";410070236;20180104;201712;201801;20.38;21.12;34;1;410041;410007;8;5;2;1;236;2390;"ko";2;1;1.0;0.8032128514056225;41453.815261044176;2;2;2;3;2;3;2;2;2;1;1;1;1;1;2;2;2;1;2;1;2;1;2;1;2;2;2;2;3;2;2;2;2;1;2;1;2;1;3;2;2;3;3;3;2;1;2;2;2;3;6;6;6;4;4;4;4;4;1;2;2;3;2;2;3;2;2;2;1;2;3;2;2;1;2;2;2;2;2;1;2;2;1;2;2;2;2;2;2;1;2;2;2;7;3;1;1;1;0;0;0;0;0;0;0;0;0;0;1;7;7;6;5;6;2;6;2;3;2;3;3;2;4;6;3;1;2;1;0;1;1;1;1;3;2;2;3;2;2;3;2;2;1;2;2;2;2;1;1;2;3;2;1;1;1;3;4;2;1;1;2;7;6;3;7;7;7;7;1;1;1;1;2;2;2;3;2;2;2;7;2;2;1;1;1;3;2;4;5;6;1;8;1;1;3;7;2;3;7;2;4;4;2;2;5;1;5;1;1;1;1;3;2;3;2;2;2;3;2;3;2;3;2;2;1;1;410001;410001;410001;3;2;1;2;2;3;2;1;2;2;2;2;3;2;2;2;7;7;7;7;6;7;7;7;8;6;7;6;7;2;2;2;1;2;3;2;2;1950;67;6;3;1;1;1;410;410;410;1;2;1;2390;1;2;2;1;3;2;0;1;1;1;5;1;-3;6;9;-3;2;2;3;4;2;2;20000000;410004;3;2;1;0.41472222222222227;0.4977777777777778;0.5608333333333333;0.37333333333333335;0.5;0.33;0.33;0.3866666666666667;0.66;1.0;0.16666666666666666;0.6088888888888889;1.0;0.0;0.0;0.3333333333333333;0.33;0.33;0.33;0.33;0.0;1.0;1.0;0.6666666666666666;0.25;0.66;0.33;0.4133333333333334;0.2222222222222222;0.3333333333333333;0.4444444444444444;0.3333333333333333;0.66;1.0;0.8300000000000001;0.8300000000000001;1.0;1.0;1.0;1.0;1.0;1.0;1.0;1.0;1.0;1.0;1.0;1.0;1;1;0;0;1;8;8;7;7;7;8;6;5;8;7;5;6;6;3;2;6;-3;-3;3;300;35000;0;-3;5;1;-3;-3;-3;7;5;1;3;6;3;5;9;5;4;3;2;2;2;3;3;3;6;8;3;4
"1-5-0 (2020-11-16)";"doi.org/10.14281/18241.1";2018;410;"KOR";732;"ROK";410070237;20180104;201712;201801;20.48;21.27;39;1;410041;410007;8;5;2;1;237;2390;"ko";2;1;1.0;0.8032128514056225;41453.815261044176;1;2;2;2;2;3;1;2;1;1;1;2;1;2;2;2;2;1;1;1;1;1;2;1;2;1;2;1;2;3;2;3;2;1;3;3;3;3;2;3;2;1;2;3;3;2;1;2;2;2;8;6;5;4;4;4;4;4;1;1;1;2;2;4;3;3;2;3;2;2;3;2;2;2;2;3;2;2;2;3;3;2;2;3;3;3;2;2;2;2;3;2;2;6;2;2;2;0;0;0;0;0;0;0;0;0;0;0;0;6;5;7;2;5;2;7;3;3;3;3;2;3;2;7;3;2;2;0;0;0;2;2;0;3;2;3;3;3;4;4;2;3;1;2;2;2;2;2;2;2;2;3;2;2;2;2;1;3;4;1;2;8;7;5;8;3;8;2;1;2;2;2;3;4;7;8;3;2;1;2;8;2;1;1;2;3;2;1;3;4;1;2;3;1;2;2;1;3;2;2;2;2;3;2;4;1;3;1;3;1;3;1;2;2;2;2;2;2;3;3;2;2;3;3;1;1;410008;410008;410008;2;2;2;2;2;3;2;3;2;2;2;3;2;3;2;4;5;8;7;7;8;3;7;7;4;5;8;7;7;2;2;2;2;2;3;4;2;1973;44;3;2;1;1;1;410;410;410;1;4;1;2390;1;2;3;2;5;3;3;2;3;2;1;1;5;3;7;2;2;1;3;6;2;0;100000020;410004;2;2;0;0.595;0.6366666666666667;0.348287037037037;0.28074074074074074;0.5;0.33;0.33;0.3866666666666667;0.66;1.0;1.0;0.8866666666666667;1.0;0.0;1.0;0.6666666666666666;0.66;0.33;0.33;0.44;0.0;1.0;1.0;0.6666666666666666;0.25;0.33;0.66;0.41333333333333333;0.2222222222222222;0.0;0.2222222222222222;0.14814814814814814;0.33;0.0;0.165;0.165;1.0;1.0;1.0;1.0;1.0;1.0;1.0;1.0;1.0;1.0;1.0;1.0;0;0;1;0;1;7;8;7;8;3;5;4;4;5;3;4;7;2;7;7;7;2;3;2;550;70000;6000;7;6;1;6;5;6;7;8;2;1;4;2;5;2;7;5;4;3;3;3;3;2;3;5;5;7;4
"1-5-0 (2020-11-16)";"doi.org/10.14281/18241.1";2018;410;"KOR";732;"ROK";410070238;20180104;201712;201801;20.52;21.12;20;1;410041;410007;8;5;2;1;238;2390;"ko";2;2;1.0;0.8032128514056225;41453.815261044176;1;1;1;2;2;1;2;1;2;2;1;1;1;1;2;2;2;1;2;1;2;2;2;1;2;1;1;3;2;1;2;2;2;1;2;1;2;1;3;2;2;1;3;3;2;3;1;2;2;2;4;7;6;4;4;4;4;4;1;2;1;2;3;4;3;4;3;3;3;3;3;3;3;3;2;3;3;3;2;3;3;2;3;3;3;3;3;2;3;3;3;2;3;6;2;2;1;0;0;0;0;0;0;0;0;0;0;0;0;6;5;5;6;5;1;5;3;3;4;3;2;2;2;7;3;0;1;1;1;1;1;1;1;2;2;4;4;4;4;4;4;4;1;1;2;2;3;1;2;2;3;3;2;1;1;2;3;1;3;2;3;5;7;6;5;6;6;4;2;2;2;2;3;3;7;8;3;2;2;5;7;6;5;6;5;6;6;5;6;5;7;6;6;3;3;3;4;3;4;2;3;2;2;2;5;1;5;3;4;2;3;2;2;2;2;2;2;2;2;2;2;2;2;2;2;1;410002;410002;410002;3;3;3;2;2;2;3;2;3;2;2;2;3;3;2;2;5;5;6;5;6;5;5;5;6;5;6;5;5;2;2;1;1;1;2;3;1;1976;41;3;2;1;1;1;410;410;410;1;2;1;2390;1;0;6;3;6;3;3;2;2;1;1;3;3;4;4;2;2;3;3;4;2;0;100000020;410004;3;1;2;0.6508333333333334;0.4716666666666667;0.490462962962963;0.3559259259259259;0.5;0.33;0.0;0.27666666666666667;0.0;1.0;1.0;0.6666666666666666;1.0;1.0;1.0;1.0;0.66;0.66;0.66;0.66;1.0;1.0;1.0;1.0;0.25;0.33;0.0;0.19333333333333336;0.5555555555555556;0.4444444444444444;0.5555555555555556;0.5185185185185185;0.0;0.5;0.25;0.25;1.0;1.0;1.0;1.0;1.0;1.0;1.0;1.0;1.0;1.0;1.0;1.0;1;0;0;1;1;8;5;7;6;5;6;5;7;5;5;5;6;6;5;6;5;1;2;3;300;35300;1500;4;6;1;7;6;7;5;4;2;3;3;2;5;3;2;2;2;2;1;3;3;3;2;8;5;5;4
"1-5-0 (2020-11-16)";"doi.org/10.14281/18241.1";2018;410;"KOR";732;"ROK";410070239;20180104;201712;201801;9.38;10.05;27;1;410044;410010;7;4;3;1;239;2390;"ko";2;1;1.0;0.8032128514056225;41453.815261044176;1;1;1;1;1;1;1;1;1;1;1;2;2;2;2;2;2;1;2;2;2;2;2;1;2;2;2;3;1;3;3;2;1;1;2;1;2;1;2;3;2;2;3;3;2;2;1;3;2;2;8;7;3;2;4;4;3;4;2;2;1;2;1;2;2;2;2;2;3;3;2;2;2;3;3;3;2;2;2;2;2;2;2;2;2;2;2;2;2;2;2;2;2;6;3;1;2;0;0;0;0;0;0;0;0;0;0;0;0;8;4;7;2;8;1;7;2;1;2;2;2;2;3;5;4;1;2;2;1;2;2;1;2;3;2;3;2;3;3;4;4;4;2;2;2;1;1;2;2;2;2;3;1;2;1;1;2;1;3;1;2;9;7;6;5;4;8;7;1;2;2;2;3;4;4;4;2;1;1;8;5;5;2;3;2;5;2;5;8;8;3;8;2;1;1;1;1;2;8;3;4;3;2;2;2;1;4;1;3;2;3;2;2;2;2;2;2;2;2;2;2;2;2;2;1;1;8;8;8;2;3;2;3;2;1;2;2;2;3;2;3;2;4;3;2;6;8;2;8;8;2;8;3;2;8;9;8;8;2;2;2;2;1;3;2;1;1960;57;5;3;1;1;1;410;410;410;1;3;2;2390;1;2;6;3;6;3;1;1;3;2;1;1;4;4;9;2;1;2;3;3;1;0;100000020;410004;1;1;1;0.5958333333333333;0.5266666666666666;0.4438888888888889;0.3877777777777778;1.0;0.33;0.33;0.5533333333333333;0.0;1.0;0.5;0.5;1.0;1.0;1.0;1.0;0.33;0.33;0.33;0.33;1.0;1.0;1.0;1.0;0.0;0.0;0.66;0.22;0.4444444444444444;0.4444444444444444;0.7777777777777778;0.5555555555555556;0.0;0.0;0.0;0.0;1.0;1.0;1.0;1.0;1.0;1.0;1.0;1.0;1.0;1.0;1.0;1.0;0;0;0;0;1;8;5;6;4;5;6;8;3;2;5;6;8;5;7;5;5;4;1;2;250;5000;10000;5;8;1;8;5;6;8;5;1;1;3;3;3;3;3;3;3;2;3;2;2;2;2;5;3;3;4
"1-5-0 (2020-11-16)";"doi.org/10.14281/18241.1";2018;410;"KOR";732;"ROK";410070240;20180104;201712;201801;9.51;10.11;20;1;410041;410007;8;5;2;1;240;2390;"ko";2;2;1.0;0.8032128514056225;41453.815261044176;1;2;3;2;2;1;2;1;2;1;1;1;1;2;2;2;2;1;1;1;2;1;2;2;2;2;2;3;2;2;3;2;2;1;2;1;2;1;3;2;3;2;2;3;2;3;2;2;2;2;7;7;6;4;4;4;4;4;2;2;2;2;3;3;2;3;3;3;2;3;3;3;2;3;3;2;2;3;3;2;2;3;2;2;3;3;3;3;2;2;3;2;2;7;2;1;2;0;0;0;0;0;0;0;0;0;0;0;0;6;7;6;5;6;1;5;3;2;2;3;3;2;2;7;2;1;0;0;1;1;2;1;1;2;2;4;4;4;4;4;4;4;1;1;2;2;3;1;1;3;4;4;2;1;2;2;3;2;1;2;3;7;6;7;6;6;7;4;2;2;2;2;2;2;7;8;3;2;2;5;3;2;3;3;3;3;4;3;4;5;3;3;4;4;3;4;3;4;3;2;2;3;2;2;5;1;3;4;3;3;4;2;2;2;1;3;2;2;2;2;2;2;2;2;2;2;410010;410010;410010;2;3;3;3;2;2;3;3;3;2;2;2;3;2;2;3;6;7;6;6;5;6;7;5;6;7;5;6;6;2;2;1;1;1;2;3;2;1983;34;2;2;1;1;1;410;410;410;1;3;1;2390;6;0;6;3;-3;-3;3;2;3;2;1;-3;3;-3;7;2;2;2;3;5;2;0;100000020;410004;4;2;1;0.6508333333333333;0.5266666666666666;0.5356481481481482;0.2812962962962963;0.5;0.33;0.33;0.3866666666666667;0.0;1.0;1.0;0.6666666666666666;1.0;1.0;1.0;1.0;0.66;0.66;0.33;0.5499999999999999;1.0;1.0;1.0;1.0;0.25;0.33;0.33;0.3033333333333334;0.2222222222222222;0.2222222222222222;0.3333333333333333;0.25925925925925924;0.66;0.5;0.5800000000000001;0.5800000000000001;1.0;1.0;1.0;1.0;1.0;1.0;1.0;1.0;1.0;1.0;1.0;1.0;1;1;0;1;1;8;5;7;5;6;6;7;6;5;6;6;7;6;5;6;6;1;3;3;350;35800;1500;7;5;1;7;7;7;6;7;1;3;4;8;3;5;4;3;7;2;5;2;3;3;2;5;6;3;-3
"1-5-0 (2020-11-16)";"doi.org/10.14281/18241.1";2018;410;"KOR";732;"ROK";410070241;20180104;201712;201801;9.51;10.12;20;1;410041;410007;8;5;2;1;241;2390;"ko";3;1;1.0;0.8032128514056225;41453.815261044176;2;2;2;3;2;3;2;1;2;1;1;1;2;1;2;2;2;1;2;1;1;1;2;2;2;2;2;2;2;3;3;3;5;2;2;1;4;2;3;5;3;3;4;4;2;2;1;2;3;2;6;5;4;4;4;4;4;4;1;2;2;2;2;3;3;3;2;2;3;3;3;4;4;4;4;4;4;2;2;3;3;2;2;2;2;2;2;2;2;2;2;2;2;7;3;1;2;0;0;0;0;0;0;0;0;0;0;0;0;7;8;4;4;8;1;7;3;3;4;4;3;3;4;3;3;2;0;2;0;1;0;1;1;3;2;4;4;4;4;4;4;4;2;2;2;2;2;2;2;2;2;2;1;1;2;1;3;1;3;1;4;8;7;3;4;4;8;6;1;1;1;1;4;4;6;3;2;1;2;4;2;4;1;1;1;6;2;5;9;7;5;8;1;1;1;1;1;1;10;1;4;4;3;2;5;1;5;1;5;2;4;2;2;2;2;2;1;3;2;2;3;2;2;2;1;1;-2;-2;-2;2;3;2;2;3;3;2;4;2;2;2;2;2;4;3;4;3;8;1;10;10;1;10;7;2;10;10;7;7;2;2;3;3;3;3;3;2;1971;46;4;2;1;1;1;410;410;410;1;3;1;2390;1;1;5;3;6;3;1;1;1;1;1;1;3;3;6;2;2;1;3;5;2;7;70000000;410004;1;1;2;0.5819444444444445;0.608888888888889;0.6357407407407407;0.6464814814814815;0.5;0.33;0.33;0.3866666666666667;0.66;1.0;0.8333333333333334;0.8311111111111112;1.0;0.0;0.0;0.3333333333333333;0.33;1.0;1.0;0.7766666666666667;1.0;1.0;1.0;1.0;1.0;0.33;0.66;0.6633333333333334;0.5555555555555556;0.4444444444444444;0.8888888888888888;0.6296296296296297;0.0;0.5;0.25;0.25;1.0;1.0;1.0;1.0;1.0;1.0;1.0;1.0;1.0;1.0;1.0;1.0;1;0;0;0;0;4;6;4;6;4;3;3;3;4;4;4;4;4;6;6;6;1;4;3;600;80000;0;7;4;1;9;8;8;4;4;2;2;3;1;6;1;1;1;1;2;1;2;2;2;1;10;1;1;4
"1-5-0 (2020-11-16)";"doi.org/10.14281/18241.1";2018;410;"KOR";732;"ROK";410070242;20180104;201712;201801;10.06;10.26;20;1;410044;410010;7;4;3;1;242;2390;"ko";2;1;1.0;0.8032128514056225;41453.815261044176;1;1;1;1;1;1;1;1;2;1;2;2;1;1;2;2;2;2;2;1;2;1;2;1;2;2;2;2;1;2;2;2;3;3;3;3;3;3;3;3;2;2;3;3;3;3;1;2;3;3;8;8;5;3;4;4;3;4;1;2;1;1;2;2;2;2;2;3;3;3;4;2;2;3;3;3;2;3;4;3;2;2;3;2;3;3;3;3;3;3;3;3;3;5;3;1;2;0;0;0;0;0;0;0;0;0;0;0;0;6;3;7;3;7;1;7;3;2;2;2;2;3;3;7;4;0;0;1;0;1;1;1;1;2;2;4;4;4;4;4;4;4;1;1;2;2;2;2;2;2;2;2;1;2;1;2;3;3;2;1;3;8;6;6;7;4;8;7;1;1;1;1;2;2;2;1;1;1;1;4;2;2;1;1;1;2;1;5;8;7;1;6;1;1;1;2;2;2;2;3;3;3;2;2;3;1;2;4;2;2;2;3;2;2;2;2;2;2;2;2;2;2;2;2;1;1;410002;410002;410002;2;1;2;3;2;2;2;1;2;2;2;1;2;4;2;2;7;7;3;5;6;7;5;4;2;9;6;6;7;2;2;2;2;1;2;2;2;1948;69;6;3;1;1;1;410;410;410;1;1;1;2390;5;2;3;2;-3;-3;1;1;2;1;1;-3;4;-5;4;2;1;2;3;3;1;2;20000000;410004;3;2;2;0.3038888888888889;0.22111111111111115;0.4506944444444444;0.3605555555555556;0.5;0.33;0.33;0.3866666666666667;0.0;0.0;0.16666666666666666;0.05555555555555555;1.0;0.0;0.0;0.3333333333333333;0.66;0.33;0.33;0.44;1.0;0.0;1.0;0.6666666666666666;0.5;0.0;0.33;0.27666666666666667;0.1111111111111111;0.4444444444444444;0.7777777777777778;0.4444444444444445;0.33;0.5;0.41500000000000004;0.41500000000000004;1.0;1.0;1.0;1.0;1.0;1.0;1.0;1.0;1.0;1.0;1.0;1.0;1;0;1;0;1;5;5;7;4;3;4;2;3;1;5;5;6;8;6;5;6;4;1;3;100;3000;0;7;3;3;6;7;6;8;5;1;1;3;3;5;4;4;3;3;3;1;3;2;3;2;5;3;3;-5
"1-5-0 (2020-11-16)";"doi.org/10.14281/18241.1";2018;410;"KOR";732;"ROK";410070243;20180105;201712;201801;12.28;12.51;23;1;410011;410001;8;5;1;1;243;2390;"ko";2;1;1.0;0.8032128514056225;41453.815261044176;3;2;1;3;3;3;1;1;2;1;1;2;1;2;2;2;2;2;1;2;1;1;2;2;2;2;3;2;3;3;2;3;3;3;3;3;4;2;1;4;3;3;2;3;2;2;1;2;2;2;5;4;7;2;3;2;2;2;2;2;2;3;2;3;3;3;2;3;2;3;3;3;2;2;3;3;3;2;3;3;2;3;3;2;2;2;3;3;3;3;2;2;3;6;2;2;2;1;0;1;1;1;1;1;1;1;1;1;1;7;5;6;5;6;2;6;2;1;2;2;2;3;3;7;3;1;1;2;1;1;1;1;1;3;3;2;3;2;3;3;3;3;1;1;1;3;2;1;1;2;2;2;2;2;2;3;2;2;1;2;1;6;6;6;6;5;7;6;1;1;1;1;3;2;3;4;2;2;2;5;5;6;5;6;6;6;6;6;5;5;5;5;5;7;6;6;5;6;6;2;2;2;2;2;3;2;3;3;3;3;3;3;2;1;2;2;2;2;2;2;2;2;2;2;2;2;410008;410008;410008;3;2;3;3;2;3;3;3;3;3;2;3;2;3;3;3;7;7;6;6;6;6;5;6;5;6;6;6;6;2;3;1;2;2;2;2;2;1961;56;5;3;1;1;1;410;410;410;1;5;2;2390;4;2;2;1;2;1;4;2;2;1;6;1;-3;5;6;-3;2;1;3;3;1;1;10100000;410004;3;2;1;0.7052777777777778;0.6355555555555557;0.7387962962962964;0.5625925925925926;0.5;0.66;0.66;0.6066666666666668;0.66;1.0;0.3333333333333333;0.6644444444444444;1.0;1.0;1.0;1.0;0.66;0.66;0.33;0.5499999999999999;1.0;1.0;1.0;1.0;0.5;0.66;0.66;0.6066666666666668;0.5555555555555556;0.5555555555555556;0.4444444444444444;0.5185185185185185;0.66;1.0;0.8300000000000001;0.8300000000000001;1.0;1.0;1.0;1.0;1.0;1.0;1.0;1.0;1.0;1.0;1.0;1.0;1;1;0;1;0;5;6;5;6;6;6;6;7;6;5;6;4;5;6;6;6;-3;-3;4;20;11222;11222;5;5;2;4;6;5;7;5;4;2;2;5;3;3;3;3;3;2;3;2;2;3;3;2;2;5;3
"1-5-0 (2020-11-16)";"doi.org/10.14281/18241.1";2018;410;"KOR";732;"ROK";410070244;20180105;201712;201801;19.57;20.48;51;1;410044;410010;7;4;3;1;244;2390;"ko";2;1;1.0;0.8032128514056225;41453.815261044176;1;1;1;2;1;2;1;2;1;1;2;2;1;1;2;2;2;1;2;1;2;2;2;1;2;2;2;2;2;2;2;2;2;1;3;3;3;3;2;3;3;2;3;3;2;1;1;3;2;2;8;8;8;4;4;4;4;4;1;1;1;1;1;2;2;2;2;2;3;3;2;2;2;3;3;4;2;2;2;2;2;2;2;2;2;2;2;2;2;2;2;2;2;5;3;1;2;0;0;0;0;0;0;0;0;0;0;0;0;7;6;4;3;6;1;5;2;1;2;2;2;2;3;5;3;2;2;1;1;1;1;2;1;3;2;4;4;4;4;4;4;4;1;1;2;2;2;2;2;2;2;3;1;2;2;2;1;3;2;1;2;6;6;6;6;4;7;5;2;2;2;2;3;3;6;7;2;1;2;6;2;2;1;3;2;5;4;7;8;7;3;6;1;1;1;1;2;1;5;3;3;3;3;2;5;1;5;1;2;1;2;2;2;2;2;2;2;2;2;2;1;2;2;2;1;1;-2;-2;-2;1;2;2;2;2;2;2;2;2;3;2;2;3;2;2;2;5;6;6;6;8;3;8;7;7;6;6;6;7;2;2;2;2;2;2;3;2;1975;42;3;2;1;1;1;410;410;410;1;4;1;2390;1;2;6;3;6;3;1;1;1;1;1;1;3;3;9;1;2;1;2;7;2;7;70000000;410004;2;2;1;0.6511111111111112;0.6372222222222222;0.35782407407407407;0.4664814814814815;1.0;0.33;0.33;0.5533333333333333;0.33;1.0;0.8333333333333334;0.7211111111111111;1.0;1.0;1.0;1.0;0.33;0.33;0.33;0.33;0.0;0.0;1.0;0.3333333333333333;0.25;0.33;0.33;0.3033333333333334;0.4444444444444444;0.6666666666666666;0.7777777777777778;0.6296296296296297;0.33;0.0;0.165;0.165;1.0;1.0;1.0;1.0;1.0;1.0;1.0;1.0;1.0;1.0;1.0;1.0;0;0;1;0;1;8;6;5;7;4;6;6;6;6;6;5;8;4;6;6;6;1;8;2;900;50000;0;8;7;1;8;8;7;7;7;1;1;5;5;6;5;5;5;5;3;3;2;3;2;2;6;5;5;4
"1-5-0 (2020-11-16)";"doi.org/10.14281/18241.1";2018;410;"KOR";732;"ROK";410070245;20180105;201712;201801;12.07;12.4;33;1;410011;410001;8;5;1;1;245;2390;"ko";2;1;1.0;0.8032128514056225;41453.815261044176;1;2;2;2;3;3;1;1;2;1;1;2;1;2;2;2;2;1;2;1;2;1;2;2;2;2;2;2;3;3;3;3;4;2;1;1;3;3;4;3;3;2;2;3;2;2;2;3;2;2;8;7;6;4;4;4;4;4;1;2;1;3;2;4;3;4;3;3;2;2;3;2;2;2;3;4;2;3;2;3;1;3;2;3;3;3;2;2;3;3;4;3;2;4;3;1;3;0;0;0;0;0;0;0;0;0;1;0;0;4;7;4;5;7;1;8;3;2;3;3;2;2;2;4;3;2;0;2;1;2;1;0;0;3;3;4;2;3;4;4;2;3;1;1;2;2;1;2;2;1;2;2;1;2;2;2;3;3;2;1;4;7;6;4;6;4;7;3;2;2;2;2;3;3;6;7;3;2;2;7;4;5;4;3;5;5;3;5;6;6;5;7;2;1;3;2;1;4;5;3;3;4;2;2;4;1;3;1;3;1;2;3;1;2;2;2;1;2;3;1;1;2;3;3;2;2;410009;410009;410009;2;3;3;3;3;2;3;4;3;2;2;2;2;4;3;4;5;6;3;7;3;2;7;7;3;5;8;7;5;2;3;3;4;3;4;4;2;1961;56;5;3;1;1;1;410;410;410;1;4;1;2390;1;2;3;2;3;2;3;2;2;1;5;1;-3;3;7;-3;2;1;2;5;2;0;100000020;410004;2;2;1;0.7336111111111111;0.7472222222222223;0.6466203703703703;0.5857407407407408;1.0;0.66;0.33;0.6633333333333334;0.66;1.0;0.8333333333333334;0.8311111111111112;1.0;1.0;1.0;1.0;0.66;0.33;0.33;0.44;1.0;1.0;1.0;1.0;0.75;0.66;0.66;0.6900000000000001;0.4444444444444444;0.4444444444444444;0.5555555555555556;0.48148148148148145;0.33;0.5;0.41500000000000004;0.41500000000000004;1.0;1.0;1.0;1.0;1.0;1.0;1.0;1.0;1.0;1.0;1.0;1.0;1;0;1;0;0;6;4;6;7;4;5;4;4;5;4;5;7;6;5;7;3;-3;-3;2;420;47000;300;-3;5;1;-3;-3;-3;7;6;1;3;7;6;5;1;3;5;6;2;4;2;3;2;3;6;1;3;4
"1-5-0 (2020-11-16)";"doi.org/10.14281/18241.1";2018;410;"KOR";732;"ROK";410070246;20180105;201712;201801;12.28;13.04;36;1;410041;410007;8;5;2;1;246;2390;"ko";3;1;1.0;0.8032128514056225;41453.815261044176;1;2;2;3;2;3;1;1;2;1;1;1;2;2;2;2;2;1;2;1;2;1;2;1;2;2;2;2;3;3;3;2;3;3;1;1;5;2;2;1;3;4;2;2;2;3;1;1;2;1;9;9;9;4;4;4;4;4;1;2;1;1;2;3;3;3;3;3;3;3;2;3;3;2;3;3;4;3;2;3;1;2;2;2;2;2;2;2;2;2;2;2;2;3;3;3;3;0;1;0;0;0;0;0;0;0;0;0;0;3;4;8;4;8;1;8;3;3;4;3;3;3;4;10;3;2;2;2;0;2;2;2;1;2;3;3;3;4;3;3;3;4;1;2;2;4;4;2;2;3;3;3;1;2;1;1;4;1;3;1;3;8;7;6;5;2;8;6;1;2;2;1;4;4;7;8;3;2;2;3;4;3;3;1;2;4;5;5;6;6;5;8;2;2;2;1;2;3;4;2;3;4;3;3;4;1;3;3;5;2;3;4;2;2;2;2;2;2;2;2;2;2;2;2;1;1;410002;410002;410002;2;3;2;2;3;3;1;2;3;1;1;2;3;3;1;4;7;8;5;8;5;2;3;6;5;8;9;6;7;2;2;2;2;2;2;3;1;1993;24;1;1;1;1;1;410;410;410;1;4;2;2390;6;0;3;2;-3;-3;6;3;6;3;1;-3;3;-3;3;2;2;1;3;5;2;0;100000020;410004;1;1;1;0.6083333333333334;0.5533333333333333;0.5127777777777778;0.5255555555555556;0.0;0.33;0.33;0.22;0.66;1.0;1.0;0.8866666666666667;1.0;0.0;1.0;0.6666666666666666;0.66;0.66;0.66;0.66;1.0;1.0;1.0;1.0;0.5;0.66;0.66;0.6066666666666668;0.3333333333333333;0.4444444444444444;0.5555555555555556;0.4444444444444444;0.0;0.0;0.0;0.0;1.0;1.0;1.0;1.0;1.0;1.0;1.0;1.0;1.0;1.0;1.0;1.0;0;0;0;0;1;7;4;5;6;4;6;4;5;4;3;5;7;5;7;5;7;1;3;3;600;20000;3000;6;5;1;7;6;6;8;3;1;1;4;5;9;2;4;4;4;2;2;3;1;2;2;8;2;2;-3
"1-5-0 (2020-11-16)";"doi.org/10.14281/18241.1";2018;410;"KOR";732;"ROK";410070247;20180105;201712;201801;12.41;13.4;59;1;410048;410014;7;4;3;1;247;2390;"ko";3;1;1.0;0.8032128514056225;41453.815261044176;1;2;2;2;1;3;1;2;1;1;2;1;1;2;2;2;2;1;2;1;2;1;2;2;2;2;2;3;3;3;3;3;4;2;2;1;4;2;3;3;3;2;2;4;2;2;1;3;2;2;8;7;7;4;4;4;4;4;1;2;1;2;3;3;2;3;3;3;3;3;3;2;2;2;3;3;2;3;2;3;2;2;3;3;2;2;2;2;2;2;3;2;3;7;3;1;2;0;0;0;0;0;0;0;0;0;1;0;0;6;4;6;6;7;1;7;3;3;3;2;2;2;2;9;3;1;0;2;1;0;1;1;2;2;3;3;2;3;3;4;3;3;1;1;2;2;2;2;2;2;3;4;2;1;1;3;2;3;2;2;1;7;7;6;4;4;8;5;1;2;2;2;3;3;6;7;2;2;2;4;5;6;1;1;1;6;2;3;7;6;1;6;1;1;1;1;1;2;5;2;4;4;3;2;2;1;5;1;5;1;5;2;3;3;3;3;3;3;3;3;3;3;3;3;2;2;-2;-2;-2;2;3;2;3;3;2;3;3;2;2;2;3;3;4;2;3;6;7;5;8;7;1;7;6;1;9;8;6;7;2;2;3;3;2;3;3;2;1963;54;4;3;1;1;1;410;410;410;1;3;1;2390;1;1;3;2;3;2;3;2;5;3;1;1;5;5;5;2;2;1;3;5;2;7;70000000;410004;3;2;0;0.5394444444444445;0.6922222222222223;0.5424537037037037;0.5857407407407408;1.0;0.33;0.33;0.5533333333333333;0.66;1.0;0.8333333333333334;0.8311111111111112;1.0;0.0;0.0;0.3333333333333333;0.66;0.33;0.33;0.44;0.0;0.0;1.0;0.3333333333333333;0.75;0.66;0.66;0.6900000000000001;0.5555555555555556;0.2222222222222222;0.6666666666666666;0.48148148148148145;0.33;1.0;0.665;0.665;1.0;1.0;1.0;1.0;1.0;1.0;1.0;1.0;1.0;1.0;1.0;1.0;1;0;1;1;0;8;7;8;6;6;6;5;6;6;6;7;8;5;6;7;7;1;4;3;650;35000;10000;7;6;1;8;8;7;8;6;2;1;6;7;7;5;5;5;6;2;1;3;2;2;3;8;6;5;4
"1-5-0 (2020-11-16)";"doi.org/10.14281/18241.1";2018;410;"KOR";732;"ROK";410070248;20180105;201712;201801;12.44;13.41;57;1;410047;410013;6;3;4;1;248;2390;"ko";3;1;1.0;0.8032128514056225;41453.815261044176;1;2;2;3;1;3;1;1;1;2;1;2;1;2;2;2;2;1;2;1;2;1;2;1;2;2;2;3;3;2;1;2;2;1;2;1;3;3;4;2;3;2;1;2;1;3;1;1;2;2;9;9;9;4;4;4;3;4;1;2;1;3;3;4;4;3;3;3;2;2;3;3;3;3;3;3;3;2;2;2;2;2;2;2;2;2;2;2;2;2;2;2;2;6;1;2;1;1;0;0;0;0;0;0;0;0;1;0;1;3;6;1;2;1;1;9;4;3;3;3;2;4;2;8;4;2;2;0;0;0;0;2;2;3;2;3;2;2;3;3;2;3;1;1;2;3;3;2;2;3;4;3;1;1;1;1;2;2;3;1;2;7;7;8;6;7;8;3;2;2;2;2;3;3;5;5;2;1;2;3;3;3;2;2;1;1;1;3;4;2;3;2;3;2;2;2;4;3;2;4;3;4;3;2;5;1;5;5;5;5;5;1;3;3;1;3;3;3;3;3;3;3;3;3;1;1;410001;410001;410001;2;3;2;3;3;3;2;3;3;2;1;2;3;4;2;4;8;5;2;7;6;2;3;4;4;5;7;7;8;2;2;2;2;2;2;2;2;1953;64;5;3;1;1;1;410;410;410;1;2;1;2390;1;3;1;1;1;1;0;1;0;1;1;1;9;9;9;2;2;2;3;4;2;7;70000000;410004;2;2;1;0.5805555555555556;0.49777777777777776;0.48212962962962963;0.2992592592592593;0.0;0.33;0.33;0.22;0.66;1.0;0.6666666666666666;0.7755555555555556;1.0;1.0;0.0;0.6666666666666666;0.66;0.66;0.66;0.66;1.0;1.0;1.0;1.0;0.25;0.66;0.33;0.4133333333333334;0.0;0.2222222222222222;0.3333333333333333;0.1851851851851852;0.66;0.0;0.33;0.33;1.0;1.0;1.0;1.0;1.0;1.0;1.0;1.0;1.0;1.0;1.0;1.0;0;1;0;0;1;8;3;7;6;2;3;3;3;3;3;4;8;6;6;4;3;5;2;3;200;20000;5000;9;4;1;10;9;9;9;9;1;4;4;2;7;8;5;3;3;2;2;3;3;1;3;8;8;5;4
"1-5-0 (2020-11-16)";"doi.org/10.14281/18241.1";2018;410;"KOR";732;"ROK";410070249;20180105;201712;201801;12.48;13.14;26;1;410026;410002;8;5;2;1;249;2390;"ko";3;1;1.0;0.8032128514056225;41453.815261044176;1;1;2;2;1;4;1;1;2;1;2;2;2;1;2;2;1;1;2;1;2;1;2;2;2;1;2;3;3;2;2;2;2;1;3;3;4;2;4;2;3;1;1;3;2;3;1;3;1;2;8;9;8;4;4;4;4;4;1;1;1;2;2;3;3;3;3;2;3;2;2;2;3;3;3;3;2;2;2;2;2;2;2;2;2;2;2;2;2;2;3;2;2;7;1;3;1;0;2;1;1;0;0;0;0;0;0;0;0;8;8;5;5;4;2;7;3;2;2;3;3;1;2;6;4;2;1;0;1;0;0;2;1;3;3;4;4;4;4;4;4;4;2;2;2;4;3;2;2;3;4;4;1;2;2;1;3;3;2;1;2;8;9;6;7;5;8;3;2;2;2;2;4;4;7;8;3;2;2;7;3;3;1;2;2;2;1;3;6;6;3;5;8;1;1;2;2;1;3;4;3;4;3;2;1;1;2;1;1;1;3;1;3;3;3;3;3;3;3;3;3;3;3;3;1;1;410001;410001;410001;1;4;4;3;3;1;2;3;4;3;2;1;2;2;2;3;8;6;4;5;8;6;5;7;5;6;6;6;7;2;2;2;2;1;2;3;1;1962;55;5;3;1;1;1;410;410;410;1;3;1;2390;1;2;6;3;6;3;1;1;3;2;1;5;3;-5;6;2;1;1;2;7;2;0;100000020;410004;3;2;1;0.7483333333333333;0.7766666666666666;0.3644907407407407;0.3548148148148148;1.0;0.33;0.33;0.5533333333333333;1.0;1.0;1.0;1.0;1.0;1.0;1.0;1.0;0.33;0.33;0.66;0.44;1.0;0.0;0.0;0.3333333333333333;0.25;0.66;0.33;0.4133333333333334;0.1111111111111111;0.2222222222222222;0.5555555555555556;0.2962962962962963;0.33;0.5;0.41500000000000004;0.41500000000000004;1.0;1.0;1.0;1.0;1.0;1.0;1.0;1.0;1.0;1.0;1.0;1.0;1;0;1;0;1;9;9;8;8;6;7;6;6;7;7;8;9;5;8;7;7;1;6;2;750;40000;0;10;6;1;10;9;9;10;9;1;1;7;3;3;8;6;5;3;3;2;2;3;3;3;3;8;6;4
"1-5-0 (2020-11-16)";"doi.org/10.14281/18241.1";2018;410;"KOR";732;"ROK";410070250;20180105;201712;201801;13.05;13.25;20;1;410041;410007;8;5;2;1;250;2390;"ko";2;1;1.0;0.8032128514056225;41453.815261044176;1;2;3;2;2;4;1;1;1;2;1;2;1;2;2;2;2;1;2;1;2;1;2;1;2;2;2;2;3;2;2;2;3;3;3;3;3;3;4;2;3;2;2;3;2;1;1;2;2;2;6;6;6;4;4;4;4;4;3;2;1;2;2;4;3;3;3;2;3;2;3;2;2;2;2;2;3;2;2;1;1;1;2;1;2;2;2;2;2;2;2;2;2;7;3;2;2;0;0;0;0;0;0;0;0;0;0;0;0;7;5;6;5;6;2;7;2;2;2;2;2;3;3;6;4;2;2;2;2;2;2;2;2;2;2;3;3;3;4;4;4;3;1;1;2;2;2;2;2;3;3;3;2;1;1;1;3;3;2;1;3;8;7;8;7;8;7;4;2;2;2;2;3;3;7;8;3;1;1;6;6;5;6;3;4;8;5;6;8;8;4;6;4;2;4;3;6;4;8;2;2;2;2;2;2;1;3;2;5;3;5;2;3;3;2;2;3;3;3;3;2;2;2;2;2;2;-2;-2;-2;2;2;2;2;2;2;2;3;1;3;1;2;2;3;2;2;5;6;6;7;5;7;8;7;5;6;5;7;6;3;2;2;2;2;4;4;1;1955;62;5;3;1;1;1;410;410;410;1;2;1;2390;1;2;3;2;3;2;0;1;0;1;3;3;5;5;8;2;1;2;3;4;2;0;100000020;410004;3;2;1;0.6791666666666667;0.6933333333333334;0.6538425925925926;0.6001851851851853;0.5;0.33;0.33;0.3866666666666667;1.0;1.0;1.0;1.0;1.0;1.0;1.0;1.0;0.33;0.33;0.33;0.33;1.0;1.0;1.0;1.0;0.5;0.66;0.33;0.49666666666666676;0.7777777777777778;0.5555555555555556;0.7777777777777778;0.7037037037037037;0.33;0.5;0.41500000000000004;0.41500000000000004;1.0;1.0;1.0;1.0;1.0;1.0;1.0;1.0;1.0;1.0;1.0;1.0;1;0;1;0;1;7;7;7;7;7;8;5;6;6;8;6;7;8;7;6;6;3;2;3;280;35000;2000;7;4;1;7;7;7;8;5;1;3;5;2;8;6;5;4;3;2;1;2;2;2;3;9;5;7;4
"1-5-0 (2020-11-16)";"doi.org/10.14281/18241.1";2018;410;"KOR";732;"ROK";410070251;20180105;201712;201801;13.24;13.44;20;1;410041;410007;8;5;2;1;251;2390;"ko";1;1;1.0;0.8032128514056225;41453.815261044176;1;2;2;2;2;2;2;1;2;1;1;1;1;2;2;2;2;2;1;1;1;1;2;2;2;2;2;1;1;2;2;2;2;1;3;3;3;3;4;3;4;4;3;3;2;1;2;2;2;2;6;5;8;4;4;4;4;4;3;1;1;3;2;2;2;2;2;3;3;2;2;1;3;2;3;2;2;3;3;2;2;2;3;3;2;2;2;3;2;2;1;2;3;6;1;1;1;0;0;0;0;0;0;0;0;0;0;0;0;6;7;7;8;6;1;5;2;3;2;3;3;2;3;6;3;1;1;2;2;1;0;0;1;2;3;2;1;3;3;2;3;3;1;2;2;2;2;2;1;2;1;3;2;1;1;2;4;2;1;2;3;6;7;5;7;6;7;8;2;2;1;1;3;3;6;7;3;1;2;7;5;7;6;8;6;7;6;6;6;7;8;7;5;5;6;7;6;7;6;3;2;2;3;3;4;2;2;1;3;2;4;2;2;1;1;2;2;2;1;1;2;1;2;2;2;2;410008;410008;410008;2;2;3;3;3;3;2;2;2;2;2;2;1;3;2;2;7;7;7;6;6;7;8;8;7;8;8;9;8;3;2;2;2;1;3;2;2;1983;34;2;2;1;1;1;410;410;410;1;3;1;2390;6;0;3;2;-3;-3;3;2;3;2;1;-3;3;-3;6;3;2;1;3;5;2;0;100000020;410004;3;2;1;0.6369444444444444;0.5538888888888889;0.5289814814814815;0.39296296296296296;0.5;0.33;0.33;0.3866666666666667;0.33;1.0;0.8333333333333334;0.7211111111111111;1.0;1.0;1.0;1.0;0.66;0.0;0.66;0.44;1.0;1.0;1.0;1.0;0.25;0.0;0.33;0.19333333333333336;0.6666666666666666;0.5555555555555556;0.5555555555555556;0.5925925925925926;0.66;0.0;0.33;0.33;1.0;1.0;1.0;1.0;1.0;1.0;1.0;1.0;1.0;1.0;1.0;1.0;0;1;0;1;1;8;5;4;5;6;4;6;7;5;5;6;8;5;5;7;6;1;3;3;700;440000;10000;7;5;1;9;7;8;5;7;1;3;5;3;6;2;5;3;2;3;3;3;2;3;3;8;5;7;-3
"1-5-0 (2020-11-16)";"doi.org/10.14281/18241.1";2018;410;"KOR";732;"ROK";410070252;20180105;201712;201801;13.35;14.02;27;1;410041;410007;8;5;2;1;252;2390;"ko";3;1;1.0;0.8032128514056225;41453.815261044176;1;1;2;1;1;2;1;1;2;1;2;1;1;2;2;2;2;1;2;1;1;1;2;1;2;2;2;1;1;2;2;2;2;1;1;1;1;1;2;3;2;2;3;3;2;1;1;1;2;1;8;7;8;4;4;4;4;4;3;2;1;2;3;4;3;3;2;2;3;2;3;4;3;3;2;2;3;3;3;4;3;3;2;2;3;3;3;2;2;3;2;2;3;7;2;1;2;0;0;0;0;0;0;0;0;0;0;0;0;8;5;8;5;7;2;7;2;3;3;2;3;3;3;8;3;2;1;1;0;1;1;1;1;3;2;4;3;3;4;3;4;4;1;2;2;2;3;2;2;1;2;3;2;1;1;1;3;1;3;3;1;8;6;7;8;7;7;7;1;1;1;1;2;4;3;4;1;1;1;6;3;2;3;4;3;4;2;4;3;5;3;4;4;2;2;3;3;4;3;1;4;3;2;2;2;1;1;2;2;3;2;2;1;1;1;2;2;2;2;2;2;2;2;2;2;2;410008;410008;410008;3;4;3;2;3;3;4;3;3;3;1;1;2;4;1;3;7;7;4;5;5;2;3;8;7;6;8;7;6;1;1;2;2;1;2;2;1;1985;32;2;2;1;1;1;410;410;410;1;3;2;2390;6;0;5;3;-3;-3;3;2;3;2;1;-3;5;-3;3;2;1;2;3;4;2;2;20000000;410004;2;1;1;0.4986111111111111;0.16555555555555557;0.35157407407407404;0.24481481481481482;0.0;0.0;0.33;0.11;0.33;0.0;0.3333333333333333;0.22111111111111112;1.0;1.0;1.0;1.0;0.33;1.0;0.66;0.6633333333333334;1.0;0.0;1.0;0.6666666666666666;0.25;0.0;0.33;0.19333333333333336;0.3333333333333333;0.3333333333333333;0.2222222222222222;0.2962962962962963;0.0;0.5;0.25;0.25;1.0;1.0;1.0;1.0;1.0;1.0;1.0;1.0;1.0;1.0;1.0;1.0;1;0;0;1;0;7;4;4;3;4;5;6;7;6;5;4;7;4;6;6;7;1;3;3;300;25000;4000;4;4;1;6;6;5;4;2;1;2;5;4;5;1;5;4;3;2;4;3;3;2;2;6;1;2;-3
"1-5-0 (2020-11-16)";"doi.org/10.14281/18241.1";2018;410;"KOR";732;"ROK";410070253;20180105;201712;201801;13.4;14.23;43;1;410011;410001;8;5;1;1;253;2390;"ko";2;2;1.0;0.8032128514056225;41453.815261044176;3;2;2;3;1;4;1;2;1;1;1;2;2;1;2;2;2;1;2;1;2;1;2;2;2;2;3;2;4;4;4;3;5;2;1;1;4;2;4;3;2;2;3;2;2;3;2;3;3;3;4;3;4;4;4;4;4;4;3;2;2;3;2;3;3;3;3;3;2;2;2;3;3;3;4;4;3;2;2;4;2;1;2;2;2;2;1;2;2;1;2;2;2;7;3;3;2;0;1;0;0;0;0;0;0;0;0;0;0;7;7;7;4;6;2;7;2;4;2;2;2;2;2;6;4;2;2;2;0;2;2;1;2;2;3;3;3;3;4;4;4;2;1;1;2;1;3;2;1;2;2;4;1;1;1;1;2;1;3;1;2;8;6;3;6;2;9;2;2;2;2;2;3;3;7;7;2;2;2;3;2;2;1;2;3;3;1;7;7;6;3;8;8;1;7;8;1;2;7;3;3;3;3;2;5;3;5;1;2;1;2;1;2;2;2;2;1;3;2;2;2;2;2;2;1;1;410002;410002;410002;2;3;2;3;2;2;3;3;2;2;1;3;3;4;1;4;5;6;1;9;6;1;8;3;4;10;9;7;6;2;3;2;2;2;3;3;2;1988;29;2;1;1;1;1;410;410;410;1;4;2;2390;6;0;6;3;-3;-3;6;3;6;3;1;-3;3;-3;3;3;2;1;3;6;2;0;100000020;410004;1;1;1;0.8583333333333334;0.8866666666666667;0.5462962962962963;0.7592592592592593;1.0;0.66;0.66;0.7733333333333334;1.0;1.0;1.0;1.0;1.0;1.0;1.0;1.0;0.66;0.66;0.66;0.66;0.0;1.0;1.0;0.6666666666666666;1.0;1.0;1.0;1.0;0.2222222222222222;0.6666666666666666;0.6666666666666666;0.5185185185185185;0.0;0.0;0.0;0.0;1.0;1.0;1.0;1.0;1.0;1.0;1.0;1.0;1.0;1.0;1.0;1.0;0;0;0;0;1;4;6;6;7;4;6;7;4;7;5;6;6;6;5;8;3;2;6;3;650;130000;0;4;6;1;3;4;6;7;2;2;2;5;6;6;1;6;5;6;2;1;2;1;2;3;8;1;7;-3
"1-5-0 (2020-11-16)";"doi.org/10.14281/18241.1";2018;410;"KOR";732;"ROK";410070254;20180105;201712;201801;13.57;14.23;26;1;410041;410007;8;5;2;1;254;2390;"ko";2;1;1.0;0.8032128514056225;41453.815261044176;1;1;2;2;2;2;1;1;2;1;1;2;2;1;2;2;2;1;2;1;2;2;2;1;2;2;2;2;3;2;3;3;3;3;3;3;2;1;2;3;2;3;3;2;1;1;1;3;2;2;5;6;7;4;4;3;4;4;3;2;1;2;2;4;3;3;3;2;2;3;3;3;2;2;3;2;2;1;2;1;2;1;2;1;2;2;3;2;2;2;1;2;2;6;2;2;2;1;0;0;0;0;0;0;0;0;0;0;0;8;5;5;7;6;1;7;2;2;2;3;2;2;3;5;3;2;1;2;2;2;1;1;2;2;3;2;3;3;4;4;3;2;1;1;2;2;2;2;2;3;3;3;2;1;1;3;1;3;2;1;3;8;6;7;6;8;6;6;1;1;1;1;3;3;6;2;2;1;2;7;7;6;7;3;3;7;4;5;7;7;5;7;1;2;3;2;5;4;4;2;2;3;3;3;5;1;5;1;5;5;5;5;3;3;3;3;3;3;3;3;3;3;3;3;3;2;-2;-2;-2;2;2;2;3;2;2;3;2;3;2;2;2;1;3;2;2;6;7;5;7;7;6;7;8;5;7;8;7;7;2;2;2;1;2;2;3;2;1975;42;3;2;1;1;1;410;410;410;1;1;1;2390;1;3;5;3;5;3;1;1;1;1;1;1;6;6;6;2;2;2;3;5;2;1;10100000;410004;3;2;2;0.6786111111111112;0.6372222222222222;0.6885648148148149;0.5446296296296297;1.0;0.33;0.33;0.5533333333333333;0.33;1.0;0.8333333333333334;0.7211111111111111;1.0;1.0;1.0;1.0;0.33;0.66;0.33;0.44;1.0;1.0;1.0;1.0;0.5;0.66;0.33;0.49666666666666676;0.6666666666666666;0.4444444444444444;0.6666666666666666;0.5925925925925926;0.33;1.0;0.665;0.665;1.0;1.0;1.0;1.0;1.0;1.0;1.0;1.0;1.0;1.0;1.0;1.0;1;0;1;0;1;7;5;5;6;6;6;5;6;5;7;7;7;4;6;6;7;1;3;3;320;15000;0;7;3;2;7;7;7;8;7;1;1;2;2;5;2;2;2;2;2;7;2;1;2;2;8;2;3;4
"1-5-0 (2020-11-16)";"doi.org/10.14281/18241.1";2018;410;"KOR";732;"ROK";410070255;20180105;201712;201801;14.09;14.29;20;1;410041;410007;8;5;2;1;255;2390;"ko";3;1;1.0;0.8032128514056225;41453.815261044176;1;2;2;3;2;3;1;2;1;1;1;1;2;2;2;2;2;1;2;1;2;1;2;1;2;1;2;3;2;2;3;3;2;1;2;1;2;1;3;2;2;1;2;2;2;3;1;2;2;2;7;7;6;4;4;4;4;4;1;2;2;3;3;3;4;3;3;3;3;2;3;3;3;3;3;3;3;3;2;3;3;2;3;3;2;2;2;2;2;2;2;3;2;5;2;2;2;0;0;0;0;0;0;0;0;0;0;0;0;5;3;5;6;5;1;6;3;2;3;3;2;2;3;5;2;1;0;1;0;1;2;1;1;2;2;3;3;2;3;3;3;2;1;1;2;2;2;1;2;4;4;4;1;2;1;2;3;2;3;2;3;7;5;5;5;6;5;4;2;2;2;2;3;3;7;8;3;2;2;5;4;6;6;3;7;6;5;6;5;7;6;5;7;6;5;7;6;6;6;2;3;3;2;1;5;1;5;3;3;4;3;2;2;2;2;2;2;2;2;2;2;2;2;2;1;1;410002;410002;410002;3;2;3;3;3;3;2;2;3;2;2;2;3;4;2;3;6;8;4;6;5;6;7;4;7;6;6;7;6;2;2;1;1;1;2;2;1;1974;43;3;2;1;1;1;410;410;410;1;3;1;2390;1;1;6;3;3;2;2;1;3;2;1;1;3;5;7;2;1;1;3;7;2;0;100000020;410004;4;2;0;0.7333333333333334;0.6366666666666667;0.5171296296296297;0.4109259259259259;0.5;0.33;0.33;0.3866666666666667;0.66;1.0;1.0;0.8866666666666667;1.0;1.0;1.0;1.0;0.66;0.66;0.66;0.66;0.0;1.0;1.0;0.6666666666666666;0.25;0.33;0.33;0.3033333333333334;0.5555555555555556;0.5555555555555556;0.4444444444444444;0.5185185185185185;0.66;0.5;0.5800000000000001;0.5800000000000001;1.0;1.0;1.0;1.0;1.0;1.0;1.0;1.0;1.0;1.0;1.0;1.0;1;1;0;1;1;8;6;7;6;7;6;7;5;6;6;7;7;6;5;6;6;1;3;3;400;23000;8000;7;5;1;8;8;8;7;7;2;2;3;5;8;5;3;4;5;2;1;2;3;2;2;8;5;2;4
"1-5-0 (2020-11-16)";"doi.org/10.14281/18241.1";2018;410;"KOR";732;"ROK";410070256;20180105;201712;201801;14.33;15.0;27;1;410027;410003;8;5;2;1;256;2390;"ko";3;1;1.0;0.8032128514056225;41453.815261044176;1;2;2;2;1;2;2;2;1;1;1;2;1;1;2;2;2;1;2;1;2;1;2;2;2;2;1;2;3;3;3;2;2;1;2;1;3;3;3;2;2;1;2;3;2;3;1;2;2;2;7;7;5;4;4;4;4;4;2;2;1;2;2;3;3;3;3;2;3;3;3;2;2;2;2;2;2;3;3;1;3;2;2;3;3;3;2;2;3;3;2;2;2;7;3;1;2;0;0;0;0;0;0;0;0;0;0;0;0;7;7;5;6;5;2;8;3;3;3;3;3;3;4;8;4;2;2;1;1;1;1;2;2;2;3;3;2;3;3;3;2;3;1;1;2;2;2;2;2;2;2;3;2;1;1;2;1;3;1;1;3;7;7;6;8;3;7;5;1;2;2;2;3;3;4;4;2;2;2;7;3;1;1;1;1;5;1;4;5;4;1;5;1;1;2;4;1;1;4;2;4;4;2;2;2;1;1;1;1;1;1;1;2;3;3;3;2;2;3;3;2;3;3;3;1;1;410002;410002;410002;1;4;4;3;2;1;3;4;1;1;1;3;3;3;2;3;3;7;2;9;7;3;8;6;2;8;8;7;7;2;2;2;2;2;3;3;1;1979;38;3;2;1;1;1;410;410;410;1;4;1;2390;1;2;6;3;6;3;2;1;2;1;3;5;4;-5;10;2;1;2;3;4;2;7;70000000;410004;1;1;1;0.3041666666666667;0.44333333333333336;0.39935185185185185;0.4653703703703703;0.5;0.33;0.0;0.27666666666666667;0.33;1.0;0.5;0.61;0.0;0.0;0.0;0.0;0.33;0.33;0.33;0.33;0.0;1.0;1.0;0.6666666666666666;0.25;0.66;0.66;0.5233333333333333;0.4444444444444444;0.3333333333333333;0.4444444444444444;0.4074074074074074;0.0;0.0;0.0;0.0;1.0;1.0;1.0;1.0;1.0;1.0;1.0;1.0;1.0;1.0;1.0;1.0;0;0;0;0;1;6;4;6;5;5;3;4;5;3;5;3;6;3;5;5;4;4;1;3;420;28500;3000;7;4;1;9;7;6;7;3;1;1;3;2;5;6;3;3;2;2;1;3;4;1;2;7;6;4;4
"1-5-0 (2020-11-16)";"doi.org/10.14281/18241.1";2018;410;"KOR";732;"ROK";410070257;20180105;201712;201801;14.43;18.43;240;1;410028;410004;8;5;2;1;257;2390;"ko";2;1;1.0;0.8032128514056225;41453.815261044176;1;2;2;2;1;2;1;2;1;1;1;2;2;1;2;2;2;1;1;1;2;1;2;1;2;2;2;3;3;3;3;2;2;1;1;1;4;2;4;2;2;2;2;1;2;3;1;3;2;2;8;7;6;4;4;4;4;4;1;1;1;2;2;3;3;4;3;3;4;4;4;3;2;3;4;4;2;2;2;2;2;3;3;4;2;2;1;2;2;2;2;2;2;4;3;1;2;1;0;1;0;0;0;0;0;0;0;0;0;8;4;8;3;6;2;7;3;3;3;3;4;3;2;4;2;2;1;2;0;2;1;2;2;3;3;3;3;2;3;3;3;2;1;1;2;1;1;2;2;1;2;2;1;2;1;2;4;1;3;1;2;8;6;6;5;4;7;7;1;2;2;2;2;3;2;4;1;1;1;4;5;2;1;1;1;2;2;5;5;5;1;5;1;4;2;1;1;2;5;2;3;3;3;2;5;1;5;2;5;2;3;2;3;3;3;3;2;2;3;3;2;1;3;3;1;1;-2;-2;-2;1;3;1;2;3;2;2;3;3;2;1;2;1;2;3;3;6;4;5;10;3;6;7;4;3;9;10;6;6;3;2;2;2;2;3;3;2;1965;52;4;3;1;1;1;410;410;410;1;4;4;2390;1;2;3;2;5;3;1;1;2;1;5;3;-3;5;9;-3;2;2;3;4;2;1;10100000;410004;1;1;1;0.40055555555555555;0.35944444444444446;0.38083333333333336;0.42833333333333334;1.0;0.33;0.33;0.5533333333333333;0.33;0.0;0.16666666666666666;0.16555555555555557;1.0;0.0;0.0;0.3333333333333333;0.66;0.66;0.33;0.5499999999999999;0.0;1.0;1.0;0.6666666666666666;0.25;0.66;0.66;0.5233333333333333;0.1111111111111111;0.4444444444444444;0.4444444444444444;0.3333333333333333;0.0;0.0;0.0;0.0;1.0;1.0;1.0;1.0;1.0;1.0;1.0;1.0;1.0;1.0;1.0;1.0;0;0;0;0;1;8;5;7;5;3;3;3;3;6;7;5;8;3;7;6;3;-3;-3;3;400;35000;5000;-3;3;1;-3;-3;-3;8;6;1;1;3;2;4;5;4;3;1;2;3;1;4;1;3;5;3;6;4
"1-5-0 (2020-11-16)";"doi.org/10.14281/18241.1";2018;410;"KOR";732;"ROK";410070258;20180105;201712;201801;14.55;15.31;36;1;410041;410007;8;5;2;1;258;2390;"ko";1;1;1.0;0.8032128514056225;41453.815261044176;1;2;2;3;1;4;2;1;2;2;1;1;1;1;2;2;2;1;2;1;2;2;2;1;2;2;2;1;1;2;1;2;3;3;2;1;3;3;1;3;3;2;3;2;2;2;1;1;2;2;6;5;6;4;4;4;4;4;1;1;1;3;2;3;3;3;4;3;2;2;3;2;4;4;4;4;2;2;2;3;2;3;3;2;3;3;2;3;2;3;3;2;2;7;1;1;1;1;0;0;0;0;0;0;0;0;0;0;0;3;5;2;6;7;1;7;3;3;3;2;2;1;4;6;3;2;2;2;2;2;2;2;1;2;2;4;4;4;4;4;4;4;2;2;2;2;1;2;2;2;4;4;2;1;1;4;2;3;4;3;1;7;5;6;6;5;7;2;2;2;2;2;4;4;6;8;3;2;2;6;1;1;1;1;1;7;6;7;8;5;1;8;1;1;1;5;6;2;7;2;2;3;3;2;5;1;3;1;4;4;5;5;3;3;3;3;3;3;3;3;3;3;3;3;1;1;410002;410002;410002;2;4;4;4;2;2;3;4;1;1;2;4;4;4;4;4;7;8;1;7;6;1;7;5;1;5;6;7;5;2;1;2;2;1;3;3;2;1967;50;4;3;1;1;1;410;410;410;1;4;1;2390;1;2;3;2;6;3;1;1;2;1;1;1;3;3;9;2;2;1;3;5;2;2;20000000;410004;2;2;2;0.4294444444444445;0.5272222222222223;0.5363425925925926;0.49018518518518517;0.0;0.0;0.33;0.11;1.0;1.0;0.8333333333333334;0.9444444444444445;0.0;0.0;0.0;0.0;0.66;0.33;1.0;0.6633333333333334;1.0;1.0;1.0;1.0;0.5;0.0;0.33;0.27666666666666667;0.6666666666666666;0.6666666666666666;0.7777777777777778;0.7037037037037037;0.33;0.0;0.165;0.165;1.0;1.0;1.0;1.0;1.0;1.0;1.0;1.0;1.0;1.0;1.0;1.0;0;0;1;1;0;6;6;5;7;3;6;2;3;7;4;5;7;4;7;4;7;1;3;3;620;37000;6000;7;5;1;8;6;5;7;4;3;2;3;2;3;2;2;3;2;2;1;3;2;2;2;3;2;2;4
"1-5-0 (2020-11-16)";"doi.org/10.14281/18241.1";2018;410;"KOR";732;"ROK";410070259;20180105;201712;201801;14.56;15.2;24;1;410041;410007;8;5;2;1;259;2390;"ko";3;1;1.0;0.8032128514056225;41453.815261044176;1;1;2;3;2;4;1;1;1;2;2;1;2;1;2;2;2;1;2;1;2;1;2;1;2;2;2;2;2;2;3;2;2;1;3;3;3;3;4;3;3;2;3;3;2;1;1;2;3;2;4;4;4;4;4;4;4;4;2;2;1;2;2;2;3;4;2;2;3;3;2;3;2;3;2;2;2;1;3;2;2;2;1;2;3;3;1;2;3;1;2;2;2;7;3;1;1;0;0;0;0;0;0;0;0;0;0;0;0;7;7;6;4;5;2;5;2;3;2;2;2;2;4;6;3;1;0;1;2;0;1;1;1;3;2;2;4;2;3;4;3;3;1;1;2;2;3;2;2;3;3;3;2;2;2;3;4;2;3;2;3;5;7;6;6;5;7;3;2;2;1;1;3;3;7;8;3;2;2;4;3;4;4;4;2;3;3;7;7;6;3;7;5;3;4;4;5;4;5;2;2;3;4;3;5;1;5;2;5;2;5;5;3;3;3;3;2;3;3;3;2;3;2;3;3;3;-2;-2;-2;3;3;2;3;2;2;2;2;1;2;2;2;1;3;2;2;6;6;5;8;8;5;6;5;8;6;7;7;7;1;2;1;1;2;3;3;2;1983;34;2;2;1;1;1;410;410;410;1;2;1;2390;1;0;5;3;5;3;1;1;1;1;1;1;3;3;4;2;2;1;3;5;2;0;100000020;410004;4;2;2;0.7066666666666667;0.6933333333333334;0.5796296296296297;0.4109259259259259;0.5;0.33;0.33;0.3866666666666667;1.0;1.0;1.0;1.0;1.0;1.0;1.0;1.0;0.33;0.66;0.33;0.44;1.0;0.0;1.0;0.6666666666666666;0.25;0.33;0.33;0.3033333333333334;0.2222222222222222;0.6666666666666666;0.6666666666666666;0.5185185185185185;0.66;1.0;0.8300000000000001;0.8300000000000001;1.0;1.0;1.0;1.0;1.0;1.0;1.0;1.0;1.0;1.0;1.0;1.0;1;1;0;1;1;5;4;4;5;4;4;6;5;6;4;5;5;4;4;5;7;1;5;3;350;13000;0;5;4;2;5;7;6;6;5;1;2;5;5;7;6;5;4;4;2;1;2;3;2;2;7;5;6;4
"1-5-0 (2020-11-16)";"doi.org/10.14281/18241.1";2018;410;"KOR";732;"ROK";410070260;20180105;201712;201801;15.04;15.24;20;1;410041;410007;8;5;2;1;260;2390;"ko";1;1;1.0;0.8032128514056225;41453.815261044176;1;1;3;3;1;3;2;1;2;1;1;1;2;1;2;2;2;1;2;1;1;1;2;2;2;2;2;1;2;2;2;1;2;1;1;1;3;3;2;2;2;3;3;2;3;1;1;2;1;2;8;8;9;2;2;1;1;2;1;1;1;1;2;2;3;3;2;3;3;3;3;2;2;2;2;3;2;2;3;2;2;2;3;3;3;3;2;2;2;2;2;2;3;4;1;1;2;0;0;0;0;0;0;0;0;0;0;0;0;6;7;5;7;7;1;7;2;1;2;1;2;3;3;5;3;1;2;2;1;1;2;2;1;1;3;3;3;4;4;4;3;3;1;2;2;2;1;2;2;1;2;2;2;1;2;2;3;1;3;1;3;6;7;8;9;8;7;5;1;2;2;1;2;2;6;7;3;2;2;5;7;6;6;5;5;7;8;7;5;7;6;5;8;6;7;8;6;7;8;2;3;3;3;1;3;2;2;3;3;2;4;4;1;1;2;2;2;1;2;2;2;1;1;2;3;2;410008;410008;410008;2;3;3;3;2;3;4;3;2;3;3;2;1;2;2;3;7;7;8;7;9;8;6;7;8;7;6;7;8;2;3;2;3;3;2;2;1;1960;57;5;3;1;1;1;410;410;410;1;2;2;2390;1;2;5;3;3;2;2;1;2;1;1;1;3;4;3;2;1;1;3;6;2;0;100000020;410004;2;1;2;0.6919444444444445;0.663888888888889;0.5364814814814816;0.447962962962963;0.5;0.66;0.33;0.49666666666666676;0.66;1.0;0.8333333333333334;0.8311111111111112;1.0;1.0;1.0;1.0;0.66;0.33;0.33;0.44;1.0;1.0;1.0;1.0;0.25;0.33;0.33;0.3033333333333334;0.6666666666666666;0.6666666666666666;0.4444444444444444;0.5925925925925926;0.0;0.5;0.25;0.25;1.0;1.0;1.0;1.0;1.0;1.0;1.0;1.0;1.0;1.0;1.0;1.0;1;0;0;0;1;9;7;8;9;7;8;6;7;7;8;7;9;8;6;7;6;1;4;3;600;35000;5000;9;5;1;8;10;9;8;9;1;1;5;4;6;4;5;5;3;2;2;2;3;3;2;7;5;6;4
"1-5-0 (2020-11-16)";"doi.org/10.14281/18241.1";2018;410;"KOR";732;"ROK";410070261;20180105;201712;201801;15.15;15.37;22;1;410047;410013;7;4;3;1;261;2390;"ko";3;2;1.0;0.8032128514056225;41453.815261044176;1;1;1;3;1;3;1;1;1;1;2;2;1;2;2;2;2;1;2;1;2;1;2;1;2;1;2;1;3;3;3;4;2;1;1;1;4;2;4;1;4;2;3;2;2;3;1;3;2;3;10;3;3;4;4;4;4;4;1;1;1;1;1;2;1;1;3;2;4;4;4;2;3;3;4;4;2;2;4;2;3;2;2;2;2;2;2;2;2;2;2;2;2;7;2;1;1;0;0;0;0;0;0;0;0;0;0;0;2;5;7;5;5;5;1;8;4;4;4;4;4;3;3;5;3;0;0;0;0;0;0;0;0;2;3;4;4;4;4;4;4;4;1;1;2;2;2;1;2;2;2;2;1;2;1;1;2;3;1;1;4;5;5;5;5;5;5;5;2;2;2;2;3;3;6;8;3;2;2;5;5;3;3;2;2;2;4;4;1;2;1;1;1;1;1;1;1;1;1;3;3;3;3;2;5;1;5;1;5;5;5;5;3;3;3;3;3;3;3;3;3;3;3;3;1;1;-2;-2;-2;3;3;3;3;3;3;3;3;3;3;1;4;4;4;4;4;5;5;5;5;5;5;5;5;5;5;5;5;5;2;2;3;3;3;3;3;2;1960;57;5;3;1;1;1;410;410;410;1;3;2;2390;5;1;3;2;-3;-3;0;1;1;1;3;-3;5;-5;5;2;1;2;5;2;1;0;100000020;410004;0;1;1;0.7061111111111111;0.6922222222222223;0.334537037037037;0.33574074074074073;1.0;0.33;0.33;0.5533333333333333;0.66;1.0;0.8333333333333334;0.8311111111111112;1.0;1.0;1.0;1.0;0.33;0.33;0.66;0.44;1.0;0.0;1.0;0.6666666666666666;0.25;0.66;0.66;0.5233333333333333;0.1111111111111111;0.3333333333333333;0.0;0.14814814814814814;0.0;0.0;0.0;0.0;1.0;1.0;1.0;1.0;1.0;1.0;1.0;1.0;1.0;1.0;1.0;1.0;0;0;0;0;0;6;3;5;2;3;2;2;2;7;3;7;2;4;4;8;2;4;1;5;200;5500;0;10;2;1;10;9;10;4;1;2;1;1;1;1;1;1;1;1;2;6;4;4;4;4;1;1;1;-5
"1-5-0 (2020-11-16)";"doi.org/10.14281/18241.1";2018;410;"KOR";732;"ROK";410070262;20180105;201712;201801;15.24;15.55;31;1;410044;410010;7;4;3;1;262;2390;"ko";2;1;1.0;0.8032128514056225;41453.815261044176;1;1;1;1;4;1;1;2;1;1;2;1;2;1;2;2;2;1;2;1;2;2;2;1;2;2;2;2;2;2;2;2;3;3;3;3;3;3;2;3;2;2;2;4;2;2;2;3;3;1;7;4;5;4;4;4;4;4;1;1;1;1;1;2;2;3;2;2;3;3;2;2;2;3;3;3;2;2;2;2;2;2;2;2;2;2;2;2;2;2;2;2;2;5;3;1;2;1;0;0;2;0;0;0;0;0;0;0;0;6;5;6;3;7;1;6;2;2;2;2;2;2;4;6;3;2;2;1;1;1;1;1;2;3;2;4;4;4;4;4;4;4;1;1;2;2;2;2;2;3;3;3;1;2;2;2;1;2;3;1;3;7;7;6;7;6;6;6;2;2;2;2;3;3;4;4;2;1;2;5;2;2;1;2;1;2;3;5;7;7;2;6;1;1;1;2;2;2;2;3;3;3;2;2;3;1;5;1;1;1;1;1;2;2;2;2;2;2;2;2;2;2;2;2;1;1;410002;410002;410002;2;2;2;2;2;2;2;2;2;2;2;3;3;2;2;2;5;5;6;7;8;2;8;7;5;10;10;7;7;2;2;2;2;2;2;3;2;1991;26;2;1;1;1;1;410;410;410;1;1;1;2390;6;0;6;3;-3;-3;3;2;3;2;1;-3;3;-3;3;1;1;1;3;5;2;0;100000020;410004;2;2;1;0.5125;0.5266666666666666;0.36435185185185187;0.3970370370370371;1.0;0.33;0.33;0.5533333333333333;0.0;1.0;0.5;0.5;1.0;1.0;0.0;0.6666666666666666;0.33;0.33;0.33;0.33;0.0;0.0;1.0;0.3333333333333333;0.5;0.33;0.33;0.3866666666666667;0.1111111111111111;0.4444444444444444;0.6666666666666666;0.40740740740740744;0.66;0.0;0.33;0.33;1.0;1.0;1.0;1.0;1.0;1.0;1.0;1.0;1.0;1.0;1.0;1.0;0;1;0;0;1;1;4;3;5;2;4;4;4;4;5;5;1;4;7;7;5;1;7;2;200;2000;0;7;5;3;6;6;6;9;6;1;1;5;5;5;3;3;3;3;3;1;2;2;2;2;7;5;5;-3
"1-5-0 (2020-11-16)";"doi.org/10.14281/18241.1";2018;410;"KOR";732;"ROK";410070263;20180105;201712;201801;15.26;15.46;20;1;410041;410007;8;5;2;1;263;2390;"ko";3;1;1.0;0.8032128514056225;41453.815261044176;1;1;1;2;1;1;2;1;1;2;1;1;1;2;2;2;2;2;2;1;1;2;2;1;2;1;2;3;2;3;3;3;2;1;2;1;2;1;3;2;2;1;2;2;2;3;1;2;2;2;5;6;5;4;4;4;4;4;1;2;1;2;3;3;3;3;3;3;4;4;3;3;3;3;3;3;3;2;4;3;3;3;3;3;2;2;3;3;3;3;3;3;2;6;2;1;2;0;0;0;0;0;0;0;0;0;0;0;0;6;6;5;6;6;1;5;2;3;2;3;2;2;2;5;2;1;0;1;2;1;1;0;1;2;2;4;4;4;4;4;4;4;1;1;2;2;2;1;2;4;4;4;2;1;1;1;3;2;3;1;3;5;6;5;5;6;5;4;2;2;2;2;3;3;7;8;3;2;2;6;5;3;3;3;3;4;4;4;3;4;3;4;2;6;5;7;5;6;5;2;2;2;2;2;4;1;3;2;3;2;3;2;2;2;2;3;2;3;2;2;2;2;2;2;1;1;-2;-2;-2;4;3;2;3;3;3;2;2;3;2;2;3;2;3;3;2;5;7;6;4;6;5;6;6;6;5;6;4;6;2;2;1;1;1;2;3;2;1953;64;5;3;1;1;1;410;410;410;1;4;1;2390;1;2;2;1;2;1;1;1;1;1;5;3;-3;6;7;-3;2;1;3;4;2;0;100000020;410004;3;2;1;0.6783333333333333;0.5266666666666666;0.5724074074074075;0.3548148148148148;0.5;0.33;0.33;0.3866666666666667;0.0;1.0;1.0;0.6666666666666666;1.0;1.0;1.0;1.0;0.66;0.66;0.66;0.66;1.0;1.0;1.0;1.0;0.25;0.33;0.66;0.41333333333333333;0.3333333333333333;0.3333333333333333;0.2222222222222222;0.2962962962962963;0.66;0.5;0.5800000000000001;0.5800000000000001;1.0;1.0;1.0;1.0;1.0;1.0;1.0;1.0;1.0;1.0;1.0;1.0;1;1;0;0;1;7;6;7;6;6;6;7;6;6;7;6;6;6;7;6;6;-3;-3;3;450;23000;3500;5;5;1;6;5;5;5;6;1;2;6;3;5;4;3;6;2;2;4;3;2;3;2;5;4;3;4
"1-5-0 (2020-11-16)";"doi.org/10.14281/18241.1";2018;410;"KOR";732;"ROK";410070264;20180105;201712;201801;15.26;16.07;41;1;410027;410003;8;5;2;1;264;2390;"ko";3;1;1.0;0.8032128514056225;41453.815261044176;1;2;2;2;1;3;2;1;2;1;1;2;1;1;2;2;2;1;2;1;2;1;2;1;2;2;2;2;3;3;3;2;2;1;2;1;4;2;3;2;2;2;2;2;2;2;2;3;3;3;5;4;4;4;4;4;4;4;2;2;1;3;2;3;3;3;2;2;2;2;3;3;3;3;3;3;2;3;3;2;3;3;2;2;2;2;3;3;2;3;3;2;2;8;3;1;2;1;0;0;0;0;0;0;0;0;0;0;0;6;6;7;4;5;2;8;3;3;2;2;3;3;3;8;3;2;2;1;1;1;1;2;2;2;3;3;2;3;3;3;2;3;1;1;2;2;2;2;2;2;2;3;2;2;1;2;1;3;2;2;1;7;6;5;8;3;7;7;1;1;1;1;3;3;4;5;2;1;1;8;2;1;1;1;1;5;1;4;5;6;4;4;1;1;1;4;1;1;2;2;4;4;2;2;5;1;2;1;5;1;1;1;3;3;3;3;2;3;3;3;2;3;3;3;1;1;410001;410001;410001;1;4;3;4;1;1;4;4;1;1;1;3;3;3;2;3;8;7;4;9;8;5;8;8;3;8;8;7;7;3;2;2;2;2;2;3;1;1953;64;5;3;1;1;1;410;410;410;1;2;1;2390;1;2;3;2;3;2;1;1;1;1;3;5;4;-5;10;2;1;2;3;4;2;1;10100000;410004;2;2;2;0.45583333333333337;0.6366666666666667;0.5239351851851852;0.4653703703703703;1.0;0.33;0.33;0.5533333333333333;0.66;1.0;0.5;0.7200000000000001;0.0;0.0;0.0;0.0;0.33;0.66;0.66;0.55;1.0;1.0;1.0;1.0;0.25;0.66;0.66;0.5233333333333333;0.4444444444444444;0.3333333333333333;0.4444444444444444;0.4074074074074074;0.33;0.0;0.165;0.165;1.0;1.0;1.0;1.0;1.0;1.0;1.0;1.0;1.0;1.0;1.0;1.0;0;0;1;1;0;4;5;6;6;4;4;4;4;3;3;3;4;3;4;4;4;4;1;3;250;35001;0;3;5;1;6;5;5;8;6;2;1;3;1;4;5;3;3;1;2;2;3;4;1;2;5;7;3;4
"1-5-0 (2020-11-16)";"doi.org/10.14281/18241.1";2018;410;"KOR";732;"ROK";410070265;20180105;201712;201801;15.38;15.58;20;1;410047;410013;7;4;3;1;265;2390;"ko";3;2;1.0;0.8032128514056225;41453.815261044176;1;1;2;4;4;4;1;2;1;1;1;2;1;2;2;2;2;1;2;1;2;1;2;2;2;2;2;2;2;2;2;3;2;1;3;3;3;3;3;3;2;2;2;3;2;1;1;3;2;4;3;5;4;4;4;4;4;4;1;1;1;2;2;2;2;2;3;4;3;4;3;2;3;3;4;4;4;4;4;3;3;3;3;3;3;3;3;3;3;3;3;3;3;5;3;1;1;0;0;0;0;0;0;0;0;0;0;0;0;5;8;6;6;7;2;8;3;3;3;3;3;3;2;5;2;0;0;0;0;0;0;0;0;1;3;4;2;4;4;4;2;4;1;1;2;2;2;2;2;2;2;2;2;1;1;3;4;1;2;2;1;3;3;3;4;4;6;5;2;1;2;2;2;2;7;8;3;2;1;5;3;2;2;2;2;2;2;1;3;3;1;1;1;1;1;1;1;1;1;3;3;2;3;3;5;1;5;5;5;5;5;5;3;3;3;3;3;3;3;3;3;3;3;3;1;1;-2;-2;-2;3;3;3;3;2;3;3;3;3;3;2;2;2;3;2;2;5;4;5;6;7;6;7;5;4;7;7;7;5;2;2;2;2;2;4;4;2;1936;81;6;3;1;1;1;410;410;410;1;3;1;2390;1;3;1;1;1;1;0;1;0;1;5;4;-3;-5;9;-3;2;3;5;2;1;0;100000020;410004;3;2;0;0.8041666666666667;0.7766666666666666;0.43652777777777785;0.20722222222222225;1.0;0.33;0.33;0.5533333333333333;1.0;1.0;1.0;1.0;1.0;1.0;1.0;1.0;1.0;0.33;0.66;0.6633333333333333;0.0;1.0;1.0;0.6666666666666666;0.25;0.33;0.33;0.3033333333333334;0.1111111111111111;0.0;0.2222222222222222;0.1111111111111111;0.33;1.0;0.665;0.665;1.0;1.0;1.0;1.0;1.0;1.0;1.0;1.0;1.0;1.0;1.0;1.0;1;0;1;1;0;8;4;5;2;3;4;6;6;5;7;5;8;5;3;6;6;-3;-3;5;50;5700;0;-3;2;1;-3;-3;-3;9;2;2;1;3;3;3;5;2;2;2;3;2;4;4;4;4;3;5;3;4
"1-5-0 (2020-11-16)";"doi.org/10.14281/18241.1";2018;410;"KOR";732;"ROK";410070266;20180105;201712;201801;15.4;16.26;46;1;410041;410007;8;5;2;1;266;2390;"ko";2;1;1.0;0.8032128514056225;41453.815261044176;1;2;2;2;2;3;1;1;2;1;1;2;1;2;2;2;2;1;2;1;2;1;1;2;2;2;1;2;3;3;3;2;4;2;2;1;2;1;3;3;2;1;2;2;3;2;1;1;2;2;7;8;7;4;4;4;4;4;3;2;1;2;2;4;4;4;3;2;2;2;2;2;2;3;3;3;3;3;2;2;2;2;2;2;3;3;2;3;3;3;3;3;3;7;2;3;3;0;0;0;0;0;0;0;0;0;0;0;0;7;6;5;5;7;1;6;3;2;3;3;2;3;2;7;3;2;2;0;0;0;0;2;2;3;2;4;4;4;4;4;4;4;1;1;2;1;1;2;2;1;1;1;2;1;2;1;2;3;1;1;3;7;7;6;7;7;5;7;2;2;2;2;3;2;7;8;3;1;2;7;5;5;3;1;1;3;1;2;4;5;3;5;1;1;1;3;2;1;1;2;2;1;3;3;2;1;2;1;5;1;5;1;3;3;3;3;3;3;3;3;3;3;3;3;2;2;-2;-2;-2;2;2;2;2;1;2;2;1;1;2;2;2;1;2;1;2;7;6;7;5;6;6;7;6;5;5;6;6;7;3;2;1;1;2;4;4;2;1965;52;4;3;1;1;1;410;410;410;1;4;1;2390;1;2;3;2;3;2;2;1;2;1;5;3;-3;5;9;-3;2;2;3;6;2;0;100000020;410004;1;1;1;0.41500000000000004;0.49833333333333335;0.47805555555555557;0.45611111111111113;0.0;0.33;0.0;0.11;0.66;1.0;1.0;0.8866666666666667;1.0;0.0;0.0;0.3333333333333333;0.33;0.33;0.33;0.33;1.0;1.0;1.0;1.0;0.75;0.66;0.66;0.6900000000000001;0.2222222222222222;0.1111111111111111;0.3333333333333333;0.2222222222222222;0.0;0.0;0.0;0.0;1.0;1.0;1.0;1.0;1.0;1.0;1.0;1.0;1.0;1.0;1.0;1.0;0;0;0;0;1;7;6;7;6;7;7;5;4;4;6;7;8;5;7;7;6;-3;-3;3;400;35000;0;-3;6;1;-3;-3;-3;9;8;1;1;5;6;7;6;3;3;5;3;2;2;2;4;4;8;7;3;4
"1-5-0 (2020-11-16)";"doi.org/10.14281/18241.1";2018;410;"KOR";732;"ROK";410070267;20180105;201712;201801;15.43;16.12;29;1;410011;410001;8;5;1;1;267;2390;"ko";1;1;1.0;0.8032128514056225;41453.815261044176;1;2;2;1;2;2;1;1;1;1;2;2;1;2;2;2;2;1;2;1;1;1;2;1;2;1;2;2;3;3;2;3;3;3;2;1;3;3;4;4;2;2;4;3;3;1;2;3;2;2;7;7;5;4;4;4;4;4;3;1;1;2;2;3;3;3;2;3;3;2;3;2;2;3;3;4;3;2;3;3;2;3;2;3;3;3;2;2;3;3;2;2;3;4;3;1;2;1;0;1;0;0;0;0;0;0;2;0;0;7;7;6;3;4;1;4;3;3;4;4;3;3;3;5;2;0;0;1;1;1;0;0;2;2;2;4;3;4;4;4;3;4;1;1;2;1;1;2;2;1;2;2;2;2;1;1;2;2;3;1;2;7;8;5;5;4;7;7;1;1;1;1;3;2;2;1;1;1;1;6;6;7;5;5;4;6;5;3;5;4;2;3;2;2;2;1;1;3;2;3;3;3;2;2;3;1;2;1;4;1;2;2;1;2;1;2;1;2;3;2;1;2;2;3;2;2;410002;410002;410002;3;2;3;2;2;3;4;4;2;3;2;2;2;4;3;3;4;5;4;8;5;3;7;4;3;8;8;7;8;2;2;2;3;2;3;4;2;1977;40;3;2;1;1;1;410;410;410;1;4;1;2390;1;2;5;3;5;3;3;2;3;2;5;1;-3;5;3;-3;2;2;3;5;2;2;20000000;410004;2;2;1;0.5397222222222222;0.35944444444444446;0.5026851851851852;0.5070370370370372;1.0;0.33;0.33;0.5533333333333333;0.33;0.0;0.16666666666666666;0.16555555555555557;1.0;1.0;1.0;1.0;0.66;0.33;0.33;0.44;1.0;0.0;1.0;0.6666666666666666;0.5;0.66;0.66;0.6066666666666668;0.5555555555555556;0.2222222222222222;0.4444444444444444;0.40740740740740744;0.66;0.0;0.33;0.33;1.0;1.0;1.0;1.0;1.0;1.0;1.0;1.0;1.0;1.0;1.0;1.0;0;1;0;0;1;6;5;7;5;4;4;3;4;5;4;5;6;4;7;5;3;-3;-3;3;340;22000;3000;-3;3;2;-3;-3;-3;7;4;1;2;4;5;5;1;2;3;4;2;1;2;3;2;2;7;1;2;4
"1-5-0 (2020-11-16)";"doi.org/10.14281/18241.1";2018;410;"KOR";732;"ROK";410070268;20180105;201712;201801;15.47;16.1;23;1;410041;410007;8;5;2;1;268;2390;"ko";2;2;1.0;0.8032128514056225;41453.815261044176;2;2;2;3;3;3;2;1;1;1;2;1;2;1;2;2;2;1;1;1;1;1;2;1;2;2;1;3;2;3;3;2;3;3;3;3;2;1;2;3;4;3;2;3;3;2;1;1;1;2;5;7;8;4;4;4;4;4;3;1;1;3;3;3;3;2;2;3;2;3;3;2;3;2;2;2;2;3;3;3;2;2;2;3;3;3;3;3;2;2;2;3;3;7;1;1;2;0;0;0;0;0;0;0;0;0;0;0;0;6;8;8;6;7;1;7;3;2;3;3;2;2;2;7;3;1;1;2;2;2;2;1;1;2;3;3;2;3;2;1;2;2;1;1;2;2;1;2;1;2;1;2;2;2;1;1;2;3;2;2;3;7;8;7;5;8;8;5;2;2;2;2;3;2;3;5;2;2;2;7;5;7;8;6;9;8;8;7;6;8;9;7;8;2;2;1;2;2;2;2;2;2;2;2;3;2;2;4;4;4;4;1;1;1;2;2;2;1;2;2;1;2;2;2;2;2;410001;410001;410001;3;2;2;3;3;2;2;3;3;3;2;2;1;3;2;2;6;6;6;5;7;5;8;5;7;8;6;7;8;2;2;2;1;1;3;2;1;1949;68;6;3;1;1;1;410;410;410;1;2;1;2390;1;2;3;2;2;1;1;1;1;1;1;5;4;-5;7;2;1;1;4;5;2;7;70000000;410004;3;2;2;0.581111111111111;0.3872222222222222;0.49875;0.5816666666666667;0.0;0.33;0.0;0.11;0.66;1.0;0.3333333333333333;0.6644444444444444;1.0;1.0;1.0;1.0;0.66;0.33;0.66;0.5499999999999999;1.0;0.0;1.0;0.6666666666666666;0.5;0.33;0.66;0.49666666666666676;0.7777777777777778;0.6666666666666666;0.5555555555555556;0.6666666666666666;0.33;0.0;0.165;0.165;1.0;1.0;1.0;1.0;1.0;1.0;1.0;1.0;1.0;1.0;1.0;1.0;0;0;1;1;1;8;9;8;7;8;8;8;6;7;7;8;9;7;6;7;6;2;2;4;300;50000;50000;8;5;1;9;8;9;8;9;1;3;5;3;7;6;5;5;3;3;2;2;1;2;2;7;5;6;4
"1-5-0 (2020-11-16)";"doi.org/10.14281/18241.1";2018;410;"KOR";732;"ROK";410070269;20180105;201712;201801;15.54;16.14;20;1;410047;410013;7;4;3;1;269;2390;"ko";3;1;1.0;0.8032128514056225;41453.815261044176;1;1;1;1;1;4;1;2;1;1;1;1;2;2;2;2;2;2;2;2;2;2;2;1;2;2;1;1;1;1;1;1;1;1;3;3;3;3;3;3;3;3;3;3;2;1;1;2;2;1;7;8;7;4;4;4;4;4;1;1;1;1;2;2;1;1;4;2;2;2;2;2;3;4;4;4;2;2;2;3;2;2;2;1;1;1;1;1;2;1;2;1;2;4;1;3;3;0;0;1;0;0;0;0;0;0;0;0;0;6;7;5;4;6;1;5;3;3;3;3;3;1;3;3;2;0;0;0;0;0;0;0;0;2;2;4;4;4;4;4;4;4;1;1;2;2;2;2;2;2;2;2;1;2;1;3;4;1;3;1;2;6;4;5;7;4;5;4;1;1;1;1;2;2;6;7;3;2;1;5;3;1;1;1;1;2;1;1;3;3;1;1;1;1;1;1;2;1;1;2;2;2;3;2;5;2;5;1;5;5;2;5;3;3;3;3;3;3;3;3;2;3;3;3;4;4;8;8;8;2;3;2;3;3;2;3;3;3;3;1;2;2;2;3;2;5;4;4;4;7;6;7;5;4;5;5;6;6;2;2;2;2;2;3;3;2;1998;19;1;1;1;1;1;410;410;410;1;5;2;2390;6;0;2;1;-3;-3;3;2;3;2;6;-3;-3;-3;3;-3;2;2;3;6;2;0;100000020;410004;2;1;0;0.4152777777777778;0.6105555555555556;0.3194444444444444;0.05555555555555555;0.5;0.33;0.0;0.27666666666666667;1.0;1.0;0.8333333333333334;0.9444444444444445;0.0;0.0;0.0;0.0;0.33;0.33;0.66;0.44;0.0;1.0;1.0;0.6666666666666666;0.0;0.0;0.0;0.0;0.1111111111111111;0.0;0.2222222222222222;0.1111111111111111;0.0;1.0;0.5;0.5;1.0;1.0;1.0;1.0;1.0;1.0;1.0;1.0;1.0;1.0;1.0;1.0;1;0;0;0;1;7;5;5;3;3;3;6;4;6;4;7;7;7;4;6;5;-3;-3;3;700;15630;0;-3;6;1;-3;-3;-3;8;1;1;1;3;4;3;3;3;3;3;2;8;4;4;4;4;5;3;3;-3
"1-5-0 (2020-11-16)";"doi.org/10.14281/18241.1";2018;410;"KOR";732;"ROK";410070270;20180105;201712;201801;15.55;17.13;78;1;410041;410007;8;5;2;1;270;2390;"ko";2;1;1.0;0.8032128514056225;41453.815261044176;1;2;2;3;1;1;2;1;2;1;2;1;1;1;2;2;2;1;2;1;2;1;2;1;2;2;3;3;4;2;2;3;4;2;4;2;3;3;4;2;3;1;1;3;1;1;1;2;2;2;7;7;8;4;4;4;4;4;3;2;1;2;2;3;3;3;1;2;1;2;2;2;1;2;3;3;2;1;2;3;2;2;2;2;1;1;2;2;3;3;2;2;2;7;1;2;2;2;0;0;0;0;0;0;0;0;0;0;0;7;7;8;7;7;1;6;2;2;2;2;2;2;0;6;3;1;2;1;2;2;1;2;1;2;2;3;4;3;3;4;4;2;1;1;2;2;3;2;2;2;3;3;1;1;2;3;1;2;4;2;3;7;6;7;6;7;6;6;1;1;1;1;3;3;2;1;1;1;1;4;6;5;4;4;4;3;3;4;6;5;5;6;6;5;4;4;5;5;7;2;2;2;3;2;5;1;3;2;5;2;5;5;2;3;3;3;2;3;2;3;2;3;3;3;2;2;8;8;8;2;2;2;4;3;2;2;3;3;2;2;1;2;3;2;2;5;7;5;7;7;6;6;7;7;6;6;7;6;2;2;1;2;2;4;4;2;1963;54;4;3;1;1;1;410;410;410;1;4;1;2390;1;2;3;2;3;2;1;1;1;1;1;1;4;4;9;2;2;2;3;7;2;2;20000000;410004;5;3;2;0.4430555555555556;0.27611111111111114;0.6825925925925925;0.5318518518518519;0.5;0.33;0.66;0.49666666666666676;0.0;0.0;0.16666666666666666;0.05555555555555555;1.0;1.0;1.0;1.0;0.33;0.33;0.0;0.22;1.0;0.0;1.0;0.6666666666666666;0.75;1.0;0.33;0.6933333333333334;0.2222222222222222;0.3333333333333333;0.5555555555555556;0.3703703703703704;1.0;1.0;1.0;1.0;1.0;1.0;1.0;1.0;1.0;1.0;1.0;1.0;1.0;1.0;1.0;1.0;1;1;1;1;1;8;7;6;7;7;7;5;6;7;7;7;7;6;7;6;7;3;2;3;500;50000;5000;8;6;1;7;8;8;8;7;1;2;5;2;3;3;3;3;3;2;4;3;3;2;2;6;3;6;4
"1-5-0 (2020-11-16)";"doi.org/10.14281/18241.1";2018;410;"KOR";732;"ROK";410070271;20180105;201712;201801;16.36;16.57;21;1;410041;410007;8;5;2;1;271;2390;"ko";3;1;1.0;0.8032128514056225;41453.815261044176;1;2;2;3;2;3;2;1;1;1;1;1;2;2;2;2;2;1;2;1;2;1;2;2;2;2;2;2;3;2;3;2;2;1;2;1;3;3;3;2;1;2;2;2;2;3;2;2;2;2;6;6;7;4;4;4;4;4;1;2;1;2;3;3;3;3;3;3;4;3;3;3;2;3;4;3;3;2;4;3;3;3;2;3;3;3;4;3;3;3;2;3;4;7;1;1;2;0;0;0;0;0;0;0;0;0;0;0;0;7;4;6;5;6;1;5;2;3;3;2;3;2;2;6;2;0;1;1;1;1;0;1;1;2;2;4;4;4;4;4;4;4;1;1;2;2;2;1;2;4;4;4;1;1;1;1;3;2;1;2;3;6;7;7;6;7;7;3;2;2;2;2;3;3;7;8;3;2;2;6;3;3;2;3;2;3;3;2;6;5;5;6;5;3;3;4;5;4;5;2;1;2;2;2;5;1;5;3;2;2;1;4;2;2;2;2;2;2;2;2;2;2;2;2;1;1;-2;-2;-2;3;2;3;2;3;3;2;2;3;2;2;2;3;3;2;2;6;5;6;4;6;6;5;7;5;6;6;6;5;2;2;2;1;2;2;2;2;1996;21;1;1;1;1;1;410;410;410;1;4;1;2390;6;0;5;3;-3;-3;3;2;3;2;6;-3;-3;-3;5;-3;2;1;3;5;2;0;100000020;410004;4;2;1;0.7058333333333333;0.6366666666666667;0.5724074074074075;0.35481481481481486;0.5;0.33;0.33;0.3866666666666667;0.66;1.0;1.0;0.8866666666666667;1.0;1.0;1.0;1.0;0.66;0.66;0.33;0.5499999999999999;1.0;1.0;1.0;1.0;0.25;0.66;0.33;0.4133333333333334;0.2222222222222222;0.1111111111111111;0.5555555555555556;0.29629629629629634;0.66;0.5;0.5800000000000001;0.5800000000000001;1.0;1.0;1.0;1.0;1.0;1.0;1.0;1.0;1.0;1.0;1.0;1.0;1;1;0;1;1;7;5;5;7;6;5;7;6;6;6;5;7;7;6;7;6;-3;-3;3;350;24500;4500;-3;5;1;-3;-3;-3;5;5;1;2;5;4;5;4;3;4;4;2;7;2;3;3;2;7;5;6;-3
"1-5-0 (2020-11-16)";"doi.org/10.14281/18241.1";2018;410;"KOR";732;"ROK";410070272;20180105;201712;201801;16.44;17.37;53;1;410011;410001;8;5;1;1;272;2390;"ko";2;2;1.0;0.8032128514056225;41453.815261044176;1;2;2;3;1;4;1;2;1;1;1;2;2;1;2;2;2;1;2;1;1;1;2;2;2;2;3;2;2;4;3;3;2;1;2;1;2;1;4;2;2;1;2;2;2;3;1;3;3;3;8;3;7;4;4;4;4;4;3;2;2;3;3;3;3;3;3;3;2;2;2;3;3;3;4;4;3;2;2;4;2;2;1;2;2;2;1;2;2;2;1;1;2;8;3;1;2;0;0;0;0;0;0;0;0;0;0;0;0;6;8;8;4;7;2;7;2;4;2;2;3;2;4;5;4;2;2;2;0;2;0;1;2;2;2;3;2;2;4;4;3;2;1;2;2;2;3;2;1;2;3;4;2;1;1;1;2;3;1;1;2;7;6;7;4;3;8;2;2;2;2;2;3;2;7;8;2;2;2;4;3;3;2;3;4;3;3;4;3;7;2;8;2;7;5;3;2;3;8;3;2;3;2;1;1;1;5;5;5;5;5;1;2;2;2;2;2;2;2;2;2;2;2;2;1;1;410008;410008;410008;2;3;1;3;2;2;3;3;3;2;2;3;3;4;2;4;3;5;2;8;5;1;7;4;5;8;8;6;6;2;3;2;2;2;3;3;1;1960;57;5;3;1;1;1;410;410;410;1;3;1;2390;1;1;3;2;3;2;0;1;1;1;3;3;4;4;9;2;1;1;3;6;2;0;100000020;410004;1;1;1;0.8583333333333334;0.8866666666666667;0.3631481481481481;0.39296296296296296;1.0;0.66;0.66;0.7733333333333334;1.0;1.0;1.0;1.0;1.0;1.0;1.0;1.0;0.66;0.66;0.66;0.66;0.0;1.0;1.0;0.6666666666666666;0.25;0.33;1.0;0.5266666666666667;0.2222222222222222;0.3333333333333333;0.2222222222222222;0.25925925925925924;0.0;0.0;0.0;0.0;1.0;1.0;1.0;1.0;1.0;1.0;1.0;1.0;1.0;1.0;1.0;1.0;0;0;0;0;1;4;6;4;6;3;4;3;3;6;4;3;4;6;6;5;4;3;2;3;450;150000;0;6;6;1;6;7;8;7;7;2;2;4;5;6;1;7;5;5;3;3;2;1;1;3;6;1;8;4
"1-5-0 (2020-11-16)";"doi.org/10.14281/18241.1";2018;410;"KOR";732;"ROK";410070273;20180105;201712;201801;16.56;17.5;55;1;410026;410002;8;5;2;1;273;2390;"ko";3;1;1.0;0.8032128514056225;41453.815261044176;1;2;2;3;3;3;1;1;1;1;1;2;2;2;2;2;2;1;2;1;2;1;1;2;2;2;1;2;3;2;3;2;3;3;2;1;3;3;3;3;2;3;3;2;1;2;2;2;2;2;8;7;6;4;4;4;4;4;1;1;1;2;2;3;3;3;3;3;2;2;3;3;2;3;3;2;2;2;3;2;2;3;2;2;3;3;3;3;3;3;3;3;3;8;1;1;1;0;0;0;0;0;0;0;0;0;0;0;0;3;6;6;5;6;2;6;1;1;2;3;2;2;2;6;2;2;2;1;0;2;0;1;1;2;3;3;2;3;3;3;2;2;1;1;2;3;3;2;2;2;3;2;1;2;1;2;3;2;3;1;2;7;8;7;7;7;7;8;2;2;2;2;3;3;7;8;3;2;2;7;7;5;2;2;2;2;2;2;6;5;4;5;5;5;6;5;5;5;6;3;3;4;3;2;5;1;2;2;5;3;5;3;3;3;2;3;3;3;3;3;3;2;2;2;3;3;-2;-2;-2;2;3;3;2;3;2;3;3;3;3;2;1;2;3;2;2;7;8;7;7;8;7;7;7;8;7;7;7;8;2;3;2;3;3;3;3;1;1955;62;5;3;1;1;1;410;410;410;1;2;1;2390;1;2;2;1;2;1;1;1;1;1;1;1;6;8;6;2;1;1;3;6;2;0;100000020;410004;3;2;1;0.7058333333333333;0.6366666666666667;0.5839814814814815;0.37796296296296306;0.5;0.66;0.0;0.3866666666666667;0.66;1.0;1.0;0.8866666666666667;1.0;1.0;1.0;1.0;0.66;0.66;0.33;0.5499999999999999;1.0;1.0;1.0;1.0;0.5;0.66;0.33;0.49666666666666676;0.1111111111111111;0.1111111111111111;0.5555555555555556;0.2592592592592593;0.66;0.5;0.5800000000000001;0.5800000000000001;1.0;1.0;1.0;1.0;1.0;1.0;1.0;1.0;1.0;1.0;1.0;1.0;1;1;0;0;1;8;7;5;7;7;8;7;8;7;7;8;8;7;7;7;6;1;4;3;250;25000;0;8;4;1;8;7;7;7;7;1;1;5;8;3;5;3;4;6;2;5;1;3;1;4;5;6;3;4
"1-5-0 (2020-11-16)";"doi.org/10.14281/18241.1";2018;410;"KOR";732;"ROK";410070274;20180105;201712;201801;17.11;17.54;43;1;410041;410007;8;5;2;1;274;2390;"ko";2;1;1.0;0.8032128514056225;41453.815261044176;1;1;2;2;2;4;1;1;2;1;1;2;1;2;2;2;2;1;2;1;2;1;1;2;2;2;1;2;3;3;3;2;3;3;2;1;2;1;3;2;1;1;1;2;2;1;1;1;2;2;7;7;6;4;4;4;4;4;1;2;1;3;2;4;4;4;4;2;2;2;2;2;2;3;3;3;3;3;3;3;2;2;3;3;3;3;3;3;3;3;3;3;3;7;3;2;1;0;0;0;0;0;0;0;0;0;0;0;0;7;5;7;6;7;1;7;4;3;3;3;2;3;2;7;3;2;2;1;1;1;1;1;1;3;3;4;4;4;4;4;4;4;1;2;2;1;2;2;2;2;2;2;2;1;1;2;1;1;4;2;1;7;8;7;8;6;7;6;1;1;1;1;3;3;6;4;2;1;2;6;1;1;1;1;1;1;1;1;5;5;2;3;1;1;1;1;1;1;5;2;3;2;2;2;1;1;2;1;2;1;2;1;3;3;3;3;3;3;3;3;3;3;3;3;1;1;410002;410002;410002;2;1;1;1;2;1;2;2;2;2;1;1;2;2;1;2;8;7;6;6;5;7;7;7;7;6;7;5;7;2;2;1;1;1;4;4;1;1970;47;4;2;1;1;1;410;410;410;1;3;1;2390;1;1;5;3;5;3;2;1;2;1;3;5;4;-5;9;3;1;1;2;7;2;7;70000000;410004;2;2;1;0.34611111111111115;0.5272222222222223;0.4799537037037037;0.37740740740740747;0.0;0.33;0.0;0.11;1.0;1.0;0.8333333333333334;0.9444444444444445;0.0;0.0;0.0;0.0;0.33;0.33;0.33;0.33;1.0;1.0;1.0;1.0;0.5;0.66;0.66;0.6066666666666668;0.0;0.0;0.4444444444444444;0.14814814814814814;0.33;0.0;0.165;0.165;1.0;1.0;1.0;1.0;1.0;1.0;1.0;1.0;1.0;1.0;1.0;1.0;0;0;1;1;0;7;5;6;6;5;7;7;5;6;4;5;7;7;6;7;5;3;2;2;400;38000;0;8;7;1;8;8;9;8;7;1;4;5;5;9;7;4;6;5;2;1;3;2;2;2;9;7;4;4
"1-5-0 (2020-11-16)";"doi.org/10.14281/18241.1";2018;410;"KOR";732;"ROK";410070275;20180105;201712;201801;17.18;17.38;20;1;410011;410001;8;5;1;1;275;2390;"ko";2;1;1.0;0.8032128514056225;41453.815261044176;1;2;3;2;2;4;1;2;1;1;2;2;1;1;2;2;2;1;1;1;1;1;2;2;2;2;2;3;2;3;2;3;2;1;2;1;3;3;5;2;2;2;3;2;2;1;3;2;2;2;7;6;5;4;4;4;4;4;1;1;1;2;2;2;3;3;3;2;3;3;2;2;1;2;3;3;2;2;3;2;1;3;3;4;4;4;2;3;3;4;3;2;2;4;3;1;2;0;1;1;0;0;0;0;0;0;2;0;0;4;6;3;4;4;2;4;2;3;2;2;2;2;2;6;2;0;0;2;1;1;0;1;1;3;2;4;3;4;3;4;3;3;2;2;2;2;2;2;2;2;2;3;1;1;1;1;2;2;3;1;4;7;7;6;4;4;7;5;2;1;2;2;3;4;5;7;3;2;2;6;5;5;3;4;4;2;3;3;5;4;5;5;4;2;4;1;2;3;5;4;3;4;2;1;2;1;2;1;3;1;3;2;1;2;1;2;2;2;3;1;1;2;3;3;3;2;410002;410002;410002;2;3;3;3;2;2;3;4;2;2;1;1;2;3;3;4;4;5;3;9;3;3;9;4;2;8;9;7;7;2;2;1;2;2;3;4;1;1966;51;4;3;1;1;1;410;410;410;1;3;1;2390;1;1;3;2;3;2;2;1;2;1;1;1;5;5;6;2;1;2;3;5;2;0;100000020;410004;1;2;1;0.6238888888888889;0.6377777777777778;0.3339814814814815;0.3362962962962963;0.5;0.33;0.33;0.3866666666666667;1.0;1.0;0.6666666666666666;0.8888888888888888;1.0;1.0;1.0;1.0;0.33;0.33;0.0;0.22;0.0;0.0;1.0;0.3333333333333333;0.25;0.33;0.66;0.41333333333333333;0.1111111111111111;0.2222222222222222;0.4444444444444444;0.25925925925925924;0.66;0.0;0.33;0.33;1.0;1.0;1.0;1.0;1.0;1.0;1.0;1.0;1.0;1.0;1.0;1.0;0;1;0;0;0;6;6;5;7;5;6;4;5;6;4;3;7;4;7;5;4;1;5;3;450;37000;0;6;4;1;7;6;8;6;7;1;4;5;6;7;2;3;5;6;1;1;3;3;2;2;8;3;3;4
"1-5-0 (2020-11-16)";"doi.org/10.14281/18241.1";2018;410;"KOR";732;"ROK";410070276;20180105;201712;201801;17.24;17.45;22;1;410041;410007;8;5;2;1;276;2390;"ko";2;1;1.0;0.8032128514056225;41453.815261044176;1;2;2;2;2;2;2;1;2;1;1;1;1;2;2;2;2;1;2;1;2;1;2;1;2;2;2;1;2;3;2;2;3;3;2;1;3;3;3;2;3;2;3;3;1;2;2;1;2;2;5;6;7;4;4;3;4;4;3;1;1;2;2;3;2;2;2;3;3;3;3;3;3;2;2;2;2;2;2;2;2;3;3;2;2;2;2;3;2;2;3;3;2;7;1;1;2;1;0;0;0;0;0;0;0;0;0;0;0;7;6;4;6;6;2;4;2;1;2;2;2;2;2;6;2;1;2;2;1;1;1;2;2;3;2;2;3;2;2;1;1;1;1;2;2;2;1;2;2;1;1;2;2;1;2;2;4;1;2;1;4;4;6;7;7;6;6;7;1;1;1;1;3;2;3;5;2;2;2;4;3;3;3;3;3;2;2;4;3;5;2;4;3;3;4;3;5;4;3;2;3;3;2;2;3;1;2;3;4;5;5;2;2;1;1;2;2;2;2;2;1;2;1;1;2;2;410002;410002;410002;2;3;2;3;2;3;1;2;3;2;2;2;2;3;3;2;6;7;5;6;4;5;6;7;5;8;6;7;6;2;2;1;1;1;2;2;2;1956;61;5;3;1;1;1;410;410;410;1;2;1;2390;1;2;2;1;3;2;1;1;1;1;5;1;-3;6;8;-3;1;2;3;5;2;7;70000000;410004;1;2;1;0.6086111111111111;0.3872222222222222;0.47097222222222224;0.3594444444444445;0.0;0.33;0.33;0.22;0.33;1.0;0.3333333333333333;0.5544444444444444;1.0;1.0;1.0;1.0;0.66;0.66;0.66;0.66;1.0;1.0;1.0;1.0;0.5;0.33;0.66;0.49666666666666676;0.1111111111111111;0.3333333333333333;0.2222222222222222;0.22222222222222224;0.33;0.0;0.165;0.165;1.0;1.0;1.0;1.0;1.0;1.0;1.0;1.0;1.0;1.0;1.0;1.0;0;0;1;0;0;8;7;8;7;6;8;4;5;5;4;5;7;4;4;5;6;-3;-3;3;300;30000;30000;7;4;1;6;6;8;8;8;1;2;4;2;7;5;5;4;2;2;2;2;1;2;3;7;4;4;4
"1-5-0 (2020-11-16)";"doi.org/10.14281/18241.1";2018;410;"KOR";732;"ROK";410070277;20180105;201712;201801;17.3;17.5;20;1;410041;410007;8;5;2;1;277;2390;"ko";3;1;1.0;0.8032128514056225;41453.815261044176;1;1;3;2;2;4;1;1;1;2;2;2;1;1;2;2;2;1;2;1;2;2;2;1;2;2;2;2;3;2;3;2;2;1;3;3;4;2;3;1;3;3;2;2;1;3;3;3;2;3;5;5;5;4;4;4;4;4;3;1;1;2;2;3;3;3;3;2;3;2;2;3;3;3;2;1;2;2;2;3;2;3;3;3;1;1;2;2;3;2;3;2;2;7;2;2;1;0;2;0;0;0;0;0;0;0;0;0;0;7;5;7;5;7;2;5;1;2;1;1;2;2;3;5;3;1;0;1;1;0;1;1;2;3;2;3;2;4;3;2;3;2;1;1;2;2;3;2;2;3;3;3;2;2;1;3;1;2;3;2;3;6;6;6;7;6;7;3;2;2;2;2;3;3;7;8;3;2;1;7;5;5;5;1;1;6;7;6;7;8;6;8;1;4;1;1;5;1;2;2;2;1;2;2;1;1;3;3;5;2;5;5;2;2;3;2;2;3;3;2;2;3;2;2;2;2;410002;410002;410002;1;3;3;2;3;2;2;2;3;2;2;2;3;3;2;3;6;7;6;8;8;8;7;6;5;7;6;7;7;1;2;1;1;1;2;4;1;1964;53;4;3;1;1;1;410;410;410;1;3;1;2390;1;1;5;3;3;2;0;1;0;1;1;5;10;-5;9;2;1;1;3;7;2;0;100000020;410004;4;2;2;0.6091666666666666;0.7766666666666666;0.6256481481481482;0.5029629629629631;1.0;0.33;0.33;0.5533333333333333;1.0;1.0;1.0;1.0;1.0;0.0;0.0;0.3333333333333333;0.33;0.66;0.66;0.55;1.0;0.0;1.0;0.6666666666666666;0.25;0.66;0.33;0.4133333333333334;0.5555555555555556;0.5555555555555556;0.6666666666666666;0.5925925925925927;0.66;1.0;0.8300000000000001;0.8300000000000001;1.0;1.0;1.0;1.0;1.0;1.0;1.0;1.0;1.0;1.0;1.0;1.0;1;1;0;1;1;7;5;6;6;6;7;6;7;6;6;7;6;6;7;5;6;3;3;2;500;100000;10000;6;7;1;7;6;7;7;5;1;2;5;3;8;3;4;3;5;2;1;2;3;2;3;9;2;3;4
"1-5-0 (2020-11-16)";"doi.org/10.14281/18241.1";2018;410;"KOR";732;"ROK";410070278;20180105;201712;201801;17.37;18.35;58;1;410041;410007;8;5;2;1;278;2390;"ko";2;2;1.0;0.8032128514056225;41453.815261044176;1;2;3;2;1;3;1;1;1;1;2;1;2;2;2;2;2;1;2;1;2;1;2;1;2;2;2;2;3;3;2;2;2;1;1;1;2;1;3;2;3;2;2;2;2;2;2;2;2;2;7;8;7;4;4;4;4;4;3;2;3;4;3;3;3;3;2;3;2;2;2;3;2;2;3;2;2;2;3;2;2;2;3;2;2;2;3;2;3;3;3;2;3;7;1;1;2;0;0;0;0;0;0;0;0;0;0;0;0;7;7;6;6;6;2;6;2;2;3;2;2;2;2;7;4;1;0;0;1;0;0;1;0;3;2;2;3;3;3;2;3;3;2;2;2;2;2;2;2;2;3;2;1;1;2;3;4;2;3;3;2;7;6;7;4;6;4;8;2;2;2;2;3;3;5;6;2;1;2;7;6;7;6;7;6;7;7;6;4;3;1;2;1;2;1;1;1;1;1;3;2;3;3;3;4;1;5;1;4;2;5;1;3;3;3;3;3;3;3;3;3;3;3;3;2;2;410002;410002;410002;3;3;3;2;3;3;3;3;2;3;3;3;3;3;2;4;6;8;6;7;8;7;7;8;7;8;7;7;8;3;3;3;2;3;3;3;2;1981;36;3;2;1;2;2;410;-2;-2;1;3;1;2390;1;1;5;3;6;3;3;2;3;2;1;1;3;3;6;2;2;1;3;4;2;0;100000020;410004;4;2;1;0.7055555555555555;0.6361111111111112;0.6346296296296297;0.5209259259259259;0.5;0.66;0.33;0.49666666666666676;0.66;1.0;0.6666666666666666;0.7755555555555556;1.0;1.0;1.0;1.0;0.66;0.66;0.33;0.5499999999999999;1.0;0.0;1.0;0.6666666666666666;0.25;0.66;0.66;0.5233333333333333;0.6666666666666666;0.5555555555555556;0.3333333333333333;0.5185185185185185;0.66;1.0;0.8300000000000001;0.8300000000000001;1.0;1.0;1.0;1.0;1.0;1.0;1.0;1.0;1.0;1.0;1.0;1.0;1;1;0;1;1;8;7;6;6;6;7;6;6;6;7;6;7;6;6;6;6;1;5;3;480;18000;3200;7;4;2;8;7;7;7;7;1;1;2;2;7;1;3;2;3;2;1;3;3;3;3;8;1;3;4
"1-5-0 (2020-11-16)";"doi.org/10.14281/18241.1";2018;410;"KOR";732;"ROK";410070279;20180105;201712;201801;17.52;18.46;54;1;410026;410002;8;5;2;1;279;2390;"ko";2;1;1.0;0.8032128514056225;41453.815261044176;1;1;2;3;1;2;1;1;1;1;2;2;1;2;2;2;2;1;2;1;2;1;2;2;2;2;2;3;3;3;2;2;2;1;1;1;3;3;3;1;4;1;2;2;2;3;1;2;2;2;8;9;8;4;4;4;4;4;1;2;1;2;2;3;3;3;2;2;2;2;3;2;3;3;3;3;2;2;2;3;2;2;2;3;2;2;3;2;2;2;2;2;2;7;3;3;2;0;0;0;0;0;0;0;0;0;0;0;0;7;7;6;5;5;1;7;3;2;3;3;3;1;2;9;2;2;0;1;0;0;1;0;0;3;2;4;4;4;4;4;4;4;2;2;2;2;3;2;2;3;3;3;1;1;2;1;2;1;3;1;2;7;7;6;7;6;8;4;1;2;2;2;3;3;4;5;2;2;2;5;2;3;1;1;2;2;1;3;6;5;1;1;3;1;2;2;1;2;1;3;3;4;3;2;5;1;5;5;5;3;3;2;3;3;3;3;3;3;3;3;3;3;3;3;1;1;410001;410001;410001;1;4;3;4;3;2;3;3;3;3;1;2;1;2;2;2;9;6;4;7;6;7;7;5;7;6;7;7;6;2;2;2;1;2;2;2;2;1961;56;5;3;1;1;1;410;410;410;1;4;1;2390;1;2;3;2;6;3;2;1;3;2;3;3;4;3;7;2;2;1;2;7;2;7;70000000;410004;1;1;1;0.5258333333333334;0.49833333333333335;0.37157407407407406;0.4098148148148148;0.5;0.33;0.33;0.3866666666666667;0.33;1.0;0.5;0.61;1.0;0.0;1.0;0.6666666666666666;0.33;0.33;0.66;0.44;1.0;0.0;1.0;0.6666666666666666;0.25;0.66;0.66;0.5233333333333333;0.1111111111111111;0.2222222222222222;0.5555555555555556;0.2962962962962963;0.0;0.0;0.0;0.0;1.0;1.0;1.0;1.0;1.0;1.0;1.0;1.0;1.0;1.0;1.0;1.0;0;0;0;0;1;9;6;6;6;4;6;5;4;5;6;6;9;5;8;7;7;4;1;2;700;35000;0;9;5;1;8;8;9;9;7;1;1;5;3;3;7;5;5;3;3;2;2;3;2;3;3;7;5;4
"1-5-0 (2020-11-16)";"doi.org/10.14281/18241.1";2018;410;"KOR";732;"ROK";410070280;20180105;201712;201801;18.05;18.32;27;1;410011;410001;8;5;1;1;280;2390;"ko";3;1;1.0;0.8032128514056225;41453.815261044176;2;2;2;3;1;4;1;2;1;1;1;2;2;1;2;2;2;1;1;1;1;1;2;1;2;1;2;2;3;3;2;3;3;3;2;1;4;2;4;3;3;2;2;2;2;2;2;3;2;1;8;7;7;4;4;4;4;4;1;2;1;3;2;4;3;3;3;3;3;3;3;2;3;2;3;4;3;2;3;2;2;2;3;3;3;3;2;2;2;2;2;2;2;8;3;1;2;0;0;0;0;0;0;0;0;0;0;0;0;8;7;6;6;9;2;8;2;2;2;3;3;3;3;6;2;2;0;2;2;1;2;1;1;3;3;2;2;1;3;3;3;2;1;2;2;2;2;2;2;3;3;4;1;2;1;2;1;3;2;2;3;7;8;4;7;5;8;5;2;2;2;2;3;3;7;7;3;2;2;5;2;1;1;1;1;3;1;1;5;5;1;5;1;1;1;3;1;1;5;4;4;4;3;2;5;1;5;1;5;1;2;2;2;2;2;2;2;3;3;3;2;2;3;2;1;1;-2;-2;-2;2;3;2;2;2;2;2;3;2;2;2;2;3;4;3;3;4;6;6;7;5;7;6;5;5;5;6;6;7;2;2;2;2;2;2;2;1;1982;35;3;2;2;1;1;-2;410;410;1;5;2;2390;6;0;3;2;-3;-3;2;1;2;1;1;-3;5;-3;6;2;2;1;3;5;2;0;100000020;-5;3;2;1;0.5258333333333333;0.7766666666666666;0.41513888888888895;0.4144444444444445;1.0;0.33;0.33;0.5533333333333333;1.0;1.0;1.0;1.0;0.0;0.0;0.0;0.0;0.66;0.33;0.66;0.5499999999999999;0.0;1.0;1.0;0.6666666666666666;0.5;0.66;0.66;0.6066666666666668;0.2222222222222222;0.0;0.4444444444444444;0.2222222222222222;0.33;0.0;0.165;0.165;1.0;1.0;1.0;1.0;1.0;1.0;1.0;1.0;1.0;1.0;1.0;1.0;0;0;1;1;1;8;5;6;4;3;3;2;1;3;3;4;8;5;7;7;6;1;3;2;250;50000;0;7;6;1;7;7;8;6;5;1;2;4;6;4;1;4;5;6;2;7;2;1;1;2;5;2;3;-3
"1-5-0 (2020-11-16)";"doi.org/10.14281/18241.1";2018;410;"KOR";732;"ROK";410070281;20180105;201712;201801;18.13;18.39;26;1;410011;410001;8;5;1;1;281;2390;"ko";3;1;1.0;0.8032128514056225;41453.815261044176;1;1;2;2;2;2;1;2;1;1;2;2;1;2;1;2;2;1;1;1;2;1;2;1;2;2;2;2;2;1;2;2;2;1;3;3;3;3;2;2;2;3;2;3;2;2;2;2;2;2;7;6;7;4;4;4;4;4;1;1;1;1;1;4;3;3;2;2;2;2;3;3;2;2;3;3;3;2;3;2;2;2;2;3;3;3;2;2;2;3;2;2;2;8;1;2;2;1;0;0;0;0;0;0;0;0;0;0;0;7;5;4;7;7;2;8;4;4;3;3;2;2;1;8;3;2;2;2;2;2;0;0;0;2;2;3;1;3;3;3;2;3;1;2;2;3;3;2;2;2;2;2;2;2;2;2;3;1;3;1;2;8;7;4;2;3;8;3;1;1;1;1;3;3;1;3;2;1;1;8;2;3;2;2;3;3;2;3;4;3;1;1;1;1;2;3;3;3;2;2;2;1;3;2;4;1;3;1;2;2;4;1;2;2;2;3;2;2;2;3;1;2;2;3;1;1;410002;410002;410002;2;3;2;3;2;2;3;2;2;3;2;2;2;3;2;3;5;8;4;7;8;5;8;8;4;7;8;8;7;2;1;1;1;1;2;4;2;1957;60;5;3;1;1;1;410;410;410;1;3;1;2390;1;1;3;2;6;3;2;1;3;2;5;1;-3;3;4;-3;2;1;3;7;2;1;10100000;410004;2;1;-1;0.54;0.36;0.2589814814814815;0.2262962962962963;0.5;0.0;0.33;0.27666666666666667;0.33;1.0;0.0;0.44333333333333336;1.0;1.0;1.0;1.0;0.33;0.66;0.33;0.44;0.0;0.0;1.0;0.3333333333333333;0.25;0.33;0.0;0.19333333333333336;0.2222222222222222;0.2222222222222222;0.3333333333333333;0.25925925925925924;0.0;0.5;0.25;0.25;1.0;1.0;1.0;1.0;1.0;1.0;1.0;1.0;1.0;1.0;1.0;1.0;1;0;0;0;1;8;8;7;9;3;3;4;3;4;3;6;8;3;7;7;8;-3;-3;2;600;250000;8000;-3;7;1;-3;-3;-3;9;6;2;1;5;2;7;3;5;5;4;3;1;2;3;2;4;6;2;5;4
"1-5-0 (2020-11-16)";"doi.org/10.14281/18241.1";2018;410;"KOR";732;"ROK";410070282;20180105;201712;201801;18.2;18.41;21;1;410041;410007;8;5;2;1;282;2390;"ko";2;2;1.0;0.8032128514056225;41453.815261044176;1;1;2;2;3;2;2;1;2;1;2;1;1;1;2;2;2;1;2;1;2;1;2;1;2;2;2;1;3;2;2;3;2;1;1;1;3;3;2;2;3;2;4;3;3;1;1;1;1;1;8;9;7;4;4;4;4;4;3;1;1;1;2;2;2;2;2;3;3;3;3;2;2;3;3;2;2;2;3;2;3;3;2;2;2;2;3;3;3;2;2;3;2;7;1;1;1;1;0;0;0;0;0;0;0;0;0;0;0;4;4;4;4;4;2;7;2;2;3;3;3;2;3;7;2;1;2;0;1;1;2;2;1;2;2;4;4;4;4;4;4;4;1;2;2;2;1;2;2;2;2;3;2;2;2;3;2;3;4;2;4;8;7;7;5;8;7;7;1;1;1;1;3;2;2;7;2;1;1;6;5;4;3;2;2;2;3;4;7;3;2;4;3;2;2;1;2;2;2;2;2;3;2;2;4;2;2;3;3;2;3;2;2;2;2;2;2;2;2;2;2;2;2;2;3;2;410008;410008;410008;2;1;2;3;2;2;3;2;2;1;3;2;1;2;2;3;6;6;7;4;7;7;6;8;6;7;8;6;8;2;2;2;1;1;3;2;2;1987;30;2;2;1;1;1;410;410;410;1;1;2;2390;1;4;3;2;5;3;2;1;3;2;1;1;3;3;6;2;2;1;3;5;2;1;10100000;410004;3;2;2;0.5397222222222222;0.35944444444444446;0.5288425925925926;0.3918518518518519;0.0;0.33;0.33;0.22;0.33;1.0;0.16666666666666666;0.49888888888888894;1.0;1.0;1.0;1.0;0.66;0.33;0.33;0.44;1.0;0.0;1.0;0.6666666666666666;0.25;0.66;0.33;0.4133333333333334;0.1111111111111111;0.3333333333333333;0.6666666666666666;0.3703703703703704;0.33;1.0;0.665;0.665;1.0;1.0;1.0;1.0;1.0;1.0;1.0;1.0;1.0;1.0;1.0;1.0;1;0;1;1;0;9;4;6;5;6;4;6;5;6;6;7;9;7;8;7;6;1;3;3;500;22000;10000;8;4;1;7;6;8;8;6;1;2;5;3;7;4;5;5;2;3;3;2;1;1;2;7;5;6;4
"1-5-0 (2020-11-16)";"doi.org/10.14281/18241.1";2018;410;"KOR";732;"ROK";410070283;20180105;201712;201801;18.26;18.46;20;1;410041;410007;8;5;2;1;283;2390;"ko";3;1;1.0;0.8032128514056225;41453.815261044176;1;1;2;2;3;3;1;2;1;1;2;1;1;2;2;2;2;1;2;1;2;1;2;2;2;2;2;3;2;3;2;3;2;1;2;1;2;1;3;2;3;2;3;3;2;3;1;2;2;2;4;6;5;4;4;4;4;4;2;2;1;2;3;4;4;4;1;2;2;3;4;3;3;3;2;3;3;2;3;3;3;3;2;2;3;3;3;3;2;3;2;3;3;5;1;2;1;0;0;0;0;0;0;0;0;0;0;0;0;6;7;6;6;8;1;7;2;3;3;2;2;2;2;5;3;1;0;1;2;1;0;1;1;2;2;4;4;4;4;4;4;4;1;1;2;2;2;1;1;4;4;4;2;1;1;2;3;2;1;2;3;8;7;7;6;7;7;4;2;2;2;2;3;3;7;8;3;2;2;5;7;6;5;6;7;5;6;5;4;7;6;6;5;7;6;7;5;7;6;2;2;3;2;1;5;1;4;2;5;5;5;2;3;3;3;3;3;3;3;3;3;3;3;3;2;2;410001;410001;410001;2;3;3;3;2;2;3;2;2;3;2;3;2;3;2;2;5;5;5;7;5;6;6;5;6;7;6;6;5;2;2;1;1;1;2;3;1;1956;61;5;3;1;1;1;410;410;410;1;4;1;2390;1;2;2;1;2;1;0;1;0;1;1;5;5;-5;6;2;1;2;3;6;2;0;100000020;410004;4;2;0;0.7058333333333333;0.6366666666666667;0.4335185185185185;0.4103703703703704;0.5;0.33;0.33;0.3866666666666667;0.66;1.0;1.0;0.8866666666666667;1.0;1.0;1.0;1.0;0.33;0.66;0.66;0.55;0.0;0.0;1.0;0.3333333333333333;0.25;0.33;0.66;0.41333333333333333;0.4444444444444444;0.4444444444444444;0.3333333333333333;0.4074074074074074;0.66;0.5;0.5800000000000001;0.5800000000000001;1.0;1.0;1.0;1.0;1.0;1.0;1.0;1.0;1.0;1.0;1.0;1.0;1;1;0;1;1;7;4;7;6;5;5;5;6;7;6;6;7;7;7;5;7;4;1;3;200;6500;1500;4;5;2;6;7;7;4;6;1;1;4;4;3;7;5;4;5;2;2;2;3;2;2;5;7;5;4
"1-5-0 (2020-11-16)";"doi.org/10.14281/18241.1";2018;410;"KOR";732;"ROK";410070284;20180105;201712;201801;18.32;19.45;73;1;410026;410002;8;5;2;1;284;2390;"ko";2;1;1.0;0.8032128514056225;41453.815261044176;1;2;2;2;1;2;1;2;1;1;1;2;1;2;2;2;2;1;2;1;1;1;2;1;2;2;3;2;2;3;2;3;2;1;2;1;4;2;3;2;2;1;2;3;2;3;1;2;2;2;8;7;4;4;3;4;3;3;1;2;1;3;2;4;3;3;2;2;2;2;3;2;2;2;3;3;2;2;2;2;2;2;2;3;3;3;3;3;3;3;2;2;2;6;1;3;2;0;0;0;0;0;0;0;0;0;0;0;0;6;7;6;7;7;2;5;2;2;2;2;2;2;3;6;3;1;2;2;1;1;1;1;1;3;2;3;2;3;3;3;2;3;1;2;2;2;2;2;2;2;1;3;2;2;1;1;2;1;3;1;2;7;6;6;7;7;6;7;2;2;2;2;2;2;4;5;2;2;2;6;7;8;8;8;8;7;8;8;7;8;8;8;7;8;7;8;8;8;8;2;2;4;3;2;3;3;3;3;3;2;5;2;2;2;2;2;2;2;2;2;2;1;2;1;1;1;-2;-2;-2;1;1;2;2;2;3;2;3;2;3;3;2;2;2;3;3;7;6;8;7;6;7;8;6;7;8;7;6;7;2;2;2;2;2;2;2;1;1958;59;5;3;1;1;1;410;410;410;1;3;2;2390;1;2;3;2;3;2;1;1;1;1;1;5;6;-5;9;2;1;1;3;6;2;0;100000020;410004;1;1;0;0.6091666666666666;0.5533333333333333;0.44592592592592595;0.5585185185185185;0.5;0.33;0.66;0.49666666666666676;0.33;1.0;0.5;0.61;1.0;1.0;1.0;1.0;0.33;0.33;0.33;0.33;0.0;1.0;1.0;0.6666666666666666;0.25;0.33;0.66;0.41333333333333333;0.6666666666666666;0.7777777777777778;0.6666666666666666;0.7037037037037037;0.0;0.0;0.0;0.0;1.0;1.0;1.0;1.0;1.0;1.0;1.0;1.0;1.0;1.0;1.0;1.0;0;0;0;0;1;7;6;6;7;7;4;5;7;7;7;7;7;6;6;7;7;1;4;3;250;30000;0;6;6;1;5;6;5;8;4;1;1;4;4;5;5;5;4;2;2;2;3;2;3;3;7;6;6;4
"1-5-0 (2020-11-16)";"doi.org/10.14281/18241.1";2018;410;"KOR";732;"ROK";410070285;20180105;201712;201801;18.36;19.26;50;1;410026;410002;8;5;2;1;285;2390;"ko";3;1;1.0;0.8032128514056225;41453.815261044176;1;1;1;3;1;3;1;2;1;1;1;2;2;1;2;2;2;1;2;1;2;1;2;2;2;2;2;4;3;3;2;2;3;3;1;1;3;3;4;3;3;2;2;3;2;3;1;3;2;2;9;8;7;4;4;4;4;4;1;2;1;3;2;3;4;4;3;2;3;2;3;3;3;3;3;3;3;2;3;2;2;2;2;3;3;3;2;2;3;3;2;2;2;7;3;1;2;0;0;0;0;0;0;0;0;0;0;0;0;8;6;7;7;8;1;8;4;3;3;3;4;2;2;6;4;1;2;2;1;1;1;2;1;3;2;4;4;4;4;4;4;4;2;2;2;2;3;2;2;3;2;2;1;2;2;2;1;3;1;1;4;8;7;8;8;7;7;8;1;1;1;1;2;2;6;7;2;1;2;4;7;5;6;7;8;6;2;3;7;8;7;8;7;8;7;8;7;8;7;2;3;2;3;3;5;1;5;1;3;2;5;4;3;3;3;3;3;3;3;3;2;3;2;3;2;3;-2;-2;-2;2;3;2;3;3;2;2;3;3;3;2;3;2;3;3;3;8;8;7;8;7;8;8;7;8;7;8;7;8;2;2;2;3;2;3;3;1;1980;37;3;2;1;1;1;410;410;410;1;3;2;2390;6;0;6;3;-3;-3;3;2;3;2;1;-3;5;-3;7;2;2;2;2;8;3;0;100000020;410004;0;1;1;0.7336111111111112;0.6922222222222223;0.4387037037037037;0.5440740740740742;1.0;0.33;0.33;0.5533333333333333;0.66;1.0;0.8333333333333334;0.8311111111111112;1.0;1.0;1.0;1.0;0.33;0.66;0.66;0.55;0.0;1.0;1.0;0.6666666666666666;0.5;0.66;0.66;0.6066666666666668;0.5555555555555556;0.2222222222222222;0.6666666666666666;0.48148148148148145;0.0;0.0;0.0;0.0;1.0;1.0;1.0;1.0;1.0;1.0;1.0;1.0;1.0;1.0;1.0;1.0;0;0;0;0;0;8;7;8;8;5;5;6;7;6;7;7;8;8;8;7;7;1;2;2;400;25000;5000;9;6;1;8;9;8;8;6;1;1;7;7;8;7;7;7;7;2;7;3;4;2;2;8;7;7;-3
"1-5-0 (2020-11-16)";"doi.org/10.14281/18241.1";2018;410;"KOR";732;"ROK";410070286;20180105;201712;201801;18.41;19.15;33;1;410041;410007;8;5;2;1;286;2390;"ko";2;1;1.0;0.8032128514056225;41453.815261044176;1;2;2;2;1;3;1;1;1;1;1;2;2;2;2;2;2;1;1;1;2;1;2;1;2;1;2;2;2;2;2;2;2;1;2;1;2;1;3;3;2;1;2;3;3;2;2;2;2;2;8;7;6;2;2;3;2;2;3;2;1;2;2;3;2;3;2;2;2;2;2;2;2;2;2;2;2;2;3;2;2;2;2;2;2;2;2;2;2;2;2;2;2;7;1;1;1;0;0;0;0;0;0;0;0;0;0;0;0;7;5;6;5;6;2;6;2;2;3;2;3;2;2;6;3;2;1;1;1;2;1;1;1;3;2;2;3;2;4;4;2;2;2;2;2;2;3;2;2;3;3;3;2;1;1;3;1;2;3;1;3;6;5;6;6;5;6;6;2;2;2;2;2;2;5;5;3;1;2;6;5;3;2;2;2;2;2;2;4;3;1;2;1;2;2;3;2;3;4;4;4;4;3;2;3;1;5;1;1;1;1;2;3;3;3;3;2;2;3;3;2;2;3;3;2;2;410002;410002;410002;2;2;2;2;3;2;3;2;2;2;2;3;2;3;1;3;7;7;6;8;7;3;8;7;5;4;10;7;7;2;2;1;1;1;2;3;1;1982;35;3;2;1;1;1;410;410;410;1;3;1;2390;1;1;6;3;6;3;3;2;5;3;1;5;3;-5;3;2;1;2;3;4;2;0;100000020;410004;3;2;1;0.6230555555555556;0.5811111111111111;0.5796296296296297;0.2442592592592593;0.5;0.33;0.33;0.3866666666666667;0.66;1.0;0.6666666666666666;0.7755555555555556;1.0;1.0;1.0;1.0;0.33;0.33;0.33;0.33;1.0;1.0;1.0;1.0;0.25;0.33;0.33;0.3033333333333334;0.1111111111111111;0.1111111111111111;0.3333333333333333;0.1851851851851852;0.66;1.0;0.8300000000000001;0.8300000000000001;1.0;1.0;1.0;1.0;1.0;1.0;1.0;1.0;1.0;1.0;1.0;1.0;1;1;0;0;1;7;6;5;6;5;7;6;7;6;7;6;7;7;6;6;5;1;6;3;280;19000;5000;8;4;2;8;7;7;7;6;1;3;5;5;7;1;2;2;5;2;1;3;3;3;3;8;1;4;4
"1-5-0 (2020-11-16)";"doi.org/10.14281/18241.1";2018;410;"KOR";732;"ROK";410070287;20180105;201712;201801;18.53;19.38;45;1;410041;410007;8;5;2;1;287;2390;"ko";2;1;1.0;0.8032128514056225;41453.815261044176;1;1;1;1;2;3;1;1;2;1;2;1;2;1;2;2;2;1;2;1;2;1;2;2;2;2;1;3;1;2;2;1;1;1;2;1;3;3;3;3;3;1;2;3;2;1;1;2;2;2;7;6;5;4;4;4;3;4;1;2;1;2;3;4;3;4;4;3;4;3;3;3;3;2;2;3;3;3;2;3;2;2;2;2;1;1;1;2;1;1;2;1;1;8;2;3;2;0;0;2;0;0;0;0;0;0;0;0;0;6;3;6;3;3;1;8;3;3;3;4;4;4;1;10;5;2;2;2;0;2;0;0;2;2;1;4;4;4;4;4;4;4;2;2;2;2;2;2;2;4;4;4;1;2;1;1;4;3;1;1;3;9;7;6;7;2;8;5;2;2;2;2;4;3;7;7;2;2;2;9;3;3;1;2;1;4;4;7;8;7;5;7;2;2;2;1;4;2;4;1;3;3;1;1;2;1;3;3;4;2;2;3;1;1;1;2;1;2;2;2;1;1;1;1;1;1;410002;410002;410002;3;2;1;2;3;3;3;2;2;3;1;1;2;4;1;3;2;8;3;9;5;1;9;9;7;8;10;7;6;3;1;1;2;1;2;2;2;1991;26;2;1;1;1;1;410;410;410;1;3;2;2390;6;0;5;3;-3;-3;3;2;5;3;1;-3;6;-3;4;2;2;2;3;6;2;0;100000020;410004;1;1;2;0.5950000000000001;0.5266666666666667;0.3423148148148148;0.3512962962962963;0.5;0.0;0.0;0.16666666666666666;0.66;1.0;1.0;0.8866666666666667;1.0;1.0;0.0;0.6666666666666666;0.66;0.66;0.66;0.66;1.0;0.0;1.0;0.6666666666666666;0.0;0.0;0.33;0.11;0.3333333333333333;0.6666666666666666;0.7777777777777778;0.5925925925925926;0.0;0.0;0.0;0.0;1.0;1.0;1.0;1.0;1.0;1.0;1.0;1.0;1.0;1.0;1.0;1.0;0;0;0;0;1;7;5;3;7;5;6;4;4;6;5;3;7;4;9;5;5;1;4;2;600;150000;50000;5;6;1;7;6;6;5;2;1;5;2;5;8;1;4;4;6;1;1;4;2;3;1;10;1;2;-3
"1-5-0 (2020-11-16)";"doi.org/10.14281/18241.1";2018;410;"KOR";732;"ROK";410070288;20180105;201712;201801;19.09;19.35;26;1;410041;410007;8;5;2;1;288;2390;"ko";2;1;1.0;0.8032128514056225;41453.815261044176;1;2;2;3;3;3;1;1;2;1;1;2;2;1;2;2;2;1;1;1;1;1;2;2;2;2;2;2;3;3;3;3;3;3;2;1;2;1;2;2;2;1;2;2;1;3;1;1;2;2;7;6;7;4;4;4;4;4;1;2;1;2;3;4;4;4;2;2;3;3;2;2;3;3;3;2;3;2;3;3;3;3;3;2;3;3;3;3;3;3;3;3;3;5;1;2;1;0;0;0;0;0;0;0;0;0;0;0;0;8;7;6;5;7;2;8;4;3;3;3;3;3;2;7;3;2;2;1;1;0;0;0;0;2;2;4;4;4;4;4;4;4;1;1;2;1;1;2;2;1;1;1;1;1;2;2;1;2;1;1;2;7;6;8;7;7;6;7;1;1;1;1;3;3;7;7;3;1;2;5;6;1;1;1;1;2;1;1;4;3;1;4;1;1;1;1;3;2;3;2;2;2;3;3;5;1;5;5;5;5;5;2;3;3;3;3;3;3;3;3;3;3;3;3;2;2;-2;-2;-2;2;1;1;2;2;1;2;1;2;2;2;2;1;2;1;2;6;7;6;5;7;7;5;5;7;7;6;6;7;2;2;1;1;1;4;4;2;1958;59;5;3;1;1;1;410;410;410;1;2;1;2390;1;2;3;2;3;2;2;1;2;1;5;1;-3;6;9;-3;2;2;5;3;1;0;100000020;410004;2;2;2;0.38666666666666666;0.5533333333333333;0.5212037037037037;0.37740740740740747;0.0;0.33;0.33;0.22;0.66;1.0;1.0;0.8866666666666667;0.0;0.0;0.0;0.0;0.33;0.33;0.66;0.44;1.0;1.0;1.0;1.0;0.5;0.66;0.66;0.6066666666666668;0.1111111111111111;0.0;0.3333333333333333;0.14814814814814814;0.66;0.0;0.33;0.33;1.0;1.0;1.0;1.0;1.0;1.0;1.0;1.0;1.0;1.0;1.0;1.0;0;1;0;0;1;7;6;7;7;6;7;6;6;5;7;6;6;6;7;6;7;-3;-3;5;250;30000;0;-3;3;1;-3;-3;-3;7;7;1;1;5;5;9;7;5;5;5;2;1;3;3;2;2;9;7;3;4
"1-5-0 (2020-11-16)";"doi.org/10.14281/18241.1";2018;410;"KOR";732;"ROK";410070289;20180105;201712;201801;19.2;19.58;37;1;410026;410002;8;5;2;1;289;2390;"ko";2;1;1.0;0.8032128514056225;41453.815261044176;2;2;2;3;2;3;2;1;2;1;2;2;1;1;2;1;2;1;1;1;2;1;2;1;2;2;1;2;2;1;2;2;2;1;3;3;3;3;2;3;1;3;2;2;2;1;2;2;2;2;7;7;6;3;3;2;3;3;1;1;1;2;2;2;3;3;3;3;4;1;2;2;3;3;3;3;3;2;3;3;3;2;3;3;3;3;3;2;2;2;3;3;2;7;1;1;1;2;1;1;1;2;2;1;1;2;1;1;1;8;7;7;7;7;1;7;2;1;2;3;2;2;2;5;3;1;2;1;1;1;1;1;1;3;2;2;2;3;2;2;3;2;2;2;2;2;2;2;2;2;2;2;1;1;1;1;3;1;2;1;2;7;8;7;8;8;7;8;2;2;2;2;3;3;6;7;3;1;2;8;7;8;7;7;7;7;6;7;8;7;7;8;7;8;7;7;8;7;7;2;3;3;3;3;4;1;3;2;4;2;3;3;3;3;3;3;3;3;3;3;2;2;2;2;2;2;-2;-2;-2;2;3;2;2;3;3;3;3;2;2;2;2;1;2;2;2;7;7;7;7;6;7;7;7;6;7;7;7;8;2;2;2;2;1;3;3;2;1966;51;4;3;1;1;1;410;410;410;1;4;1;2390;1;2;3;2;3;2;3;2;3;2;5;1;-3;3;3;-3;2;2;3;6;2;0;100000020;410004;3;2;2;0.6644444444444444;0.553888888888889;0.4946759259259259;0.44851851851851854;0.5;0.33;0.0;0.27666666666666667;0.66;1.0;0.8333333333333334;0.8311111111111112;1.0;1.0;1.0;1.0;0.66;0.33;0.66;0.5499999999999999;1.0;0.0;1.0;0.6666666666666666;0.25;0.33;0.0;0.19333333333333336;0.6666666666666666;0.6666666666666666;0.7777777777777778;0.7037037037037037;0.33;0.5;0.41500000000000004;0.41500000000000004;1.0;1.0;1.0;1.0;1.0;1.0;1.0;1.0;1.0;1.0;1.0;1.0;1;0;1;0;1;7;7;7;6;7;7;6;7;6;7;7;8;7;7;6;7;-3;-3;3;350;30000;0;-3;6;1;-3;-3;-3;8;6;1;1;6;7;6;6;6;6;6;2;7;3;2;3;3;6;6;5;4
"1-5-0 (2020-11-16)";"doi.org/10.14281/18241.1";2018;410;"KOR";732;"ROK";410070290;20180105;201712;201801;19.24;19.58;34;1;410048;410014;7;4;3;1;290;2390;"ko";3;1;1.0;0.8032128514056225;41453.815261044176;1;2;2;3;2;3;1;1;1;1;2;1;2;2;2;2;2;1;1;1;2;1;2;1;2;2;2;2;3;3;2;3;3;3;2;1;3;3;4;3;2;2;2;3;2;3;2;3;2;2;6;7;6;4;4;4;4;4;3;2;1;2;2;3;3;3;2;2;3;2;2;2;3;3;3;3;2;2;3;2;2;3;3;3;3;3;2;2;2;3;2;2;2;7;3;1;2;0;0;0;0;0;0;0;0;0;0;0;0;8;7;7;5;6;2;7;3;3;3;3;3;2;2;4;3;2;0;2;1;0;2;2;1;3;2;4;3;4;4;4;3;4;1;1;2;4;2;2;2;1;2;1;1;2;1;1;3;1;3;1;2;8;7;5;7;7;7;2;2;2;2;2;3;3;7;8;3;1;1;4;3;5;3;4;4;1;1;4;5;3;1;3;1;5;4;3;4;3;5;3;4;4;3;3;3;1;2;1;3;1;4;2;3;3;2;3;2;2;3;2;3;3;3;3;1;1;-2;-2;-2;2;3;3;2;3;2;2;3;2;3;1;3;4;3;1;3;4;7;5;7;8;5;7;8;3;8;9;6;6;2;2;1;2;1;2;3;2;1972;45;4;2;1;1;1;410;410;410;1;4;2;2390;1;2;3;2;3;2;2;1;2;1;5;3;-3;5;9;-3;2;2;3;5;2;0;100000020;410004;2;1;1;0.72;0.72;0.4456481481481481;0.432962962962963;1.0;0.33;0.33;0.5533333333333333;0.66;1.0;1.0;0.8866666666666667;1.0;1.0;1.0;1.0;0.33;0.33;0.66;0.44;1.0;0.0;1.0;0.6666666666666666;0.5;0.66;0.66;0.6066666666666668;0.0;0.3333333333333333;0.4444444444444444;0.25925925925925924;0.0;0.5;0.25;0.25;1.0;1.0;1.0;1.0;1.0;1.0;1.0;1.0;1.0;1.0;1.0;1.0;1;0;0;0;1;7;4;7;5;3;4;3;3;3;5;7;7;6;7;4;4;-3;-3;3;400;25000;2000;-3;4;1;-3;-3;-3;9;5;1;1;4;4;5;4;3;4;3;3;1;3;3;1;2;7;5;5;4
"1-5-0 (2020-11-16)";"doi.org/10.14281/18241.1";2018;410;"KOR";732;"ROK";410070291;20180105;201712;201801;19.27;20.01;34;1;410026;410002;8;5;2;1;291;2390;"ko";2;1;1.0;0.8032128514056225;41453.815261044176;1;1;1;3;2;3;1;2;2;1;1;2;1;1;2;2;2;1;2;1;1;1;2;1;1;2;2;3;3;2;3;3;2;1;4;2;4;2;3;3;4;2;4;4;2;2;1;2;2;2;7;8;7;4;4;4;4;4;3;2;1;3;2;3;3;3;3;2;3;3;3;2;3;3;3;3;2;2;3;3;3;3;2;3;3;3;2;2;3;3;3;2;3;8;3;3;2;0;0;0;0;0;0;0;0;0;0;0;0;7;8;7;8;8;1;8;3;3;2;3;3;2;2;6;3;1;1;2;1;2;1;1;1;3;4;4;4;4;4;4;4;4;2;1;2;2;3;2;2;3;2;2;2;2;1;2;1;3;4;1;2;8;8;7;8;7;8;8;1;2;2;2;3;3;6;7;2;2;2;8;7;8;8;3;3;3;2;3;7;4;3;3;2;3;2;2;1;2;1;3;3;3;2;3;5;1;4;1;3;1;2;3;3;3;3;3;3;3;3;3;3;3;3;3;2;2;-2;-2;-2;2;3;3;3;3;2;3;3;3;3;2;2;2;2;2;3;8;6;8;7;8;8;8;8;7;8;8;7;8;2;3;2;2;1;3;3;2;1972;45;4;2;1;1;1;410;410;410;1;4;1;2390;1;2;6;3;6;3;3;2;3;2;5;1;-3;3;6;-3;2;1;2;7;2;0;100000020;410004;2;2;1;0.6919444444444445;0.663888888888889;0.4038425925925926;0.3918518518518519;0.5;0.66;0.33;0.49666666666666676;0.66;1.0;0.8333333333333334;0.8311111111111112;1.0;1.0;1.0;1.0;0.33;0.33;0.66;0.44;0.0;1.0;1.0;0.6666666666666666;0.25;0.66;0.33;0.4133333333333334;0.2222222222222222;0.2222222222222222;0.6666666666666666;0.3703703703703704;0.33;0.0;0.165;0.165;1.0;1.0;1.0;1.0;1.0;1.0;1.0;1.0;1.0;1.0;1.0;1.0;0;0;1;0;1;8;7;8;7;7;7;8;7;8;7;8;8;8;7;8;7;-3;-3;2;350;26000;6000;8;8;1;8;7;8;8;7;1;1;3;2;8;5;4;4;3;3;1;3;2;2;3;8;5;4;4
"1-5-0 (2020-11-16)";"doi.org/10.14281/18241.1";2018;410;"KOR";732;"ROK";410070292;20180105;201712;201801;19.3;20.05;35;1;410041;410007;8;5;2;1;292;2390;"ko";2;2;1.0;0.8032128514056225;41453.815261044176;1;2;2;3;1;2;1;1;1;1;1;2;2;2;2;2;2;1;2;1;2;1;2;1;2;2;2;3;2;2;2;2;2;1;3;3;2;1;2;2;3;2;2;3;3;1;1;2;2;2;7;6;7;4;4;4;4;4;3;2;1;2;2;3;2;2;2;2;3;2;2;1;2;2;2;2;2;2;2;2;2;2;2;2;2;2;2;2;1;2;1;1;2;7;1;1;1;0;0;0;0;0;0;0;0;0;0;0;0;6;5;6;6;6;1;7;3;3;3;3;2;2;2;5;2;0;0;0;0;0;0;0;0;3;2;2;3;2;4;4;2;2;2;2;2;2;3;2;2;2;3;3;2;1;1;3;4;2;3;3;2;6;5;6;5;6;5;7;2;2;2;2;2;2;5;6;2;2;1;7;7;1;1;1;1;4;2;2;5;3;1;1;1;2;1;2;2;2;4;4;4;4;2;2;4;1;5;1;3;2;3;2;3;3;3;3;2;2;3;3;3;3;3;3;1;1;410001;410001;410001;2;3;2;2;3;2;2;3;2;2;2;2;2;3;2;3;5;7;6;7;6;6;7;6;5;7;7;7;6;2;2;2;2;2;3;3;1;1952;65;6;3;1;1;1;410;410;410;1;3;1;2390;1;3;3;2;3;2;1;1;1;1;3;5;5;-5;8;2;1;2;3;4;2;0;100000020;410004;4;2;1;0.3180555555555556;0.5261111111111112;0.6074074074074074;0.29981481481481487;0.5;0.33;0.33;0.3866666666666667;0.33;1.0;0.6666666666666666;0.6655555555555556;0.0;0.0;0.0;0.0;0.33;0.0;0.33;0.22;1.0;1.0;1.0;1.0;0.25;0.33;0.33;0.3033333333333334;0.3333333333333333;0.1111111111111111;0.4444444444444444;0.2962962962962963;0.66;1.0;0.8300000000000001;0.8300000000000001;1.0;1.0;1.0;1.0;1.0;1.0;1.0;1.0;1.0;1.0;1.0;1.0;1;1;0;1;1;8;7;6;7;6;6;4;4;5;5;4;7;6;5;4;7;4;1;3;200;23000;2000;7;4;1;6;7;7;6;7;1;1;3;2;1;8;2;1;2;2;2;3;3;2;3;2;8;1;4
"1-5-0 (2020-11-16)";"doi.org/10.14281/18241.1";2018;410;"KOR";732;"ROK";410070293;20180105;201712;201801;19.37;20.05;28;1;410047;410013;7;4;3;1;293;2390;"ko";3;1;1.0;0.8032128514056225;41453.815261044176;1;1;2;2;1;2;1;1;1;1;1;2;2;2;2;2;2;1;2;1;2;1;2;1;2;2;2;2;2;4;3;3;4;2;2;1;4;2;5;2;1;1;2;2;2;3;1;3;2;1;7;8;6;4;4;4;4;4;1;2;1;3;3;4;4;4;3;2;3;3;2;2;2;4;4;2;2;2;4;3;2;2;2;2;2;2;1;3;1;2;2;1;2;6;3;3;2;0;0;0;0;0;0;0;0;0;0;0;0;7;6;5;4;3;2;6;4;4;4;3;2;2;3;6;3;1;2;2;0;2;2;1;1;3;3;4;2;3;3;4;3;3;1;2;2;2;2;2;2;2;2;3;1;1;1;1;2;3;2;1;2;7;6;5;5;6;5;5;2;2;2;2;4;4;7;7;3;1;1;6;3;4;2;1;2;2;1;2;5;5;1;5;1;1;1;1;1;1;3;3;2;3;3;3;5;2;5;1;2;1;1;1;3;3;3;3;2;3;3;3;2;3;3;3;3;4;-2;-2;-2;2;3;3;3;2;3;2;3;2;2;2;3;4;4;4;3;4;7;3;2;7;6;7;7;5;8;8;2;4;3;2;2;2;2;3;3;1;1997;20;1;1;1;1;1;410;410;410;1;3;2;2390;6;0;3;2;-3;-3;3;2;3;2;6;-3;-3;-3;6;-3;2;2;3;5;2;0;100000020;410004;2;2;1;0.5816666666666667;0.665;0.5201388888888889;0.4577777777777778;1.0;0.33;0.33;0.5533333333333333;0.33;1.0;1.0;0.7766666666666667;1.0;0.0;1.0;0.6666666666666666;0.33;0.33;0.33;0.33;1.0;1.0;1.0;1.0;0.75;0.33;1.0;0.6933333333333334;0.1111111111111111;0.1111111111111111;0.4444444444444444;0.22222222222222224;0.33;0.0;0.165;0.165;1.0;1.0;1.0;1.0;1.0;1.0;1.0;1.0;1.0;1.0;1.0;1.0;0;0;1;0;1;7;4;5;5;1;4;2;3;1;3;4;8;4;5;5;3;-3;-3;3;400;13000;0;-3;5;1;-3;-3;-3;8;1;1;1;3;4;5;3;4;5;4;3;7;3;2;1;3;5;2;4;-3
"1-5-0 (2020-11-16)";"doi.org/10.14281/18241.1";2018;410;"KOR";732;"ROK";410070294;20180105;201712;201801;19.43;20.14;31;1;410027;410003;8;5;2;1;294;2390;"ko";3;1;1.0;0.8032128514056225;41453.815261044176;1;2;2;3;2;2;2;1;2;1;1;1;2;1;2;2;2;1;2;1;2;1;2;1;2;2;2;4;2;2;2;2;2;1;2;1;3;3;3;2;2;2;3;2;1;3;1;2;2;2;6;6;4;4;4;4;4;4;2;2;1;2;3;3;3;4;1;2;2;2;3;3;3;3;3;3;3;3;2;3;3;2;3;3;2;2;2;3;3;3;3;2;3;6;3;1;2;2;0;0;0;0;0;0;0;0;0;0;0;3;4;4;4;4;1;8;3;3;3;3;3;3;4;8;4;2;2;1;1;2;2;2;2;2;4;3;2;3;4;3;2;3;1;1;2;1;2;2;2;2;2;3;1;2;1;2;1;3;1;1;3;7;8;5;7;2;7;1;2;2;2;2;2;2;3;4;2;1;2;7;1;1;1;1;1;5;1;4;5;5;1;4;1;1;1;2;1;1;4;2;4;4;2;2;5;1;5;1;3;1;1;1;3;3;3;3;2;3;3;3;2;3;3;3;1;1;410002;410002;410002;1;4;4;3;1;1;3;4;1;1;2;3;3;3;1;3;4;7;6;8;7;4;4;4;3;8;8;7;7;2;2;1;2;2;2;3;2;1979;38;3;2;1;1;1;410;410;410;1;4;1;2390;1;2;5;3;5;3;6;3;6;3;5;1;-3;6;6;-3;2;3;5;3;1;2;20000000;410004;1;1;2;0.37277777777777776;0.47055555555555556;0.42768518518518517;0.3553703703703704;0.5;0.33;0.33;0.3866666666666667;0.33;1.0;0.3333333333333333;0.5544444444444444;0.0;0.0;0.0;0.0;0.33;0.66;0.66;0.55;1.0;1.0;1.0;1.0;0.25;0.33;0.33;0.3033333333333334;0.4444444444444444;0.3333333333333333;0.4444444444444444;0.4074074074074074;0.0;0.0;0.0;0.0;1.0;1.0;1.0;1.0;1.0;1.0;1.0;1.0;1.0;1.0;1.0;1.0;0;0;0;0;1;6;5;5;6;4;4;5;4;3;4;3;5;3;4;5;5;-3;-3;4;300;28000;3000;-3;4;1;-3;-3;-3;7;3;2;1;3;2;7;5;5;3;2;3;1;4;4;1;3;6;5;3;4
"1-5-0 (2020-11-16)";"doi.org/10.14281/18241.1";2018;410;"KOR";732;"ROK";410070295;20180105;201712;201801;19.56;20.17;22;1;410011;410001;8;5;1;1;295;2390;"ko";1;1;1.0;0.8032128514056225;41453.815261044176;1;1;2;3;2;3;1;1;2;1;2;1;2;1;2;2;2;1;2;1;2;1;2;1;2;1;2;3;3;4;3;3;3;3;1;1;3;3;4;4;3;2;2;3;2;1;2;2;1;2;8;7;6;4;4;4;4;4;1;1;1;2;1;3;3;3;3;3;2;3;3;2;1;2;3;3;2;2;2;3;2;3;2;3;3;3;3;2;3;2;2;3;2;5;2;1;2;0;1;1;0;0;0;0;0;0;1;0;0;7;4;7;4;4;1;7;2;3;2;3;3;2;3;4;2;0;1;2;1;2;1;1;2;3;2;4;3;4;4;4;3;4;1;1;2;2;1;2;2;1;2;2;1;2;2;3;2;1;3;2;1;8;7;5;4;6;7;4;1;1;2;2;4;4;5;7;3;1;1;7;7;4;3;4;4;3;2;4;7;5;4;6;2;1;3;1;1;2;5;4;3;4;2;2;4;2;3;1;4;1;2;3;1;2;1;2;1;2;3;2;1;1;3;3;3;2;410010;410010;410010;2;3;2;3;4;3;4;4;2;2;2;1;2;3;3;4;4;4;2;9;5;3;8;2;2;6;9;7;8;2;2;1;3;2;3;4;2;1978;39;3;2;1;1;1;410;410;410;1;3;1;2390;1;1;5;3;5;3;3;2;3;2;1;1;3;3;3;2;2;1;2;6;2;0;100000020;410004;2;1;2;0.6230555555555556;0.5811111111111111;0.5735185185185185;0.5637037037037038;0.5;0.33;0.33;0.3866666666666667;0.66;1.0;0.6666666666666666;0.7755555555555556;1.0;1.0;1.0;1.0;0.66;0.33;0.0;0.33;1.0;0.0;1.0;0.6666666666666666;0.5;0.66;1.0;0.7200000000000001;0.2222222222222222;0.3333333333333333;0.6666666666666666;0.40740740740740744;0.0;1.0;0.5;0.5;1.0;1.0;1.0;1.0;1.0;1.0;1.0;1.0;1.0;1.0;1.0;1.0;1;0;0;1;0;8;6;5;7;5;6;5;4;5;4;3;7;4;8;5;5;1;4;2;470;32000;5000;6;4;1;7;7;6;7;6;1;3;4;7;6;2;4;6;8;2;5;2;3;1;3;6;2;3;4
"1-5-0 (2020-11-16)";"doi.org/10.14281/18241.1";2018;410;"KOR";732;"ROK";410070296;20180105;201712;201801;20.11;20.37;26;1;410026;410002;8;5;2;1;296;2390;"ko";2;1;1.0;0.8032128514056225;41453.815261044176;1;1;1;3;2;3;1;2;1;2;1;1;2;1;2;2;2;1;2;1;2;1;2;2;2;2;2;4;3;3;3;2;4;2;3;3;3;3;4;3;4;3;4;3;2;1;2;1;2;2;8;7;8;4;4;4;4;4;1;2;1;3;2;3;3;3;2;2;2;2;3;3;3;3;3;3;2;2;3;2;2;2;2;3;2;2;1;2;2;2;2;1;2;8;3;3;2;0;0;0;0;0;0;0;0;0;0;0;0;8;7;7;8;8;1;8;3;3;3;2;3;2;4;8;3;0;2;2;1;2;1;2;2;3;3;4;4;4;4;4;4;4;2;1;2;3;3;2;2;3;3;3;2;2;1;2;1;2;3;2;1;8;7;8;8;9;8;8;1;1;1;1;3;3;6;7;2;2;2;3;4;5;2;2;3;2;3;2;2;1;2;3;2;2;3;2;3;2;3;2;3;2;3;3;4;1;4;1;2;1;1;1;3;3;3;3;3;3;3;3;3;3;3;3;2;1;-2;-2;-2;3;2;3;2;3;3;2;3;3;3;2;2;3;2;2;3;8;8;7;8;8;7;8;7;8;8;7;8;8;2;2;2;2;1;3;3;2;1995;22;1;1;1;1;1;410;410;410;1;4;2;2390;6;0;3;2;-3;-3;3;2;3;2;1;-3;5;-3;3;2;2;2;2;7;2;0;100000020;410004;2;2;1;0.6502777777777777;0.5255555555555557;0.4494444444444444;0.40055555555555555;0.0;0.33;0.33;0.22;0.66;1.0;0.8333333333333334;0.8311111111111112;1.0;1.0;1.0;1.0;0.33;0.66;0.66;0.55;0.0;1.0;1.0;0.6666666666666666;0.75;0.66;0.66;0.6900000000000001;0.1111111111111111;0.1111111111111111;0.1111111111111111;0.1111111111111111;0.66;0.0;0.33;0.33;1.0;1.0;1.0;1.0;1.0;1.0;1.0;1.0;1.0;1.0;1.0;1.0;0;1;0;1;0;8;8;7;7;7;8;7;8;8;7;8;7;7;8;7;7;2;2;2;500;35000;6000;8;7;1;8;7;7;8;7;1;1;4;3;6;5;4;4;3;3;1;3;3;3;2;7;6;5;-3
"1-5-0 (2020-11-16)";"doi.org/10.14281/18241.1";2018;410;"KOR";732;"ROK";410070297;20180105;201712;201801;20.25;21.3;65;1;410048;410014;7;4;3;1;297;2390;"ko";2;1;1.0;0.8032128514056225;41453.815261044176;1;1;2;2;2;3;1;2;1;1;2;1;1;2;2;2;2;1;2;1;1;1;2;1;2;2;2;2;1;2;1;3;2;1;2;1;2;1;4;3;2;2;2;3;2;2;1;2;2;2;7;7;7;4;4;4;4;4;1;1;1;2;2;3;3;3;2;3;3;3;3;2;2;2;2;2;2;3;3;3;3;3;3;2;3;3;2;2;2;2;2;2;2;7;3;3;2;1;0;0;0;0;0;0;0;0;0;0;0;7;5;6;6;7;1;8;2;2;2;2;2;2;3;6;3;2;0;2;0;0;0;0;0;2;3;3;2;3;3;3;3;3;1;2;2;2;2;2;2;2;3;4;2;1;1;2;3;1;3;1;3;8;8;3;4;3;7;5;1;2;2;2;3;3;7;8;3;2;2;8;7;3;1;1;1;6;1;4;7;6;1;5;1;1;1;1;1;1;3;3;3;3;2;1;2;1;2;1;4;1;5;1;2;2;2;3;2;3;3;3;3;3;3;3;2;2;410002;410002;410002;2;3;3;3;3;2;3;3;3;3;2;3;3;4;2;3;7;7;2;8;8;1;6;8;1;8;8;8;7;2;2;2;2;2;3;3;1;1964;53;4;3;1;1;1;410;410;410;1;2;1;2390;1;2;5;3;3;2;1;1;1;1;1;1;6;5;6;2;1;2;3;5;2;0;100000020;410004;2;1;0;0.5116666666666667;0.6366666666666667;0.3237962962962963;0.3559259259259259;0.5;0.33;0.33;0.3866666666666667;0.66;1.0;1.0;0.8866666666666667;1.0;0.0;0.0;0.3333333333333333;0.66;0.33;0.33;0.44;0.0;0.0;1.0;0.3333333333333333;0.25;0.0;0.33;0.19333333333333336;0.5555555555555556;0.3333333333333333;0.6666666666666666;0.5185185185185185;0.0;0.5;0.25;0.25;1.0;1.0;1.0;1.0;1.0;1.0;1.0;1.0;1.0;1.0;1.0;1.0;1;0;0;0;1;7;7;7;7;6;6;6;6;6;7;7;7;6;7;6;7;1;6;3;500;30000;5000;7;6;1;7;7;6;8;5;2;1;6;6;8;6;6;6;6;2;1;2;2;2;3;8;6;6;4
"1-5-0 (2020-11-16)";"doi.org/10.14281/18241.1";2018;410;"KOR";732;"ROK";410070298;20180105;201712;201801;20.32;20.52;20;1;410041;410007;8;5;2;1;298;2390;"ko";2;1;1.0;0.8032128514056225;41453.815261044176;1;1;2;3;2;3;2;1;2;1;1;2;1;1;2;2;2;1;2;1;2;1;2;2;2;2;2;1;3;3;3;3;3;3;3;3;2;1;3;2;2;1;3;2;3;3;1;1;2;2;6;7;7;4;4;4;4;4;1;2;1;3;2;4;4;4;3;2;3;2;2;2;2;3;3;3;2;2;3;3;2;2;2;3;3;3;3;2;2;2;2;3;2;4;3;2;1;0;0;0;0;0;0;0;0;0;0;0;0;8;8;5;5;4;2;8;3;3;3;3;3;3;3;8;3;2;2;0;0;0;0;2;1;2;2;4;4;4;4;4;4;4;1;1;2;1;1;2;2;2;2;2;1;2;1;2;1;1;2;2;1;7;7;8;7;7;6;7;2;2;2;2;3;3;7;7;3;1;1;5;2;1;1;1;1;1;1;1;3;2;2;4;2;1;3;2;3;2;4;2;2;2;2;2;1;1;2;1;2;1;2;2;3;3;3;3;3;3;3;3;3;3;3;3;1;1;410002;410002;410002;2;2;1;1;2;1;2;2;2;2;2;2;2;1;1;1;6;7;6;7;6;5;7;7;6;6;5;7;7;2;2;1;1;2;4;4;1;1989;28;2;1;1;1;1;410;410;410;1;4;1;2390;6;0;6;3;-3;-3;3;2;3;2;1;-3;3;-3;3;3;2;1;2;4;2;0;100000020;410004;2;2;2;0.3591666666666667;0.5533333333333333;0.4614351851851852;0.34037037037037043;0.0;0.33;0.33;0.22;0.66;1.0;1.0;0.8866666666666667;0.0;0.0;0.0;0.0;0.33;0.33;0.33;0.33;1.0;1.0;1.0;1.0;0.5;0.66;0.66;0.6066666666666668;0.0;0.0;0.2222222222222222;0.07407407407407407;0.33;0.0;0.165;0.165;1.0;1.0;1.0;1.0;1.0;1.0;1.0;1.0;1.0;1.0;1.0;1.0;0;0;1;1;0;7;6;7;5;7;7;7;6;7;5;5;8;7;6;6;7;1;5;3;450;33000;0;7;5;1;7;6;7;7;4;1;4;5;5;8;7;5;5;5;2;1;3;2;2;2;8;6;4;-3
"1-5-0 (2020-11-16)";"doi.org/10.14281/18241.1";2018;410;"KOR";732;"ROK";410070299;20180105;201712;201801;20.33;21.12;40;1;410028;410004;8;5;2;1;299;2390;"ko";2;1;1.0;0.8032128514056225;41453.815261044176;1;1;2;2;1;3;2;1;1;1;2;1;2;1;2;2;2;1;2;1;2;2;2;1;2;2;2;1;2;3;2;2;3;3;2;1;3;3;4;2;2;3;2;2;2;1;1;3;2;2;7;7;8;3;4;3;3;4;1;2;1;2;2;3;3;2;3;2;3;3;3;3;3;3;3;3;3;3;3;3;2;3;3;3;3;3;3;2;2;3;2;2;2;6;3;3;2;0;0;0;0;0;0;0;0;0;0;0;0;7;5;5;4;5;1;6;2;2;2;2;3;2;4;7;2;1;1;1;2;2;1;1;1;2;2;3;3;4;4;4;4;4;2;2;2;2;3;2;2;2;3;3;2;1;1;2;3;1;3;1;3;7;8;7;7;7;8;7;2;1;2;2;3;3;7;8;3;2;2;4;4;4;5;2;2;4;3;7;4;6;1;8;1;5;3;3;1;4;4;3;3;3;3;3;5;1;5;5;5;2;5;3;2;2;2;2;2;2;2;2;2;2;3;2;2;2;410002;410002;410002;2;2;2;3;3;2;2;3;2;2;2;2;2;4;3;4;4;7;4;8;7;3;6;7;7;6;8;6;6;2;2;3;3;2;2;3;2;1961;56;5;3;1;1;1;410;410;410;1;4;1;2390;1;2;3;2;3;2;3;2;1;1;1;1;4;6;10;2;2;2;3;4;2;0;100000020;410004;2;1;2;0.7475;0.72;0.46444444444444444;0.4705555555555556;1.0;0.33;0.33;0.5533333333333333;0.66;1.0;1.0;0.8866666666666667;1.0;1.0;1.0;1.0;0.33;0.66;0.66;0.55;1.0;0.0;1.0;0.6666666666666666;0.5;0.33;0.66;0.49666666666666676;0.3333333333333333;0.6666666666666666;0.3333333333333333;0.4444444444444444;0.0;0.5;0.25;0.25;1.0;1.0;1.0;1.0;1.0;1.0;1.0;1.0;1.0;1.0;1.0;1.0;1;0;0;0;1;7;5;4;5;5;5;6;5;6;4;5;7;5;7;6;3;2;4;3;450;35000;6000;5;4;1;5;5;6;6;3;1;1;2;2;5;1;2;2;2;2;1;2;3;2;3;6;1;1;4
"1-5-0 (2020-11-16)";"doi.org/10.14281/18241.1";2018;410;"KOR";732;"ROK";410070300;20180105;201712;201801;20.34;21.03;29;1;410041;410007;8;5;2;1;300;2390;"ko";3;2;1.0;0.8032128514056225;41453.815261044176;1;1;2;2;2;3;2;1;1;1;1;1;2;2;2;2;2;1;2;1;1;2;2;1;2;2;1;3;2;2;2;2;2;1;2;1;2;1;3;2;2;3;1;2;2;3;1;2;2;2;7;6;5;4;4;4;4;4;1;2;1;2;3;3;2;3;3;2;3;4;3;3;3;2;3;3;3;4;3;3;3;2;3;2;3;3;3;4;3;2;2;2;2;7;3;2;1;0;0;0;0;0;0;0;0;0;0;0;0;6;7;5;7;6;1;6;3;2;3;3;3;2;2;7;2;0;1;1;0;1;1;1;1;2;2;4;4;4;4;4;4;4;1;1;2;2;2;2;2;4;4;4;1;2;2;1;3;2;1;2;1;7;6;7;5;8;6;4;2;2;2;2;3;4;7;8;3;2;2;5;8;7;8;8;6;8;6;6;6;5;7;6;6;6;7;5;6;7;6;3;3;3;2;1;5;1;5;2;5;3;3;2;3;3;3;3;3;3;3;3;3;3;3;3;2;3;410002;410002;410002;2;3;2;2;2;3;2;3;2;2;2;2;3;4;2;3;7;6;8;3;8;8;6;4;6;7;6;7;7;2;2;1;1;1;2;3;2;1971;46;4;2;1;1;1;410;410;410;1;4;1;2390;1;2;3;2;3;2;1;1;1;1;2;3;3;5;7;2;2;2;3;7;2;0;100000020;410004;3;2;1;0.6783333333333332;0.5816666666666667;0.6282407407407409;0.4664814814814815;0.5;0.33;0.0;0.27666666666666667;0.66;1.0;1.0;0.8866666666666667;1.0;1.0;1.0;1.0;0.33;0.66;0.66;0.55;1.0;1.0;1.0;1.0;0.25;0.33;0.33;0.3033333333333334;0.7777777777777778;0.5555555555555556;0.5555555555555556;0.6296296296296297;0.66;0.5;0.5800000000000001;0.5800000000000001;1.0;1.0;1.0;1.0;1.0;1.0;1.0;1.0;1.0;1.0;1.0;1.0;1;1;0;1;0;4;6;6;6;7;7;6;7;6;7;6;6;7;6;6;7;1;2;3;350;35300;3450;7;6;1;7;7;7;6;5;1;1;3;3;6;5;4;4;3;2;7;2;3;2;3;6;5;4;4
"1-5-0 (2020-11-16)";"doi.org/10.14281/18241.1";2018;410;"KOR";732;"ROK";410070301;20180105;201712;201801;20.35;21.18;43;1;410026;410002;8;5;2;1;301;2390;"ko";3;1;1.0;0.8032128514056225;41453.815261044176;1;2;2;3;2;3;1;1;2;2;1;1;2;1;2;2;2;1;1;1;1;1;2;2;2;2;2;3;4;3;2;3;2;1;3;3;2;1;1;2;4;3;2;2;2;1;1;1;2;2;7;6;7;4;3;3;4;4;3;1;1;2;2;3;2;2;2;3;3;2;2;3;3;3;3;3;3;3;3;3;3;3;2;2;3;3;3;3;3;2;2;3;3;7;3;1;1;1;0;0;0;0;0;0;0;0;0;0;0;8;7;8;8;7;1;8;3;3;3;3;3;2;2;7;2;1;0;0;0;1;1;1;1;2;2;3;3;3;2;2;2;2;1;2;2;2;3;2;2;3;3;3;1;1;2;1;2;1;2;2;1;7;7;8;8;7;7;8;2;2;2;2;2;3;7;7;3;1;2;7;7;6;7;8;7;8;7;8;7;8;7;7;8;2;2;2;2;2;2;3;3;3;3;3;5;1;2;3;3;2;4;4;2;2;2;2;3;3;3;3;2;2;2;2;2;1;-2;-2;-2;3;4;3;3;3;3;3;3;3;3;2;2;2;1;2;2;7;7;7;6;7;5;7;7;6;7;7;6;7;2;1;2;1;2;2;2;2;1980;37;3;2;1;1;1;410;410;410;1;4;1;2390;1;2;5;3;5;3;1;1;1;1;1;1;3;3;9;2;2;2;3;5;2;0;100000020;410004;2;2;2;0.6641666666666667;0.49833333333333335;0.6356018518518519;0.6887037037037038;0.0;0.0;0.33;0.11;0.66;1.0;1.0;0.8866666666666667;1.0;1.0;1.0;1.0;0.66;0.66;0.66;0.66;1.0;1.0;1.0;1.0;0.25;1.0;0.66;0.6366666666666667;0.7777777777777778;0.7777777777777778;0.6666666666666666;0.7407407407407408;0.33;0.0;0.165;0.165;1.0;1.0;1.0;1.0;1.0;1.0;1.0;1.0;1.0;1.0;1.0;1.0;0;0;1;1;0;7;8;7;7;7;8;7;7;7;8;7;7;7;8;7;8;1;5;3;400;23000;0;8;7;1;7;7;7;7;7;1;1;5;6;5;6;4;3;4;2;1;2;3;1;2;7;3;6;4
"1-5-0 (2020-11-16)";"doi.org/10.14281/18241.1";2018;410;"KOR";732;"ROK";410070302;20180105;201712;201801;20.48;21.3;42;1;410026;410002;8;5;2;1;302;2390;"ko";2;1;1.0;0.8032128514056225;41453.815261044176;1;1;2;3;3;3;1;2;1;1;1;1;2;2;2;2;2;1;2;1;2;1;2;2;1;2;2;3;2;3;2;3;3;3;2;1;4;2;3;3;3;2;3;3;2;2;1;2;2;2;8;7;8;4;4;4;4;4;1;2;1;3;2;3;3;3;2;3;2;2;3;2;3;3;2;3;3;2;3;2;3;2;3;2;2;2;2;2;2;2;2;2;2;7;3;1;2;0;0;0;0;0;0;0;0;0;0;0;0;8;7;8;7;8;1;7;4;3;3;3;3;3;4;7;3;0;2;1;1;1;2;2;1;2;3;4;4;4;4;4;4;4;1;1;2;3;3;2;2;3;3;3;2;2;1;2;1;3;1;1;2;8;7;8;4;4;7;3;2;2;2;2;4;4;7;8;3;2;2;8;3;2;2;2;3;2;2;2;5;5;4;7;3;1;1;1;1;1;1;2;2;3;3;3;4;1;4;1;4;2;4;2;3;3;3;3;3;3;3;3;3;3;3;3;1;1;-2;-2;-2;2;3;2;3;2;2;3;2;2;2;1;3;4;3;2;4;8;7;6;9;8;7;7;8;8;7;8;8;7;2;1;1;1;1;2;3;1;1956;61;5;3;1;1;1;410;410;410;1;3;1;2390;1;2;3;2;3;2;2;1;2;1;3;5;6;-5;6;2;1;1;2;7;2;0;100000020;410004;1;1;0;0.6783333333333332;0.5816666666666667;0.3463888888888889;0.3594444444444445;0.5;0.0;0.33;0.27666666666666667;0.66;1.0;1.0;0.8866666666666667;1.0;1.0;1.0;1.0;0.66;0.33;0.66;0.5499999999999999;0.0;1.0;1.0;0.6666666666666666;0.5;0.33;0.66;0.49666666666666676;0.1111111111111111;0.1111111111111111;0.4444444444444444;0.22222222222222224;0.0;0.0;0.0;0.0;1.0;1.0;1.0;1.0;1.0;1.0;1.0;1.0;1.0;1.0;1.0;1.0;0;0;0;0;1;8;7;8;7;8;7;8;7;8;7;8;7;9;1;4;6;4;1;2;200;27000;0;8;7;1;7;8;8;8;7;1;1;5;4;6;6;6;5;4;2;6;4;4;3;3;6;6;6;4
"1-5-0 (2020-11-16)";"doi.org/10.14281/18241.1";2018;410;"KOR";732;"ROK";410070303;20180105;201712;201801;20.51;21.11;20;1;410026;410002;8;5;2;1;303;2390;"ko";2;1;1.0;0.8032128514056225;41453.815261044176;1;1;1;3;1;3;1;2;1;1;1;2;2;1;2;2;2;1;2;1;2;2;2;2;2;2;2;2;2;2;2;2;2;1;2;1;2;1;2;2;2;2;2;2;1;3;1;2;2;2;8;8;8;4;4;4;4;4;1;2;2;2;2;2;2;2;2;2;2;2;2;2;2;2;4;4;2;2;2;2;2;2;2;2;2;2;2;2;2;2;2;2;2;7;3;1;2;0;0;0;0;0;0;0;0;0;0;0;0;7;8;8;7;6;2;5;2;2;2;2;2;2;3;5;3;2;2;0;0;0;2;2;0;2;2;4;4;4;4;4;3;4;1;1;2;3;4;2;2;2;4;4;2;2;2;1;2;3;1;1;2;8;7;6;5;5;5;3;2;2;2;2;4;4;5;5;2;2;2;6;3;1;1;1;1;5;1;2;3;1;1;1;1;1;1;1;1;1;1;2;2;2;2;3;5;2;5;2;5;2;3;4;2;2;2;3;2;2;2;2;2;2;2;2;1;1;410001;410001;410001;1;3;4;3;2;1;3;4;1;2;2;1;3;4;3;4;6;3;1;9;3;3;7;8;6;8;8;8;8;2;2;2;2;2;3;3;2;1957;60;5;3;1;1;1;410;410;410;1;2;1;2390;1;1;2;1;3;2;2;1;0;1;1;1;8;7;9;2;2;1;3;4;2;7;70000000;410004;1;1;1;0.3730555555555556;0.5811111111111111;0.3073148148148148;0.2812962962962963;0.5;0.33;0.33;0.3866666666666667;0.66;1.0;0.6666666666666666;0.7755555555555556;0.0;0.0;0.0;0.0;0.33;0.33;0.33;0.33;0.0;1.0;1.0;0.6666666666666666;0.25;0.33;0.33;0.3033333333333334;0.4444444444444444;0.1111111111111111;0.2222222222222222;0.25925925925925924;0.0;0.0;0.0;0.0;1.0;1.0;1.0;1.0;1.0;1.0;1.0;1.0;1.0;1.0;1.0;1.0;0;0;0;0;1;8;8;8;7;7;6;6;6;6;8;8;8;8;8;8;6;1;5;3;800;40000;0;9;4;1;9;9;9;8;8;1;1;4;6;6;8;5;5;5;2;2;2;2;2;3;6;8;4;1
"1-5-0 (2020-11-16)";"doi.org/10.14281/18241.1";2018;410;"KOR";732;"ROK";410070304;20180105;201712;201801;20.51;21.16;25;1;410011;410001;8;5;1;1;304;2390;"ko";3;1;1.0;0.8032128514056225;41453.815261044176;1;1;1;2;2;3;1;1;2;1;1;1;2;2;2;2;2;1;2;1;1;1;2;1;1;2;2;2;3;3;3;3;4;2;3;3;4;2;4;4;3;3;3;3;1;2;2;2;2;1;7;7;8;4;4;4;4;4;1;2;1;2;2;3;3;3;3;3;3;3;3;3;3;2;3;3;2;2;2;2;2;2;2;2;2;2;2;2;2;2;2;2;2;4;3;1;2;0;0;0;0;0;0;0;0;0;0;0;0;7;7;4;4;4;2;6;2;2;2;2;2;2;4;6;3;1;1;2;0;2;0;0;1;3;2;4;4;4;4;4;4;4;2;2;2;3;3;2;2;2;3;2;1;1;2;4;3;1;3;1;4;7;7;7;4;6;6;6;2;2;2;2;3;3;7;7;3;1;2;6;4;4;2;3;3;4;2;5;8;6;3;7;1;3;1;1;1;1;10;2;3;3;2;2;5;1;2;2;2;1;2;2;2;2;1;2;2;2;2;2;2;2;1;2;1;1;410002;410002;410002;2;3;3;3;2;2;3;1;2;2;1;1;2;4;3;4;3;7;2;9;9;1;9;6;3;9;10;8;7;2;2;2;2;2;2;2;2;1982;35;3;2;1;1;1;410;410;410;1;3;1;2390;1;1;6;3;6;3;3;2;3;2;5;1;-3;3;3;-3;2;1;3;6;2;0;100000020;410004;1;1;1;0.7333333333333334;0.6366666666666667;0.6146296296296296;0.6042592592592593;0.5;0.33;0.33;0.3866666666666667;0.66;1.0;1.0;0.8866666666666667;1.0;1.0;1.0;1.0;0.66;0.66;0.66;0.66;1.0;1.0;1.0;1.0;0.75;0.66;0.66;0.6900000000000001;0.3333333333333333;0.4444444444444444;0.7777777777777778;0.5185185185185185;0.0;0.5;0.25;0.25;1.0;1.0;1.0;1.0;1.0;1.0;1.0;1.0;1.0;1.0;1.0;1.0;1;0;0;0;0;8;8;8;7;7;4;5;5;5;6;6;8;5;7;7;6;-3;-3;2;400;50000;12000;-3;5;1;-3;-3;-3;8;6;1;5;4;2;5;1;1;1;1;1;1;2;2;2;2;8;1;1;4
"1-5-0 (2020-11-16)";"doi.org/10.14281/18241.1";2018;410;"KOR";732;"ROK";410070305;20180105;201712;201801;20.53;21.29;36;1;410048;410014;7;4;3;1;305;2390;"ko";3;1;1.0;0.8032128514056225;41453.815261044176;1;2;2;2;2;3;1;2;1;1;2;1;2;1;2;2;2;1;2;1;2;1;2;2;1;2;2;2;1;3;1;3;2;1;1;1;2;1;5;3;1;2;3;4;2;2;2;3;2;2;8;7;7;4;4;4;4;4;3;2;1;2;3;3;2;3;3;2;3;3;2;2;2;3;3;3;2;2;2;2;2;3;3;3;2;2;2;2;2;2;2;2;2;8;3;2;2;0;0;0;0;0;0;0;0;0;0;0;0;3;5;7;5;6;1;6;2;2;2;2;2;2;0;2;4;2;2;0;0;0;2;2;1;2;2;4;4;4;4;4;4;4;1;2;2;4;4;2;2;3;3;4;1;2;2;1;2;1;3;1;2;7;7;7;7;5;8;3;1;1;2;2;2;3;7;8;2;1;2;4;3;3;2;2;2;1;1;3;7;6;1;5;1;5;3;3;2;3;5;2;4;4;2;2;1;1;2;1;4;1;4;2;3;3;3;3;3;3;3;2;3;3;3;3;1;1;-2;-2;-2;2;4;3;3;4;2;3;4;2;3;2;2;4;3;2;4;4;7;3;5;5;3;5;3;3;8;8;6;6;2;2;1;1;1;2;3;1;1968;49;4;2;1;1;1;410;410;410;1;4;2;2390;1;2;3;2;3;2;1;1;2;1;3;5;5;-5;9;2;1;2;3;4;2;7;70000000;410004;1;1;1;0.6925;0.72;0.23324074074074075;0.2998148148148148;1.0;0.33;0.33;0.5533333333333333;0.66;1.0;1.0;0.8866666666666667;1.0;1.0;1.0;1.0;0.33;0.33;0.33;0.33;0.0;0.0;1.0;0.3333333333333333;0.25;0.0;0.66;0.30333333333333334;0.0;0.2222222222222222;0.6666666666666666;0.2962962962962963;0.0;0.0;0.0;0.0;1.0;1.0;1.0;1.0;1.0;1.0;1.0;1.0;1.0;1.0;1.0;1.0;0;0;0;0;1;6;3;4;6;4;4;4;3;5;6;5;6;5;7;4;4;3;2;3;450;35000;500;8;4;1;8;7;9;8;6;1;1;4;5;5;2;2;3;4;4;1;4;4;1;1;7;3;2;4
"1-5-0 (2020-11-16)";"doi.org/10.14281/18241.1";2018;410;"KOR";732;"ROK";410070306;20180105;201712;201801;9.19;9.49;30;1;410026;410002;8;5;2;1;306;2390;"ko";2;1;1.0;0.8032128514056225;41453.815261044176;1;1;1;4;2;4;1;1;1;1;2;2;1;2;2;2;2;1;2;1;2;2;2;2;2;2;2;2;1;1;2;2;1;1;2;1;2;1;2;3;1;2;2;2;1;3;1;1;2;2;8;8;8;4;4;4;4;4;1;2;1;2;2;2;2;3;2;2;2;2;3;2;2;2;3;4;2;2;2;2;2;2;2;2;2;2;2;2;2;2;2;2;2;8;3;1;2;0;0;0;0;0;0;0;0;0;0;0;0;7;9;8;4;5;1;6;2;2;2;2;2;2;3;5;3;2;2;2;2;1;2;2;2;2;2;4;4;4;4;4;4;4;1;1;2;3;4;2;2;2;4;4;2;2;1;2;1;3;1;1;2;7;7;7;6;4;8;2;2;2;2;2;4;4;7;8;2;2;2;6;6;3;1;1;1;1;1;1;5;1;1;3;1;1;1;1;1;1;1;2;2;2;4;3;5;4;5;3;5;2;3;5;3;3;3;3;3;3;3;3;3;3;3;3;1;1;410001;410001;410001;2;4;4;2;2;2;2;4;2;2;2;2;4;4;4;4;5;3;2;2;2;2;8;7;6;7;8;7;7;2;2;2;2;2;3;3;1;1993;24;1;1;1;1;1;410;410;410;1;4;2;2390;6;0;5;3;-3;-3;3;2;3;2;1;-3;6;-3;3;2;2;1;3;5;2;7;70000000;410004;1;1;1;0.4708333333333333;0.61;0.2037037037037037;0.07407407407407407;0.0;0.33;0.33;0.22;1.0;1.0;1.0;1.0;1.0;0.0;0.0;0.3333333333333333;0.33;0.33;0.33;0.33;1.0;0.0;1.0;0.6666666666666666;0.0;0.0;0.0;0.0;0.0;0.0;0.4444444444444444;0.14814814814814814;0.0;0.0;0.0;0.0;1.0;1.0;1.0;1.0;1.0;1.0;1.0;1.0;1.0;1.0;1.0;1.0;0;0;0;0;1;8;6;6;7;6;6;6;6;6;7;7;8;7;8;8;6;1;6;3;900;50000;12000;7;4;1;8;8;7;8;3;1;1;5;5;6;8;5;5;5;2;2;2;3;2;2;7;9;5;-3
"1-5-0 (2020-11-16)";"doi.org/10.14281/18241.1";2018;410;"KOR";732;"ROK";410070307;20180105;201712;201801;9.27;9.5;23;1;410041;410007;8;5;2;1;307;2390;"ko";3;1;1.0;0.8032128514056225;41453.815261044176;1;1;1;2;1;1;2;1;1;1;1;1;2;2;2;2;2;1;2;1;1;2;2;2;2;1;3;3;2;3;3;3;2;1;2;1;2;1;3;2;3;2;2;2;2;3;1;2;2;2;7;6;7;4;4;4;4;4;1;2;1;2;3;3;4;4;3;3;2;3;3;3;3;3;3;3;3;3;3;2;3;3;3;3;3;3;2;2;3;3;3;3;3;5;2;1;2;0;0;0;0;0;0;0;0;0;0;0;0;6;7;5;7;6;1;6;2;3;3;2;3;2;2;6;3;2;1;0;1;1;1;2;1;2;2;4;4;4;4;4;4;4;1;1;2;2;3;1;2;4;4;4;2;2;1;1;3;1;3;2;3;7;6;8;6;7;6;4;2;2;2;2;3;3;7;8;3;2;2;7;7;6;7;6;7;6;6;7;5;7;7;6;5;7;7;6;5;7;6;2;2;3;2;2;5;1;3;2;3;4;4;3;3;3;3;3;3;3;3;3;3;3;3;3;2;2;410010;410010;410010;3;2;3;3;2;2;3;2;2;2;2;3;2;3;2;3;7;5;5;5;6;5;6;7;6;7;6;6;6;2;2;1;1;1;2;4;2;1980;37;3;2;2;1;1;-2;410;410;1;3;1;2390;1;1;6;3;6;3;3;2;3;2;1;1;3;3;6;2;2;1;3;7;2;0;100000020;-5;3;1;1;0.7058333333333333;0.5816666666666667;0.5547222222222222;0.48444444444444446;0.5;0.33;0.66;0.49666666666666676;0.0;1.0;1.0;0.6666666666666666;1.0;1.0;1.0;1.0;0.66;0.66;0.66;0.66;1.0;1.0;1.0;1.0;0.25;0.33;0.66;0.41333333333333333;0.5555555555555556;0.6666666666666666;0.4444444444444444;0.5555555555555556;0.0;0.5;0.25;0.25;1.0;1.0;1.0;1.0;1.0;1.0;1.0;1.0;1.0;1.0;1.0;1.0;1;0;0;1;1;7;7;7;6;7;7;5;7;6;6;7;6;6;7;6;7;1;3;3;500;25300;5500;6;5;1;6;8;7;8;7;1;1;6;7;5;3;5;6;8;3;5;3;3;2;2;5;3;4;4
"1-5-0 (2020-11-16)";"doi.org/10.14281/18241.1";2018;410;"KOR";732;"ROK";410070308;20180105;201712;201801;9.36;10.17;41;1;410048;410014;7;4;3;1;308;2390;"ko";3;1;1.0;0.8032128514056225;41453.815261044176;1;2;2;2;1;3;1;2;1;1;2;2;1;1;2;2;2;1;2;1;2;1;2;1;2;2;2;3;3;3;3;3;4;2;2;1;4;2;4;3;3;4;3;3;2;2;1;2;2;2;7;7;6;4;4;4;4;4;1;2;1;2;3;3;3;3;3;3;3;3;3;2;2;2;2;2;2;2;2;3;3;3;3;2;2;2;2;2;2;2;2;2;3;6;3;1;2;0;0;0;0;0;0;0;0;0;1;0;0;7;4;6;6;7;1;6;1;2;2;1;1;2;3;6;2;0;0;1;0;0;0;1;1;2;3;3;2;3;3;3;3;3;2;2;2;2;2;2;2;2;3;3;1;1;1;1;3;3;1;1;2;7;9;4;3;2;8;5;1;1;1;1;3;3;6;7;2;2;2;7;6;5;1;1;1;6;1;4;6;4;1;5;1;1;1;1;1;2;5;4;4;4;2;2;2;1;3;1;4;1;4;1;2;2;2;2;2;2;2;2;2;2;2;2;2;2;-2;-2;-2;2;3;3;3;2;2;3;3;2;2;2;3;3;4;2;4;7;6;2;8;7;1;7;6;1;8;8;7;7;2;2;2;2;2;2;2;1;1972;45;4;2;1;1;1;410;410;410;1;3;1;2390;1;1;6;3;5;3;3;2;3;2;1;2;6;5;9;2;1;2;3;6;2;7;70000000;410004;2;1;1;0.4977777777777778;0.608888888888889;0.43870370370370365;0.5857407407407408;0.5;0.33;0.33;0.3866666666666667;0.66;1.0;0.8333333333333334;0.8311111111111112;1.0;0.0;0.0;0.3333333333333333;0.66;0.33;0.33;0.44;0.0;0.0;1.0;0.3333333333333333;0.75;0.66;0.66;0.6900000000000001;0.5555555555555556;0.3333333333333333;0.5555555555555556;0.48148148148148145;0.0;0.5;0.25;0.25;1.0;1.0;1.0;1.0;1.0;1.0;1.0;1.0;1.0;1.0;1.0;1.0;1;0;0;0;1;7;7;7;7;6;6;7;6;6;6;7;7;5;6;6;7;1;7;3;500;35000;8000;7;6;1;7;7;7;6;5;1;1;6;6;7;5;6;6;5;2;1;3;2;2;3;7;5;6;4
"1-5-0 (2020-11-16)";"doi.org/10.14281/18241.1";2018;410;"KOR";732;"ROK";410070309;20180105;201712;201801;9.38;10.07;29;1;410048;410014;7;4;3;1;309;2390;"ko";3;1;1.0;0.8032128514056225;41453.815261044176;1;2;2;3;2;2;1;2;1;1;2;1;2;1;2;2;2;1;1;1;1;1;2;1;2;1;3;2;3;3;2;3;3;3;2;1;3;3;5;4;2;2;3;3;2;3;3;3;2;2;5;5;5;4;4;4;4;4;3;2;1;2;3;3;2;3;2;3;3;3;2;2;2;2;3;3;2;2;3;2;2;2;2;2;2;2;2;2;2;2;2;2;2;7;3;1;2;0;0;0;0;0;0;0;0;0;0;0;0;6;7;7;7;7;1;6;3;3;3;2;3;2;0;5;4;2;2;0;0;0;2;2;0;2;2;4;4;4;4;4;4;4;1;2;2;4;4;2;2;3;3;4;2;2;2;1;2;1;2;1;2;7;7;5;7;7;8;5;1;1;2;2;3;3;6;5;2;1;2;5;3;2;1;1;1;1;1;1;2;2;1;2;2;4;3;3;4;5;5;3;4;4;3;3;5;2;5;5;5;5;5;2;3;3;3;3;3;3;3;3;3;3;3;3;1;1;410001;410001;410001;2;2;3;3;3;4;4;4;4;4;2;3;4;4;3;4;8;5;3;3;3;3;5;3;4;5;7;7;7;2;2;1;1;1;2;4;2;1937;80;6;3;1;1;1;410;410;410;1;4;1;2390;5;3;1;1;-3;-3;0;1;0;1;5;-3;-3;-5;9;-3;2;2;5;2;1;7;70000000;410004;2;2;1;0.5394444444444445;0.6922222222222223;0.2855092592592593;0.32185185185185194;1.0;0.33;0.66;0.6633333333333334;0.33;1.0;0.8333333333333334;0.7211111111111111;1.0;0.0;0.0;0.3333333333333333;0.66;0.33;0.33;0.44;0.0;0.0;1.0;0.3333333333333333;0.5;0.66;0.66;0.6066666666666668;0.0;0.0;0.1111111111111111;0.037037037037037035;0.33;0.0;0.165;0.165;1.0;1.0;1.0;1.0;1.0;1.0;1.0;1.0;1.0;1.0;1.0;1.0;0;0;1;0;1;5;5;5;5;5;6;6;5;5;6;5;5;5;5;6;5;-3;-3;5;100;10000;0;-3;2;1;-3;-3;-3;7;4;1;1;3;3;4;5;3;3;2;4;2;4;4;4;4;4;6;3;-5
"1-5-0 (2020-11-16)";"doi.org/10.14281/18241.1";2018;410;"KOR";732;"ROK";410070310;20180105;201712;201801;11.05;11.34;29;1;410044;410010;7;4;3;1;310;2390;"ko";2;1;1.0;0.8032128514056225;41453.815261044176;1;1;1;2;2;4;1;2;2;1;2;1;1;1;2;2;2;1;2;1;2;2;2;1;2;2;2;2;3;4;4;4;3;3;2;1;4;2;3;5;3;4;5;5;2;2;2;2;2;2;6;6;6;4;4;4;4;4;1;1;1;3;2;3;4;4;4;3;4;4;2;2;3;3;3;3;2;3;3;4;3;3;4;4;4;4;4;4;4;4;4;4;4;6;3;3;2;0;0;0;1;0;0;0;0;0;0;0;0;6;6;6;6;6;1;6;2;4;2;2;4;1;3;10;3;2;2;2;2;2;1;1;2;2;2;4;3;4;4;4;4;3;1;1;2;2;1;1;1;1;2;3;1;1;1;1;4;3;2;2;1;6;6;1;1;6;6;1;2;2;2;2;4;4;7;8;3;2;2;5;1;1;1;1;1;6;1;6;6;6;6;6;1;1;1;1;1;1;6;2;3;4;3;3;5;2;5;5;5;2;2;2;2;3;3;3;1;3;3;3;2;3;3;3;1;1;-2;-2;-2;2;3;3;3;3;2;4;4;2;3;1;4;3;4;2;4;6;10;1;10;8;1;10;6;6;10;10;10;6;2;2;2;2;3;3;3;1;1976;41;3;2;1;1;1;410;410;410;1;3;1;2390;1;1;6;3;6;3;8;3;6;3;1;1;3;1;3;2;2;1;3;6;2;0;100000020;410004;2;2;1;0.48416666666666663;0.6933333333333334;0.4434722222222222;0.6377777777777778;0.5;0.33;0.33;0.3866666666666667;1.0;1.0;1.0;1.0;0.0;0.0;0.0;0.0;0.66;0.33;0.66;0.5499999999999999;0.0;0.0;1.0;0.3333333333333333;0.5;0.66;1.0;0.7200000000000001;0.5555555555555556;0.5555555555555556;0.5555555555555556;0.5555555555555556;0.33;0.0;0.165;0.165;1.0;1.0;1.0;1.0;1.0;1.0;1.0;1.0;1.0;1.0;1.0;1.0;0;0;1;1;0;8;7;5;9;3;5;5;3;3;3;5;10;3;2;8;6;1;7;2;800;50000;0;6;6;2;6;6;6;6;6;1;1;6;5;3;5;5;5;6;2;3;3;2;2;3;5;5;7;4
"1-5-0 (2020-11-16)";"doi.org/10.14281/18241.1";2018;410;"KOR";732;"ROK";410070311;20180106;201712;201801;9.06;9.58;52;1;410026;410002;8;5;2;1;311;2390;"ko";2;1;1.0;0.8032128514056225;41453.815261044176;2;3;2;3;2;3;1;1;2;1;1;2;1;2;2;2;2;1;1;1;1;1;2;2;2;2;1;2;2;1;3;2;2;1;4;2;4;2;4;3;2;3;3;2;2;2;2;2;2;2;8;8;8;4;4;4;4;4;1;1;2;2;2;3;3;3;2;3;2;1;3;2;3;3;3;3;3;3;2;3;3;2;2;3;3;3;3;2;3;3;3;3;3;8;3;1;2;0;0;0;0;0;0;0;0;0;0;0;0;8;7;8;8;7;1;7;3;3;3;3;3;2;2;6;2;2;1;1;1;1;1;2;2;3;2;3;3;3;3;4;4;4;1;1;2;2;2;2;2;2;2;3;1;1;2;1;2;1;2;1;2;8;7;8;8;8;7;3;2;2;2;2;3;3;6;7;2;2;2;7;8;7;7;8;7;7;7;7;2;5;2;2;2;2;2;4;2;2;2;3;3;3;2;1;5;2;2;1;5;3;4;4;3;3;3;3;3;2;2;3;1;2;2;2;1;1;410001;410001;410001;3;3;2;4;3;2;4;3;3;3;2;2;3;3;2;2;8;8;7;7;7;8;7;8;7;7;8;7;7;2;2;2;2;1;3;2;2;1954;63;5;3;1;1;1;410;410;410;1;2;1;2390;1;2;2;1;2;1;1;1;1;1;5;1;-3;3;9;-3;2;2;3;5;2;0;100000020;410004;2;2;1;0.6644444444444444;0.553888888888889;0.4599537037037037;0.3374074074074074;0.5;0.33;0.0;0.27666666666666667;0.66;1.0;0.8333333333333334;0.8311111111111112;1.0;1.0;1.0;1.0;0.66;0.33;0.66;0.5499999999999999;1.0;1.0;1.0;1.0;0.25;0.33;0.0;0.19333333333333336;0.6666666666666666;0.6666666666666666;0.1111111111111111;0.4814814814814814;0.33;0.0;0.165;0.165;1.0;1.0;1.0;1.0;1.0;1.0;1.0;1.0;1.0;1.0;1.0;1.0;0;0;1;0;1;8;7;6;7;7;7;7;6;7;8;7;7;7;8;7;6;-3;-3;3;250;20000;0;-3;7;1;-3;-3;-3;8;7;1;1;6;5;6;7;6;5;4;3;2;3;3;2;3;6;4;5;4
"1-5-0 (2020-11-16)";"doi.org/10.14281/18241.1";2018;410;"KOR";732;"ROK";410070312;20180106;201712;201801;9.2;9.4;21;1;410041;410007;8;5;2;1;312;2390;"ko";2;1;1.0;0.8032128514056225;41453.815261044176;1;1;2;2;1;4;1;1;2;1;2;2;1;1;2;2;2;1;2;1;1;1;2;1;2;2;1;2;3;2;3;2;4;2;1;1;3;3;3;2;1;2;3;2;2;2;1;2;2;2;6;6;5;4;4;4;4;4;1;1;1;2;1;2;3;3;3;2;2;2;2;3;2;2;2;3;3;2;2;2;1;2;2;3;3;3;2;3;2;3;2;2;2;6;1;2;3;0;2;0;0;0;0;0;0;0;0;0;0;7;6;4;6;5;1;5;2;2;3;2;2;2;0;6;3;1;0;1;1;1;2;1;1;3;2;3;2;4;2;2;3;3;1;2;2;2;2;2;2;4;4;4;1;1;2;3;1;2;4;2;3;4;6;5;7;4;6;5;2;2;2;2;4;4;7;8;2;2;2;4;4;4;5;2;2;7;6;8;8;6;5;4;1;3;1;3;6;4;3;2;2;1;2;2;5;2;4;2;5;1;2;5;1;3;2;2;2;3;3;3;3;2;2;2;2;2;410002;410002;410002;1;2;2;3;2;1;3;1;3;2;2;2;3;3;2;2;6;8;4;8;8;5;6;3;4;8;8;8;7;3;3;1;2;2;3;3;1;1969;48;4;2;1;1;1;410;410;410;1;4;1;2390;1;2;7;3;7;3;2;1;2;1;1;1;3;5;10;2;1;2;2;6;2;0;100000020;410004;5;3;2;0.7066666666666667;0.6933333333333334;0.7468518518518519;0.6603703703703705;0.5;0.66;0.0;0.3866666666666667;1.0;1.0;1.0;1.0;1.0;1.0;1.0;1.0;0.33;0.66;0.33;0.44;1.0;0.0;1.0;0.6666666666666666;0.75;0.66;0.33;0.5800000000000001;0.6666666666666666;0.7777777777777778;0.7777777777777778;0.7407407407407408;1.0;1.0;1.0;1.0;1.0;1.0;1.0;1.0;1.0;1.0;1.0;1.0;1.0;1.0;1.0;1.0;1;1;1;1;1;5;6;6;6;6;7;5;6;5;5;6;6;5;6;5;6;1;6;2;600;60000;0;7;7;1;6;7;5;7;7;1;3;5;5;8;3;4;2;3;2;1;2;1;2;2;8;5;5;4
"1-5-0 (2020-11-16)";"doi.org/10.14281/18241.1";2018;410;"KOR";732;"ROK";410070313;20180106;201712;201801;9.31;12.01;150;1;410041;410007;8;5;2;1;313;2390;"ko";2;2;1.0;0.8032128514056225;41453.815261044176;1;1;2;2;1;1;1;1;1;1;1;2;2;2;2;2;2;1;2;1;1;1;2;1;2;1;1;2;2;2;1;2;2;1;3;3;2;1;3;2;2;3;2;2;2;3;3;3;2;2;8;7;7;2;3;2;3;2;2;1;1;2;1;2;2;2;1;2;3;2;3;2;3;2;3;2;2;2;3;2;2;3;2;2;3;3;2;1;2;3;2;2;2;8;1;1;1;1;1;0;0;0;0;0;0;0;0;0;0;8;7;7;7;7;1;8;2;3;2;2;2;2;2;7;3;2;2;2;1;2;1;2;2;3;2;2;2;3;3;2;2;2;2;2;2;2;2;2;2;2;2;2;1;1;1;2;4;2;1;3;1;7;6;7;8;7;7;8;2;2;2;2;2;2;4;3;2;2;1;8;3;1;1;1;1;2;1;1;1;3;1;1;1;1;1;1;1;1;3;4;4;4;4;3;4;1;5;1;4;2;3;2;3;3;3;3;3;3;3;3;3;3;3;3;2;2;410002;410002;410002;1;2;1;2;2;2;3;2;3;2;2;2;3;2;3;2;3;8;8;7;6;7;7;7;6;7;6;7;7;2;2;2;2;3;2;3;1;1972;45;4;2;1;1;1;410;410;410;1;4;1;2390;1;2;6;3;6;3;3;2;3;2;1;1;3;3;6;2;1;2;3;4;2;2;20000000;410004;2;2;1;0.3458333333333333;0.4716666666666667;0.4175925925925926;0.17018518518518522;1.0;0.33;0.0;0.44333333333333336;0.0;1.0;0.5;0.5;0.0;0.0;0.0;0.0;0.33;0.33;0.66;0.44;1.0;1.0;1.0;1.0;0.25;0.33;0.33;0.3033333333333334;0.1111111111111111;0.0;0.0;0.037037037037037035;0.66;0.0;0.33;0.33;1.0;1.0;1.0;1.0;1.0;1.0;1.0;1.0;1.0;1.0;1.0;1.0;0;1;0;1;0;7;7;6;6;6;8;6;7;6;8;7;6;7;7;7;7;1;5;3;500;27000;2000;8;4;1;8;7;8;8;7;1;1;1;5;8;1;1;2;2;2;1;2;2;2;2;8;1;1;4
"1-5-0 (2020-11-16)";"doi.org/10.14281/18241.1";2018;410;"KOR";732;"ROK";410070314;20180106;201712;201801;9.4;10.1;30;1;410048;410014;7;4;3;1;314;2390;"ko";3;1;1.0;0.8032128514056225;41453.815261044176;1;2;2;2;1;3;1;2;1;1;2;1;2;1;2;2;2;1;2;1;2;1;2;1;2;2;2;2;1;3;2;3;3;3;2;1;2;1;4;4;3;2;3;3;2;3;1;3;2;2;7;7;5;4;4;4;4;4;3;2;1;3;3;3;3;3;3;2;4;3;2;2;3;3;4;4;2;2;3;3;2;3;3;2;2;2;2;2;2;3;3;2;2;7;3;3;2;0;0;0;0;0;0;0;0;0;0;0;0;8;3;7;4;7;1;7;4;3;4;3;3;2;0;4;4;2;2;1;1;0;0;2;1;3;2;4;4;4;4;4;4;4;2;2;2;4;4;2;2;3;4;4;2;2;2;1;2;1;3;1;2;8;6;5;8;3;8;5;2;2;2;2;4;4;7;8;3;1;2;7;3;4;1;2;2;1;3;4;5;3;1;4;2;5;3;3;4;3;5;2;4;4;2;2;2;1;2;1;2;1;3;1;3;3;3;3;3;3;3;3;1;3;2;3;1;1;410002;410002;410002;2;3;2;2;4;3;3;4;2;3;2;2;4;3;2;3;5;6;3;8;8;3;8;7;3;8;9;7;6;2;2;1;1;1;2;2;1;1977;40;3;2;1;1;1;410;410;410;1;4;2;2390;1;2;5;3;5;3;3;2;3;2;1;5;5;-5;6;1;1;2;5;3;1;0;100000020;410004;1;1;1;0.72;0.72;0.24481481481481482;0.322962962962963;1.0;0.33;0.33;0.5533333333333333;0.66;1.0;1.0;0.8866666666666667;1.0;1.0;1.0;1.0;0.33;0.33;0.66;0.44;0.0;0.0;1.0;0.3333333333333333;0.5;0.0;0.66;0.3866666666666667;0.0;0.3333333333333333;0.4444444444444444;0.25925925925925924;0.0;0.0;0.0;0.0;1.0;1.0;1.0;1.0;1.0;1.0;1.0;1.0;1.0;1.0;1.0;1.0;0;0;0;0;1;6;7;7;5;3;6;5;5;4;5;6;5;7;8;2;4;1;7;3;350;23000;500;5;3;1;7;7;6;7;5;1;1;4;4;6;3;3;3;4;3;1;4;4;1;2;6;3;2;4
"1-5-0 (2020-11-16)";"doi.org/10.14281/18241.1";2018;410;"KOR";732;"ROK";410070315;20180106;201712;201801;9.51;10.4;49;1;410011;410001;8;5;1;1;315;2390;"ko";3;1;1.0;0.8032128514056225;41453.815261044176;1;1;2;3;1;3;1;1;2;1;1;2;2;1;2;2;2;1;2;1;2;1;2;1;2;2;1;3;2;4;2;2;2;1;1;1;2;1;3;2;3;2;3;1;2;3;1;1;2;2;6;7;6;4;4;4;4;4;3;2;1;3;2;4;3;3;3;3;4;3;4;3;2;3;3;4;2;3;2;3;2;3;3;3;2;2;2;2;4;3;3;2;2;9;3;1;2;0;1;0;0;0;0;0;0;0;0;0;0;8;3;3;2;9;2;9;3;4;3;3;4;2;2;3;3;1;1;0;1;1;0;2;2;3;3;4;4;3;3;4;3;3;2;2;2;1;1;2;2;1;1;1;1;1;1;1;3;3;2;1;2;9;8;7;4;3;8;6;2;2;2;2;4;4;7;4;2;1;2;4;3;1;3;1;3;4;5;5;7;8;6;7;3;4;5;3;4;3;8;4;4;3;2;2;1;1;1;2;5;2;3;2;3;3;3;3;3;3;3;3;2;2;3;3;2;2;-2;-2;-2;2;2;3;2;2;2;3;1;1;3;1;4;2;4;2;4;6;7;1;9;8;1;8;10;5;9;10;3;3;2;3;2;2;2;3;4;1;1967;50;4;3;1;1;1;410;410;410;1;4;2;2390;1;2;5;3;5;3;3;2;3;2;1;5;6;-5;5;2;1;2;3;5;2;0;100000020;410004;3;2;2;0.49749999999999994;0.5533333333333333;0.6057870370370371;0.5040740740740741;0.0;0.66;0.0;0.22;0.66;1.0;1.0;0.8866666666666667;0.0;0.0;1.0;0.3333333333333333;0.66;0.66;0.33;0.5499999999999999;1.0;1.0;1.0;1.0;0.25;0.33;1.0;0.5266666666666667;0.3333333333333333;0.4444444444444444;0.6666666666666666;0.48148148148148145;0.33;0.5;0.41500000000000004;0.41500000000000004;1.0;1.0;1.0;1.0;1.0;1.0;1.0;1.0;1.0;1.0;1.0;1.0;1;0;1;0;1;8;3;5;4;2;6;4;4;4;7;4;7;6;8;4;6;1;4;3;380;25000;0;7;3;2;9;8;6;7;3;2;1;3;1;5;3;3;3;1;3;3;3;2;1;3;5;3;3;4
"1-5-0 (2020-11-16)";"doi.org/10.14281/18241.1";2018;410;"KOR";732;"ROK";410070316;20180106;201712;201801;9.54;11.08;75;1;410047;410013;6;3;4;1;316;2390;"ko";3;1;1.0;0.8032128514056225;41453.815261044176;1;2;1;2;1;3;1;1;1;1;1;2;2;2;2;2;2;1;2;1;2;1;2;1;2;2;2;3;3;2;1;2;1;1;1;1;3;3;5;2;2;2;2;2;1;3;1;1;2;2;7;9;8;3;4;4;3;4;1;2;1;3;4;4;3;4;3;3;3;2;2;3;3;3;3;3;3;2;2;2;2;2;2;2;2;2;2;2;2;2;2;2;2;4;1;1;1;1;0;0;0;0;0;0;0;0;1;0;0;7;6;2;2;2;1;9;3;3;3;3;2;3;3;4;2;0;0;1;1;0;0;2;0;4;2;4;2;3;3;4;2;2;1;2;2;3;3;2;2;3;3;3;1;2;2;1;2;2;3;1;4;7;7;8;7;3;8;4;2;1;2;2;3;3;4;5;2;1;2;6;3;2;1;2;1;1;1;2;5;2;3;2;4;2;3;3;3;3;6;4;4;4;2;2;4;1;4;2;5;5;5;1;3;3;2;1;2;2;2;2;3;3;2;2;1;1;410001;410001;410001;2;3;2;2;2;2;2;3;3;2;1;2;4;4;4;4;7;6;2;6;6;7;6;3;5;4;7;7;6;3;2;2;2;2;2;3;1;1959;58;5;3;1;1;1;410;410;410;1;2;1;2390;1;2;2;1;2;1;0;1;0;1;1;1;9;9;9;2;1;2;3;4;2;7;70000000;410004;1;2;1;0.5666666666666667;0.47000000000000003;0.4612962962962963;0.2575925925925926;0.0;0.33;0.33;0.22;0.66;1.0;0.5;0.7200000000000001;1.0;1.0;0.0;0.6666666666666666;0.66;0.66;0.66;0.66;1.0;1.0;1.0;1.0;0.0;0.66;0.33;0.33;0.0;0.1111111111111111;0.4444444444444444;0.1851851851851852;0.66;0.0;0.33;0.33;1.0;1.0;1.0;1.0;1.0;1.0;1.0;1.0;1.0;1.0;1.0;1.0;0;1;0;0;0;9;4;6;7;3;4;3;3;4;4;4;8;6;7;6;4;4;2;3;200;30000;10000;9;4;1;9;9;8;9;6;1;4;3;3;6;7;5;3;3;3;2;4;3;1;4;7;7;5;4
"1-5-0 (2020-11-16)";"doi.org/10.14281/18241.1";2018;410;"KOR";732;"ROK";410070317;20180106;201712;201801;9.55;10.15;20;1;410041;410007;8;5;2;1;317;2390;"ko";3;1;1.0;0.8032128514056225;41453.815261044176;1;1;1;4;1;4;1;1;1;1;2;1;2;2;2;2;2;1;2;1;1;2;2;1;2;2;2;3;3;4;4;3;4;2;1;1;4;2;5;3;2;1;2;4;2;3;3;3;3;4;3;4;2;4;4;4;4;4;1;2;1;4;2;4;4;4;2;2;2;1;2;2;3;2;3;2;2;1;2;2;2;2;1;2;2;2;3;2;2;1;3;2;2;8;3;2;3;0;0;0;0;0;0;0;0;0;0;0;0;9;1;2;3;3;1;8;3;2;3;4;3;3;4;8;5;2;2;2;2;1;2;1;2;2;3;2;2;3;3;3;3;1;1;1;2;1;4;2;2;2;3;3;1;2;1;1;4;1;3;1;2;8;8;6;4;3;8;2;2;2;1;1;4;4;7;8;3;1;1;8;3;3;3;1;1;6;2;5;4;7;8;4;1;2;1;2;7;3;3;1;1;1;4;3;5;3;3;1;5;1;3;4;3;3;3;3;3;3;3;3;3;3;3;3;3;3;-2;-2;-2;3;4;3;3;2;2;2;2;1;2;1;3;2;3;3;3;3;8;3;8;8;5;5;8;4;9;8;8;7;3;3;1;2;2;3;4;2;1991;26;2;1;1;1;1;410;410;410;1;1;1;2390;6;0;7;3;-3;-3;3;2;3;2;1;-3;3;-3;6;2;1;1;5;3;1;0;100000020;410004;1;1;1;0.6091666666666667;0.8316666666666668;0.4786111111111111;0.6238888888888889;1.0;0.66;0.33;0.6633333333333334;1.0;1.0;1.0;1.0;1.0;0.0;0.0;0.3333333333333333;0.33;0.33;0.66;0.44;1.0;0.0;1.0;0.6666666666666666;0.75;0.66;1.0;0.8033333333333333;0.5555555555555556;0.4444444444444444;0.3333333333333333;0.4444444444444444;0.0;0.0;0.0;0.0;1.0;1.0;1.0;1.0;1.0;1.0;1.0;1.0;1.0;1.0;1.0;1.0;0;0;0;0;1;4;4;4;5;5;2;2;3;4;2;3;5;1;3;8;2;1;5;5;200;2500;0;8;2;2;5;5;6;9;1;1;1;1;1;3;2;2;2;2;3;7;3;2;3;4;5;1;1;-3
"1-5-0 (2020-11-16)";"doi.org/10.14281/18241.1";2018;410;"KOR";732;"ROK";410070318;20180106;201712;201801;9.58;10.18;20;1;410011;410001;8;5;1;1;318;2390;"ko";1;1;1.0;0.8032128514056225;41453.815261044176;2;1;1;2;2;2;1;1;2;1;1;2;2;1;2;2;2;1;2;1;1;2;2;2;2;1;1;3;2;2;1;3;2;1;1;1;4;2;4;4;3;2;3;3;1;1;1;2;2;1;8;7;5;4;4;4;4;4;3;2;1;3;2;3;4;4;4;3;2;3;3;2;2;3;3;3;2;3;2;2;1;2;3;3;3;3;2;2;3;3;2;2;3;7;3;2;3;0;1;2;0;0;0;0;0;0;0;0;0;8;7;3;3;4;1;7;3;3;2;2;3;3;3;4;3;2;1;2;1;2;1;1;2;2;2;4;3;3;4;4;2;3;1;2;2;1;1;2;2;2;2;3;1;1;1;1;2;2;3;1;2;7;6;4;7;4;7;5;1;1;2;2;3;4;6;8;3;1;2;4;3;5;4;3;2;4;2;5;6;5;5;6;2;3;4;1;3;3;6;4;3;4;3;2;4;2;3;1;4;1;2;1;2;2;2;3;2;2;3;3;1;3;3;3;3;3;410008;410008;410008;2;3;2;3;3;2;4;4;2;3;3;2;3;3;4;4;3;3;3;9;4;2;8;2;1;4;9;6;6;3;3;2;3;3;4;4;1;1991;26;2;1;1;1;1;410;410;410;1;4;2;2390;6;0;5;3;-3;-3;3;2;3;2;1;-3;4;-3;3;2;2;1;2;6;2;0;100000020;410004;2;2;2;0.6369444444444444;0.5538888888888889;0.5194444444444445;0.37388888888888894;0.5;0.66;0.0;0.3866666666666667;0.33;1.0;0.8333333333333334;0.7211111111111111;1.0;1.0;1.0;1.0;0.66;0.33;0.33;0.44;1.0;1.0;1.0;1.0;0.25;0.33;0.33;0.3033333333333334;0.3333333333333333;0.4444444444444444;0.5555555555555556;0.4444444444444444;0.66;0.0;0.33;0.33;1.0;1.0;1.0;1.0;1.0;1.0;1.0;1.0;1.0;1.0;1.0;1.0;0;1;0;0;1;7;7;6;7;5;6;4;3;4;2;3;8;4;8;6;5;1;4;2;510;58000;3000;7;5;1;6;5;7;6;3;1;1;6;5;6;4;7;6;5;3;3;2;3;2;3;5;4;7;-3
"1-5-0 (2020-11-16)";"doi.org/10.14281/18241.1";2018;410;"KOR";732;"ROK";410070319;20180106;201712;201801;10.05;10.46;41;1;410041;410007;8;5;2;1;319;2390;"ko";3;1;1.0;0.8032128514056225;41453.815261044176;1;1;2;2;1;3;1;2;1;1;1;2;1;2;2;2;2;1;1;1;1;1;2;1;2;2;2;1;3;1;2;2;2;1;2;1;4;2;2;2;2;1;2;3;3;2;1;1;2;1;9;7;3;4;4;4;4;4;1;1;1;2;1;3;2;3;2;2;2;2;2;3;2;2;2;3;3;2;2;3;2;2;2;2;3;3;2;2;2;3;2;2;2;5;3;1;2;0;0;0;0;0;0;0;0;0;0;0;0;6;5;2;3;6;1;8;4;4;3;3;2;2;1;7;3;2;2;1;1;1;2;2;0;2;2;3;2;3;4;4;2;3;1;1;2;2;1;2;2;2;2;3;2;2;1;2;3;3;1;2;3;8;9;4;4;3;8;5;1;2;2;2;3;3;7;8;3;1;1;8;2;2;1;2;3;4;2;2;4;3;1;1;1;1;2;2;3;3;2;4;3;4;3;2;4;1;3;1;1;1;3;1;1;2;2;3;2;3;3;3;1;2;3;3;1;1;410008;410008;410008;2;2;3;2;2;2;3;3;2;2;1;2;2;3;2;3;7;8;7;7;8;7;8;8;7;8;7;8;8;2;1;1;1;1;2;3;2;1985;32;2;2;1;1;1;410;410;410;1;4;1;2390;1;2;6;3;6;3;3;2;3;2;1;1;3;3;3;2;2;1;3;6;2;0;100000020;410004;3;1;0;0.6091666666666666;0.49833333333333335;0.3698148148148148;0.28129629629629627;0.0;0.0;0.33;0.11;0.66;1.0;1.0;0.8866666666666667;1.0;1.0;1.0;1.0;0.33;0.66;0.33;0.44;0.0;1.0;1.0;0.6666666666666666;0.25;0.66;0.0;0.30333333333333334;0.3333333333333333;0.1111111111111111;0.3333333333333333;0.25925925925925924;0.0;0.5;0.25;0.25;1.0;1.0;1.0;1.0;1.0;1.0;1.0;1.0;1.0;1.0;1.0;1.0;1;0;0;1;1;7;6;5;8;3;4;3;4;3;4;3;9;2;7;8;8;1;5;2;600;30000;0;8;6;2;7;7;7;8;3;1;1;5;3;7;5;7;5;5;2;3;3;3;2;3;6;3;7;4
"1-5-0 (2020-11-16)";"doi.org/10.14281/18241.1";2018;410;"KOR";732;"ROK";410070320;20180106;201712;201801;10.12;10.4;29;1;410041;410007;8;5;2;1;320;2390;"ko";2;1;1.0;0.8032128514056225;41453.815261044176;2;2;2;1;2;2;1;1;2;1;2;1;2;1;2;2;2;1;2;1;2;1;2;1;2;2;3;3;3;3;2;2;3;3;2;1;4;2;3;2;4;2;2;3;2;1;1;2;3;2;6;4;3;4;4;4;4;4;1;1;2;2;2;2;2;3;3;3;3;2;3;2;2;2;3;4;2;3;2;3;3;2;2;2;3;3;3;2;2;2;3;2;3;4;2;3;2;0;0;0;0;0;0;0;0;0;1;0;0;7;7;8;3;8;1;8;2;1;1;2;2;2;2;7;4;2;1;2;1;1;2;1;1;2;3;3;3;3;3;3;3;3;2;2;2;2;2;2;2;2;3;3;1;1;1;2;3;3;1;2;4;7;5;3;6;6;8;2;2;2;2;2;4;2;7;8;3;2;2;6;4;4;2;2;3;4;4;7;7;8;3;4;2;5;4;3;4;5;6;3;3;3;3;2;5;2;2;1;3;1;5;1;2;3;2;2;2;1;2;2;2;3;2;2;2;2;410009;410009;410009;2;3;3;3;2;2;3;3;2;2;2;2;2;3;2;2;5;5;2;10;5;3;10;5;3;10;10;7;7;2;3;2;3;3;4;4;1;1967;50;4;3;1;1;1;410;410;410;1;3;2;2390;6;0;6;3;-3;-3;1;1;1;1;1;-3;3;-3;4;2;1;2;3;3;1;0;100000020;410004;2;1;2;0.7058333333333334;0.6916666666666668;0.5197222222222222;0.5811111111111111;0.5;0.66;0.66;0.6066666666666668;0.33;1.0;1.0;0.7766666666666667;1.0;1.0;1.0;1.0;0.66;0.33;0.33;0.44;1.0;0.0;1.0;0.6666666666666666;0.5;0.66;0.66;0.6066666666666668;0.3333333333333333;0.6666666666666666;0.6666666666666666;0.5555555555555555;0.0;0.5;0.25;0.25;1.0;1.0;1.0;1.0;1.0;1.0;1.0;1.0;1.0;1.0;1.0;1.0;1;0;0;1;0;3;3;4;3;2;2;3;3;4;2;2;3;3;5;5;5;1;2;3;250;35000;0;4;3;1;3;4;4;5;3;1;1;6;5;5;2;2;3;5;3;4;2;1;2;1;5;3;2;-3
"1-5-0 (2020-11-16)";"doi.org/10.14281/18241.1";2018;410;"KOR";732;"ROK";410070321;20180106;201712;201801;10.13;10.47;34;1;410048;410014;6;3;4;1;321;2390;"ko";3;1;1.0;0.8032128514056225;41453.815261044176;2;2;2;2;2;2;1;2;1;1;2;1;2;1;2;2;2;1;2;1;2;1;2;2;2;2;2;2;3;3;2;3;2;1;2;1;3;3;5;4;2;2;4;3;2;3;2;3;2;2;7;6;6;4;4;4;4;4;3;2;2;2;3;3;3;2;2;2;2;3;3;2;2;2;2;3;2;2;2;2;2;2;2;2;2;2;2;2;2;2;2;2;2;7;3;1;2;0;0;0;0;0;0;0;0;0;0;0;0;7;3;5;5;7;1;7;3;4;3;4;4;2;3;3;4;2;2;0;2;0;2;2;1;2;2;4;4;4;4;4;4;4;1;2;2;4;4;2;2;3;4;4;2;2;2;1;2;3;1;1;2;8;7;4;7;8;7;7;1;1;1;1;3;3;4;5;2;1;1;5;4;5;3;3;2;2;3;4;7;5;1;5;1;5;4;5;4;3;5;2;4;4;3;2;3;1;2;1;4;1;5;2;3;3;3;3;3;3;3;3;3;3;3;3;1;1;410002;410002;410002;2;3;2;2;4;2;3;4;2;2;2;3;4;3;3;4;5;7;3;8;8;3;7;3;4;8;8;6;7;2;2;1;1;1;2;3;2;1962;55;5;3;1;1;1;410;410;410;1;4;2;2390;1;2;3;2;3;2;1;1;1;1;3;1;4;6;9;2;2;2;3;4;2;7;70000000;410004;1;1;1;0.6233333333333333;0.5816666666666667;0.30675925925925923;0.44685185185185183;1.0;0.33;0.33;0.5533333333333333;0.33;1.0;0.5;0.61;1.0;1.0;1.0;1.0;0.33;0.33;0.33;0.33;0.0;0.0;1.0;0.3333333333333333;0.25;0.66;0.66;0.5233333333333333;0.1111111111111111;0.3333333333333333;0.6666666666666666;0.3703703703703704;0.0;0.0;0.0;0.0;1.0;1.0;1.0;1.0;1.0;1.0;1.0;1.0;1.0;1.0;1.0;1.0;0;0;0;0;1;7;7;5;5;6;6;5;6;5;6;6;5;6;6;6;5;4;1;3;600;50000;1000;7;4;1;6;6;8;7;7;1;2;3;3;5;3;2;2;2;4;1;4;4;2;2;5;3;2;4
"1-5-0 (2020-11-16)";"doi.org/10.14281/18241.1";2018;410;"KOR";732;"ROK";410070322;20180106;201712;201801;10.36;10.56;20;1;410041;410007;8;5;2;1;322;2390;"ko";3;1;1.0;0.8032128514056225;41453.815261044176;2;1;2;4;4;4;1;2;1;1;2;1;1;2;2;2;2;1;2;1;2;1;2;1;1;2;3;3;3;3;3;3;3;3;3;3;4;2;3;2;3;2;3;2;3;3;2;3;3;1;7;5;2;4;4;4;4;4;3;1;1;2;2;2;3;3;1;1;2;2;1;2;2;2;1;2;1;2;2;2;1;2;2;1;2;2;2;1;1;1;1;2;1;6;3;3;3;0;0;0;0;0;0;0;0;0;0;0;0;6;7;5;8;7;2;8;2;3;2;3;3;2;3;6;3;2;1;2;0;1;1;1;1;2;2;1;3;2;3;2;3;1;2;2;2;1;4;2;2;2;2;2;1;2;2;2;1;1;3;2;1;7;7;5;5;7;6;4;2;2;1;1;4;4;7;8;3;1;1;8;4;2;1;2;1;6;2;3;3;7;4;4;2;2;3;1;1;2;2;2;2;2;4;3;5;5;5;2;5;2;5;4;3;3;3;3;3;3;3;3;3;3;3;3;4;4;-2;-2;-2;4;3;3;2;3;3;3;3;2;3;2;3;2;3;3;2;5;5;8;5;7;6;7;6;4;7;6;7;5;2;3;1;1;2;2;3;2;1999;18;1;1;1;1;1;410;410;410;1;2;2;2390;6;0;3;2;-3;-3;5;3;5;3;6;-3;-3;-3;10;-3;2;2;5;4;2;0;100000020;410004;1;1;0;0.665;0.8866666666666667;0.31833333333333336;0.4700000000000001;1.0;0.66;0.66;0.7733333333333334;1.0;1.0;1.0;1.0;1.0;1.0;0.0;0.6666666666666666;0.0;0.33;0.33;0.22;0.0;0.0;1.0;0.3333333333333333;0.5;0.66;0.66;0.6066666666666668;0.5555555555555556;0.2222222222222222;0.2222222222222222;0.3333333333333333;0.0;0.0;0.0;0.0;1.0;1.0;1.0;1.0;1.0;1.0;1.0;1.0;1.0;1.0;1.0;1.0;0;0;0;1;0;5;3;6;6;6;4;4;4;3;6;6;7;4;9;5;5;-3;-3;3;300;25000;0;-3;4;2;-3;-3;-3;7;1;1;1;5;5;5;5;5;5;5;2;8;3;2;3;2;5;5;5;-3
"1-5-0 (2020-11-16)";"doi.org/10.14281/18241.1";2018;410;"KOR";732;"ROK";410070323;20180106;201712;201801;10.4;11.0;20;1;410026;410002;8;5;2;1;323;2390;"ko";3;1;1.0;0.8032128514056225;41453.815261044176;1;2;2;3;2;3;1;2;1;1;2;1;1;2;2;2;2;1;2;1;2;1;2;2;2;2;2;2;3;3;3;3;4;2;1;1;4;2;4;3;3;2;2;2;2;3;1;2;1;1;8;9;7;4;4;4;4;4;3;2;1;2;2;3;3;3;2;2;3;2;3;2;3;3;3;3;2;2;3;3;2;2;2;3;2;2;2;2;2;2;2;2;2;8;3;3;1;0;0;0;0;0;0;0;0;0;0;0;0;7;6;4;6;7;2;7;3;3;3;3;3;2;0;5;2;2;0;1;1;0;0;0;0;3;3;4;4;4;4;4;4;4;2;2;2;2;2;2;2;3;3;3;1;1;2;1;2;1;3;1;2;8;8;8;6;4;7;4;2;2;2;2;4;4;4;5;2;2;2;4;3;2;3;1;1;2;2;4;6;6;3;4;1;1;2;1;3;1;2;4;3;4;4;3;5;1;5;5;5;4;5;5;3;3;3;3;2;3;3;3;3;3;3;3;1;1;-2;-2;-2;2;3;2;2;3;3;2;3;3;3;2;2;2;2;2;2;5;6;6;5;7;7;6;7;6;6;6;6;6;2;2;2;1;2;2;3;2;1989;28;2;1;1;1;1;410;410;410;1;2;1;2390;1;0;6;3;6;3;3;2;6;3;5;1;-3;3;3;-3;2;1;2;5;2;0;100000020;410004;1;1;0;0.47000000000000003;0.5533333333333335;0.33916666666666667;0.5116666666666667;0.5;0.33;0.33;0.3866666666666667;0.66;1.0;0.5;0.7200000000000001;1.0;0.0;0.0;0.3333333333333333;0.33;0.33;0.66;0.44;0.0;0.0;1.0;0.3333333333333333;0.75;0.66;0.66;0.6900000000000001;0.1111111111111111;0.3333333333333333;0.5555555555555556;0.3333333333333333;0.0;0.0;0.0;0.0;1.0;1.0;1.0;1.0;1.0;1.0;1.0;1.0;1.0;1.0;1.0;1.0;0;0;0;0;1;9;7;7;8;6;7;6;6;6;6;5;9;7;6;7;7;-3;-3;2;350;18000;7000;-3;5;2;-3;-3;-3;9;6;1;1;7;5;4;5;8;5;3;3;3;3;3;3;3;4;5;8;4
"1-5-0 (2020-11-16)";"doi.org/10.14281/18241.1";2018;410;"KOR";732;"ROK";410070324;20180106;201712;201801;10.44;11.04;20;1;410011;410001;8;5;1;1;324;2390;"ko";1;1;1.0;0.8032128514056225;41453.815261044176;1;1;1;2;1;2;1;2;2;1;1;2;2;1;2;1;2;1;2;1;1;1;2;2;2;2;2;1;2;1;2;2;2;1;1;1;1;1;2;2;1;2;2;2;1;1;1;2;2;2;9;8;8;4;4;4;4;4;3;2;2;3;1;3;3;3;2;2;2;2;3;3;2;2;3;2;2;3;3;2;2;2;2;3;2;2;2;1;1;2;1;2;2;8;1;1;1;0;0;0;0;0;0;0;0;0;0;0;0;7;8;7;8;7;1;8;3;4;2;4;3;2;3;6;3;2;1;2;1;1;1;1;2;2;3;2;1;2;1;2;2;2;1;1;2;3;3;2;2;3;4;3;2;1;2;1;2;1;2;2;1;8;8;7;8;8;7;8;1;2;2;2;2;2;7;7;2;2;1;4;7;8;7;3;2;2;2;2;4;3;2;2;3;3;3;3;2;3;2;2;4;3;2;2;3;1;3;2;3;2;3;2;2;3;2;2;3;2;2;2;3;3;3;3;1;1;410002;410002;410002;2;1;2;1;1;1;2;2;2;2;1;1;2;1;2;1;8;8;7;8;8;6;8;7;6;7;6;7;7;2;2;2;1;1;1;2;2;1977;40;3;2;1;1;1;410;410;410;1;4;1;2390;1;2;6;3;6;3;2;1;2;1;1;1;3;3;9;2;2;1;2;6;2;0;100000020;410004;2;2;1;0.6508333333333334;0.5816666666666668;0.30254629629629626;0.1892592592592593;0.5;0.33;0.33;0.3866666666666667;0.33;1.0;1.0;0.7766666666666667;1.0;1.0;1.0;1.0;0.33;0.66;0.33;0.44;0.0;1.0;1.0;0.6666666666666666;0.25;0.33;0.0;0.19333333333333336;0.1111111111111111;0.1111111111111111;0.3333333333333333;0.1851851851851852;0.33;0.0;0.165;0.165;1.0;1.0;1.0;1.0;1.0;1.0;1.0;1.0;1.0;1.0;1.0;1.0;0;0;1;1;0;8;7;7;7;7;8;8;7;7;8;7;7;8;7;8;8;1;5;2;550;30000;1000;9;6;2;9;8;8;8;8;1;1;5;1;9;5;6;6;1;2;1;2;1;1;2;9;4;6;4
"1-5-0 (2020-11-16)";"doi.org/10.14281/18241.1";2018;410;"KOR";732;"ROK";410070325;20180106;201712;201801;10.53;11.59;66;1;410041;410007;8;5;2;1;325;2390;"ko";2;2;1.0;0.8032128514056225;41453.815261044176;1;1;1;2;3;3;1;1;1;1;1;2;2;2;2;2;2;1;2;1;2;1;2;2;2;1;2;3;2;3;2;3;2;1;2;1;2;1;3;2;2;1;3;3;2;3;1;2;2;2;5;6;6;4;4;4;4;4;1;2;1;2;3;4;4;3;3;3;3;3;3;3;3;3;3;2;4;3;3;3;3;3;3;3;3;3;3;3;3;3;3;2;3;6;1;1;2;0;0;0;0;0;0;0;0;0;0;0;0;7;6;7;6;7;1;5;3;3;2;3;3;3;3;6;3;1;0;1;1;1;2;1;1;3;2;4;4;4;4;4;4;4;1;1;2;2;2;2;2;4;4;4;1;1;2;1;3;1;2;2;1;7;6;6;7;5;7;4;2;2;2;2;3;3;7;8;3;2;2;7;7;6;7;6;6;7;6;6;6;7;6;7;7;6;7;7;7;6;6;2;3;3;2;2;4;1;3;2;5;5;1;2;3;3;3;3;3;3;3;3;3;3;3;3;2;2;410002;410002;410002;3;4;2;3;2;3;3;2;3;3;2;2;2;3;2;2;6;5;7;5;7;6;6;5;7;6;5;6;6;2;2;1;1;1;2;3;1;1994;23;1;1;1;1;1;410;410;410;1;3;1;2390;6;0;3;2;-3;-3;3;2;3;2;1;-3;3;-3;5;2;1;2;3;5;2;0;100000020;410004;3;2;1;0.7333333333333334;0.6366666666666667;0.6052314814814814;0.502962962962963;0.5;0.33;0.33;0.3866666666666667;0.66;1.0;1.0;0.8866666666666667;1.0;1.0;1.0;1.0;0.66;0.66;0.66;0.66;1.0;1.0;1.0;1.0;0.25;0.33;0.66;0.41333333333333333;0.6666666666666666;0.5555555555555556;0.5555555555555556;0.5925925925925926;0.33;0.5;0.41500000000000004;0.41500000000000004;1.0;1.0;1.0;1.0;1.0;1.0;1.0;1.0;1.0;1.0;1.0;1.0;1;0;1;1;0;4;5;7;5;7;6;6;5;6;7;5;6;6;7;5;6;1;3;3;400;35000;3500;6;5;1;6;7;6;6;5;1;1;5;3;6;3;4;3;3;2;1;3;2;3;3;8;5;3;-3
"1-5-0 (2020-11-16)";"doi.org/10.14281/18241.1";2018;410;"KOR";732;"ROK";410070326;20180106;201712;201801;11.04;11.36;32;1;410041;410007;8;5;2;1;326;2390;"ko";2;1;1.0;0.8032128514056225;41453.815261044176;1;2;2;2;2;3;1;2;1;1;1;1;2;2;2;2;2;1;2;1;1;1;2;1;2;2;2;2;3;3;2;2;3;3;2;1;4;2;4;2;2;2;3;3;1;2;1;2;2;2;8;7;5;4;4;4;4;4;1;2;1;2;2;3;3;3;3;3;3;3;3;3;2;2;3;3;2;2;2;2;2;2;2;2;2;2;2;2;2;2;2;2;2;4;3;1;1;0;0;0;0;0;0;0;0;0;1;0;0;7;6;8;6;8;2;7;2;2;2;2;2;2;4;7;3;2;0;2;1;2;2;1;1;3;2;3;3;3;3;3;3;3;2;2;2;2;3;2;2;3;3;3;1;2;2;3;1;1;3;4;1;8;8;5;7;3;7;2;2;2;2;2;4;3;7;8;3;2;2;7;3;4;3;2;3;3;4;5;6;5;3;4;2;3;2;3;3;5;5;2;2;2;3;2;5;2;3;1;4;1;2;2;2;2;1;2;1;1;2;2;1;2;2;2;1;1;410002;410002;410002;2;3;3;3;3;2;2;3;3;2;2;2;2;3;1;3;4;7;2;10;5;3;10;5;3;5;9;7;7;2;2;2;2;3;3;3;2;1985;32;2;2;1;1;1;410;410;410;1;3;1;2390;1;1;6;3;6;3;3;2;3;2;5;1;-3;3;3;-3;2;2;3;5;2;0;100000020;410004;1;1;0;0.7058333333333333;0.6366666666666667;0.5451851851851852;0.5070370370370372;0.5;0.33;0.33;0.3866666666666667;0.66;1.0;1.0;0.8866666666666667;1.0;1.0;1.0;1.0;0.66;0.66;0.33;0.5499999999999999;0.0;1.0;1.0;0.6666666666666666;0.5;0.66;0.66;0.6066666666666668;0.2222222222222222;0.4444444444444444;0.5555555555555556;0.40740740740740744;0.0;1.0;0.5;0.5;1.0;1.0;1.0;1.0;1.0;1.0;1.0;1.0;1.0;1.0;1.0;1.0;1;0;0;0;0;7;7;5;7;5;3;3;2;7;5;4;7;4;7;5;5;-3;-3;2;350;25000;6000;-3;4;2;-3;-3;-3;7;4;1;2;2;4;7;2;2;2;3;2;1;3;2;2;2;7;2;2;4
"1-5-0 (2020-11-16)";"doi.org/10.14281/18241.1";2018;410;"KOR";732;"ROK";410070327;20180106;201712;201801;11.09;11.51;42;1;410041;410007;8;5;2;1;327;2390;"ko";2;1;1.0;0.8032128514056225;41453.815261044176;1;1;3;1;1;2;1;1;1;2;2;2;1;1;2;2;2;1;2;1;1;1;2;2;2;2;1;1;1;2;2;4;1;1;1;1;2;1;5;3;4;1;1;1;2;1;1;1;2;3;8;7;8;4;4;4;4;4;3;2;2;3;4;4;4;4;1;2;2;2;3;2;2;2;2;3;3;2;2;4;2;2;3;3;2;2;1;1;2;2;1;1;2;8;2;2;1;1;1;0;0;0;0;0;0;0;0;0;0;8;4;9;2;2;1;9;2;3;2;3;3;3;2;8;3;2;1;1;2;2;2;1;1;3;2;4;4;4;4;4;4;4;2;2;2;2;4;2;2;2;3;4;1;2;1;4;1;1;2;1;3;8;7;8;8;7;8;10;1;1;1;1;3;3;2;2;1;1;1;2;4;2;1;2;2;1;2;2;2;1;1;1;1;2;1;1;2;2;2;1;3;2;2;2;3;1;1;5;5;5;5;3;2;2;2;2;1;2;2;2;2;2;2;2;1;1;410002;410002;410002;2;1;1;2;2;2;1;2;2;1;1;1;3;4;2;3;8;7;5;9;5;2;8;5;6;6;9;8;8;1;2;1;1;2;2;2;1;1967;50;4;3;1;1;1;410;410;410;1;3;1;2390;1;2;6;3;6;3;3;2;3;2;1;5;5;-5;3;2;2;1;2;5;2;1;10100000;410004;2;2;2;0.4013888888888889;0.13777777777777778;0.2539351851851852;0.09203703703703703;0.0;0.33;0.0;0.11;0.33;0.0;0.16666666666666666;0.16555555555555557;1.0;1.0;1.0;1.0;0.33;0.33;0.33;0.33;1.0;0.0;1.0;0.6666666666666666;0.0;0.0;0.33;0.11;0.0;0.1111111111111111;0.1111111111111111;0.07407407407407407;0.33;0.0;0.165;0.165;1.0;1.0;1.0;1.0;1.0;1.0;1.0;1.0;1.0;1.0;1.0;1.0;0;0;1;0;1;7;7;7;6;5;5;4;6;6;3;4;8;2;3;6;6;1;4;2;600;40000;7000;6;6;1;4;5;6;8;7;1;1;6;4;6;4;4;4;4;3;4;2;4;2;2;8;1;1;4
"1-5-0 (2020-11-16)";"doi.org/10.14281/18241.1";2018;410;"KOR";732;"ROK";410070328;20180106;201712;201801;11.11;11.34;23;1;410011;410001;8;5;1;1;328;2390;"ko";2;1;1.0;0.8032128514056225;41453.815261044176;1;2;1;2;1;2;2;2;1;1;1;2;1;1;2;2;2;1;2;1;2;1;2;1;1;2;2;1;2;2;1;2;2;1;1;1;2;1;1;2;2;3;2;2;2;1;1;2;2;2;6;7;7;4;4;4;4;4;3;2;1;2;1;1;2;2;1;2;1;1;2;2;2;1;1;2;2;2;2;1;2;2;1;2;2;2;2;1;2;1;2;2;2;7;1;2;1;0;0;0;0;0;0;0;0;0;0;0;0;7;8;7;8;7;2;8;3;4;4;3;3;2;2;6;3;0;1;1;0;1;0;1;1;3;2;3;3;2;3;4;4;4;1;2;2;2;2;2;2;2;3;2;2;2;1;2;1;1;3;2;1;7;7;8;7;6;8;8;1;1;1;1;2;2;7;8;3;2;2;4;5;4;3;2;3;2;3;2;2;3;2;3;2;2;2;3;2;2;2;2;2;2;2;2;3;1;2;1;3;1;3;2;2;3;2;3;2;2;2;2;1;3;3;3;1;1;410008;410008;410008;2;1;2;1;1;2;1;3;2;2;2;1;2;3;2;2;6;6;7;7;6;7;6;7;6;7;8;6;7;2;2;2;2;1;3;3;2;1983;34;2;2;1;1;1;410;410;410;1;3;1;2390;1;1;6;3;6;3;3;2;3;2;1;1;3;3;6;1;2;1;3;6;2;0;100000020;410004;1;1;1;0.6233333333333334;0.5816666666666668;0.2702777777777778;0.20722222222222225;0.5;0.33;0.33;0.3866666666666667;0.33;1.0;1.0;0.7766666666666667;1.0;1.0;1.0;1.0;0.33;0.33;0.33;0.33;0.0;1.0;1.0;0.6666666666666666;0.25;0.33;0.33;0.3033333333333334;0.1111111111111111;0.1111111111111111;0.1111111111111111;0.1111111111111111;0.0;0.0;0.0;0.0;1.0;1.0;1.0;1.0;1.0;1.0;1.0;1.0;1.0;1.0;1.0;1.0;0;0;0;1;0;8;7;7;7;8;8;7;8;7;7;8;8;7;7;8;7;1;5;3;500;15000;0;7;6;2;8;8;7;7;7;1;1;5;2;5;5;8;2;2;1;3;2;1;2;2;5;4;8;4
"1-5-0 (2020-11-16)";"doi.org/10.14281/18241.1";2018;410;"KOR";732;"ROK";410070329;20180106;201712;201801;11.14;11.56;42;1;410011;410001;8;5;1;1;329;2390;"ko";3;1;1.0;0.8032128514056225;41453.815261044176;3;2;2;3;1;3;1;1;2;1;1;2;2;2;2;1;2;1;2;1;2;1;2;1;2;2;3;2;3;4;4;3;5;2;2;1;4;2;4;4;2;2;3;2;2;3;2;3;3;2;8;5;5;4;4;4;4;4;3;2;2;3;3;3;3;3;2;3;2;2;2;3;2;3;4;4;3;1;2;4;2;2;2;3;2;2;2;2;2;2;2;1;2;7;3;3;2;1;0;0;0;0;0;0;0;0;0;0;0;6;8;5;7;7;2;6;2;4;2;2;2;2;2;6;4;2;2;2;0;2;2;1;2;2;3;3;3;3;4;4;3;3;1;1;2;2;4;2;2;2;3;3;2;1;2;1;2;3;1;1;3;6;6;7;7;3;8;6;1;1;1;1;3;4;3;3;2;1;1;7;3;3;3;4;4;2;1;3;7;8;3;3;2;6;4;2;1;3;6;2;3;3;3;2;5;2;5;1;3;1;3;1;2;2;2;2;1;3;3;3;2;3;3;3;2;2;-2;-2;-2;2;3;2;3;2;2;3;4;2;4;1;2;3;4;1;3;5;7;4;10;5;1;8;4;6;10;8;7;6;2;3;2;2;2;3;3;2;1984;33;2;2;1;1;1;410;410;410;1;1;1;2390;6;0;3;2;-3;-3;0;1;1;1;1;-3;4;-3;4;2;1;2;3;4;2;2;20000000;410004;1;1;1;0.7469444444444444;0.7188888888888889;0.5549999999999999;0.61;1.0;0.66;0.66;0.7733333333333334;0.66;1.0;0.3333333333333333;0.6644444444444444;1.0;1.0;1.0;1.0;0.66;0.66;0.33;0.5499999999999999;1.0;1.0;1.0;1.0;1.0;0.66;1.0;0.8866666666666667;0.1111111111111111;0.2222222222222222;0.6666666666666666;0.3333333333333333;0.0;0.0;0.0;0.0;1.0;1.0;1.0;1.0;1.0;1.0;1.0;1.0;1.0;1.0;1.0;1.0;0;0;0;0;1;4;6;6;6;3;4;4;3;5;4;4;5;7;7;6;3;4;1;3;250;33000;700;6;4;3;7;6;7;3;2;2;2;5;6;6;3;6;4;5;2;7;1;1;1;3;7;3;7;-3
"1-5-0 (2020-11-16)";"doi.org/10.14281/18241.1";2018;410;"KOR";732;"ROK";410070330;20180106;201712;201801;11.2;12.04;44;1;410041;410007;8;5;2;1;330;2390;"ko";1;2;1.0;0.8032128514056225;41453.815261044176;1;1;2;2;1;2;1;2;1;1;2;2;2;2;1;2;1;1;2;2;2;1;2;1;2;2;1;2;3;3;2;3;3;3;2;1;3;3;2;3;2;3;3;4;2;3;2;3;2;2;7;6;5;4;4;4;4;4;1;2;1;1;2;3;3;3;2;2;3;3;2;2;2;3;3;4;3;3;2;3;2;2;2;2;2;2;2;2;2;1;1;1;1;7;3;3;2;2;1;0;0;0;0;0;0;0;0;0;0;7;7;6;7;7;1;7;2;3;3;2;3;2;3;6;4;2;2;1;0;0;1;0;0;2;3;2;2;4;3;4;2;2;1;1;2;1;1;2;2;2;2;3;1;2;2;2;1;2;1;1;3;9;8;7;5;6;8;7;1;1;1;1;2;2;1;1;1;1;1;7;6;2;2;4;2;1;1;3;5;3;1;4;1;1;1;1;3;1;3;3;4;4;2;2;5;1;4;1;5;5;5;5;2;3;2;2;2;2;2;2;2;2;2;2;2;1;410002;410002;410002;2;3;1;4;2;2;4;4;1;2;1;2;2;3;2;3;4;7;5;10;8;3;8;7;7;8;9;6;6;3;2;1;1;1;2;2;2;1974;43;3;2;1;1;1;410;410;410;1;3;1;2390;1;1;6;3;6;3;3;2;3;2;5;1;-3;3;4;-3;2;2;3;4;2;2;20000000;410004;2;2;-2;0.4708333333333333;0.27666666666666667;0.2897222222222222;0.4144444444444445;1.0;0.33;0.0;0.44333333333333336;0.33;0.0;0.0;0.11;1.0;1.0;1.0;1.0;0.33;0.33;0.33;0.33;0.0;0.0;0.0;0.0;0.5;0.66;0.66;0.6066666666666668;0.0;0.2222222222222222;0.4444444444444444;0.2222222222222222;0.66;0.0;0.33;0.33;1.0;1.0;1.0;1.0;1.0;1.0;1.0;1.0;1.0;1.0;1.0;1.0;0;1;0;0;1;6;5;5;6;5;6;4;4;6;6;4;7;2;7;7;6;-3;-3;3;350;40000;3000;-3;4;1;-3;-3;-3;8;4;1;1;4;6;6;1;2;1;3;2;1;3;4;1;3;7;1;5;4
"1-5-0 (2020-11-16)";"doi.org/10.14281/18241.1";2018;410;"KOR";732;"ROK";410070331;20180106;201712;201801;11.3;12.18;48;1;410048;410014;7;4;3;1;331;2390;"ko";2;2;1.0;0.8032128514056225;41453.815261044176;1;1;2;2;1;2;1;1;2;1;2;1;2;1;2;2;2;1;2;1;2;1;2;2;2;2;2;2;2;2;2;3;2;1;1;1;3;3;3;2;2;1;2;2;3;2;2;2;2;2;6;6;6;4;4;4;4;4;1;2;1;2;2;3;3;3;2;3;2;2;3;2;2;3;3;3;2;2;2;3;2;2;2;3;3;3;2;3;3;3;2;3;3;7;3;1;2;1;0;0;0;0;0;0;0;0;0;0;0;8;6;4;4;8;1;3;2;2;2;2;2;1;2;7;3;2;1;2;2;2;2;2;2;3;2;4;3;4;3;4;4;4;1;2;2;1;2;2;2;1;1;1;1;2;2;1;2;3;1;1;2;8;8;8;6;6;7;6;1;1;1;1;3;3;4;4;2;1;1;7;6;7;6;2;2;2;3;8;8;5;2;6;1;3;1;1;1;1;5;3;4;4;3;2;5;1;4;2;5;5;5;2;2;2;2;2;2;2;2;2;2;2;2;2;1;1;410001;410001;410001;1;4;2;3;2;2;2;2;2;2;1;3;3;4;1;4;8;8;3;10;7;1;8;6;5;8;10;7;6;2;2;1;2;2;3;4;2;1965;52;4;3;1;1;1;410;410;410;1;3;1;2390;1;1;1;1;3;2;1;1;1;1;5;1;-3;6;9;-3;2;2;3;3;1;7;70000000;410004;1;1;2;0.6091666666666666;0.49833333333333335;0.3813888888888889;0.4294444444444445;0.5;0.33;0.33;0.3866666666666667;0.33;1.0;0.5;0.61;1.0;1.0;1.0;1.0;0.66;0.33;0.33;0.44;1.0;0.0;1.0;0.6666666666666666;0.25;0.33;0.33;0.3033333333333334;0.1111111111111111;0.7777777777777778;0.7777777777777778;0.5555555555555556;0.0;0.0;0.0;0.0;1.0;1.0;1.0;1.0;1.0;1.0;1.0;1.0;1.0;1.0;1.0;1.0;0;0;0;0;1;7;6;6;7;4;6;3;3;5;5;5;7;4;7;5;5;-3;-3;3;200;5000;0;6;3;1;6;6;6;7;5;1;1;5;5;6;7;6;5;5;2;2;1;2;1;3;6;7;5;4
"1-5-0 (2020-11-16)";"doi.org/10.14281/18241.1";2018;410;"KOR";732;"ROK";410070332;20180106;201712;201801;11.3;11.5;20;1;410011;410001;8;5;1;1;332;2390;"ko";2;1;1.0;0.8032128514056225;41453.815261044176;1;1;1;2;2;3;1;1;2;1;1;2;2;2;2;1;2;1;1;1;1;1;2;1;2;2;2;3;3;3;3;3;4;2;2;1;4;2;3;3;3;3;3;4;1;2;2;2;2;1;7;7;7;4;4;4;4;4;1;2;1;2;2;3;3;3;2;2;2;2;2;2;2;3;3;3;2;2;2;2;2;2;2;3;2;2;2;2;2;2;2;2;2;6;3;1;2;1;0;1;0;0;0;0;0;0;0;0;0;7;7;5;4;4;1;6;2;2;2;3;2;2;4;6;3;1;1;2;1;1;1;1;1;2;2;4;4;4;4;4;4;4;2;2;2;3;3;2;2;3;3;3;1;1;2;1;4;3;1;1;4;7;7;7;4;4;7;5;1;1;1;1;3;3;4;4;2;1;2;5;2;2;2;2;2;6;2;2;9;6;3;7;1;1;1;1;2;1;9;2;3;3;3;2;3;2;4;2;3;2;2;2;2;2;2;2;2;2;2;2;2;2;2;2;1;1;410002;410002;410002;2;3;3;3;3;2;2;4;2;2;1;4;3;4;3;4;2;8;1;10;9;1;10;7;3;10;10;7;7;2;2;2;2;2;2;2;2;1993;24;1;1;1;1;1;410;410;410;1;4;2;2390;6;0;5;3;-3;-3;3;2;6;3;1;-3;3;-3;3;2;2;1;3;6;2;1;10100000;410004;0;1;1;0.6091666666666667;0.5533333333333335;0.5521296296296296;0.6042592592592593;0.5;0.33;0.33;0.3866666666666667;0.66;1.0;0.5;0.7200000000000001;1.0;1.0;1.0;1.0;0.33;0.33;0.33;0.33;1.0;1.0;1.0;1.0;0.75;0.66;0.66;0.6900000000000001;0.5555555555555556;0.1111111111111111;0.8888888888888888;0.5185185185185185;0.0;0.0;0.0;0.0;1.0;1.0;1.0;1.0;1.0;1.0;1.0;1.0;1.0;1.0;1.0;1.0;0;0;0;0;0;8;6;6;7;6;5;5;6;6;6;6;8;6;6;8;7;1;5;2;800;60000;0;6;6;1;6;6;6;8;6;1;2;3;2;5;1;1;1;1;2;1;2;2;2;2;7;1;1;-3
"1-5-0 (2020-11-16)";"doi.org/10.14281/18241.1";2018;410;"KOR";732;"ROK";410070333;20180106;201712;201801;11.3;11.5;20;1;410011;410001;8;5;1;1;333;2390;"ko";2;1;1.0;0.8032128514056225;41453.815261044176;1;1;2;3;2;2;1;2;2;1;2;1;2;1;1;2;2;1;2;1;1;1;1;2;2;2;1;2;2;3;3;3;1;1;2;1;2;1;3;3;2;2;3;2;2;1;1;2;1;2;7;8;5;4;4;4;4;4;1;1;1;2;1;3;3;3;1;3;3;2;3;2;2;2;3;3;2;3;1;2;1;3;3;2;3;3;2;2;4;4;3;2;3;7;3;1;2;2;1;1;0;0;0;0;0;0;1;0;0;7;7;3;5;5;2;7;3;4;3;3;4;3;3;4;2;1;2;2;0;1;1;0;1;3;2;4;4;4;4;4;3;4;1;2;2;2;1;2;2;1;2;2;1;1;1;1;3;2;3;2;1;8;6;5;6;3;8;7;1;1;1;1;2;3;2;3;1;1;1;7;7;6;4;3;4;4;2;2;4;2;1;2;2;1;3;1;2;3;3;3;4;3;2;1;3;2;3;1;3;1;2;1;2;2;2;2;1;2;3;1;1;2;3;3;3;2;410009;410009;410009;1;2;3;2;3;2;3;4;1;2;2;2;3;4;3;3;5;7;4;8;6;4;8;7;4;6;8;7;8;2;2;1;2;1;3;3;1;1981;36;3;2;1;1;1;410;410;410;1;3;1;2390;1;1;6;3;5;3;3;2;3;2;1;5;5;-5;5;2;1;1;2;5;2;7;70000000;410004;3;2;0;0.47055555555555556;0.22111111111111112;0.3756481481481482;0.29462962962962963;0.5;0.33;0.0;0.27666666666666667;0.33;0.0;0.16666666666666666;0.16555555555555557;1.0;1.0;1.0;1.0;0.66;0.33;0.33;0.44;0.0;0.0;1.0;0.3333333333333333;0.0;0.33;0.66;0.33;0.3333333333333333;0.1111111111111111;0.3333333333333333;0.25925925925925924;0.66;0.5;0.5800000000000001;0.5800000000000001;1.0;1.0;1.0;1.0;1.0;1.0;1.0;1.0;1.0;1.0;1.0;1.0;1;1;0;1;0;8;6;5;5;3;4;3;2;3;5;5;8;6;7;7;5;1;5;2;400;28000;0;6;5;1;7;5;6;8;4;1;1;8;5;5;4;3;7;4;3;4;2;2;1;3;5;4;6;4
"1-5-0 (2020-11-16)";"doi.org/10.14281/18241.1";2018;410;"KOR";732;"ROK";410070334;20180106;201712;201801;11.33;11.54;21;1;410041;410007;8;5;2;1;334;2390;"ko";2;1;1.0;0.8032128514056225;41453.815261044176;2;1;2;2;2;2;2;2;1;1;1;2;1;1;2;2;2;1;2;1;1;1;2;2;2;2;2;2;1;1;2;2;2;1;3;3;3;3;2;3;2;2;2;3;2;3;1;2;2;1;8;8;7;4;4;4;3;4;1;1;1;2;1;4;3;3;2;2;2;1;2;3;2;2;3;3;3;1;2;3;2;2;2;2;3;3;2;2;2;2;2;2;2;3;3;1;2;0;0;0;0;0;0;0;0;0;0;0;0;7;3;4;4;7;1;6;2;3;3;2;2;2;2;6;3;2;2;2;0;2;0;2;0;3;2;4;3;3;3;3;2;2;1;2;2;2;3;2;2;2;2;3;1;2;1;2;1;2;4;2;3;8;8;3;3;2;8;1;2;2;2;2;4;4;7;8;3;1;1;9;2;3;2;1;1;3;2;3;5;5;2;4;2;1;3;2;4;3;5;3;4;4;3;2;4;2;3;1;1;1;2;1;2;2;1;3;2;2;2;2;1;2;2;2;1;1;410008;410008;410008;2;2;2;2;3;3;2;3;2;2;2;2;3;4;1;4;2;6;3;8;6;4;7;6;4;5;8;6;7;2;1;1;2;1;3;4;1;1994;23;1;1;1;1;1;410;410;410;1;4;2;2390;6;0;3;2;-3;-3;3;2;6;3;6;-3;-3;-3;3;-3;2;1;3;7;2;0;100000020;410004;4;3;1;0.45666666666666667;0.5266666666666667;0.38657407407407407;0.1898148148148148;0.5;0.0;0.33;0.27666666666666667;0.33;1.0;1.0;0.7766666666666667;1.0;0.0;0.0;0.3333333333333333;0.33;0.66;0.33;0.44;0.0;1.0;1.0;0.6666666666666666;0.25;0.0;0.0;0.08333333333333333;0.2222222222222222;0.2222222222222222;0.4444444444444444;0.2962962962962963;1.0;0.0;0.5;0.5;1.0;1.0;1.0;1.0;1.0;1.0;1.0;1.0;1.0;1.0;1.0;1.0;0;1;1;1;1;6;8;5;8;4;2;2;3;3;2;5;8;3;8;7;6;-3;-3;2;600;60000;0;-3;7;1;-3;-3;-3;7;2;2;4;6;2;6;4;8;6;3;2;3;2;3;2;2;6;3;7;-3
"1-5-0 (2020-11-16)";"doi.org/10.14281/18241.1";2018;410;"KOR";732;"ROK";410070335;20180106;201712;201801;11.33;12.02;29;1;410028;410004;8;5;2;1;335;2390;"ko";3;1;1.0;0.8032128514056225;41453.815261044176;1;2;2;2;2;3;1;1;1;1;1;2;2;2;2;2;2;1;2;1;2;1;2;2;2;2;3;2;2;2;3;2;3;3;2;1;3;3;4;2;2;2;2;2;2;1;1;3;2;2;7;8;4;4;4;4;4;4;1;1;1;3;2;3;3;3;3;2;3;3;3;3;2;2;3;3;3;2;2;3;3;2;2;2;3;3;2;3;2;3;3;2;3;7;3;1;2;0;0;0;0;0;0;0;0;0;0;0;0;4;6;4;5;5;1;7;2;3;2;3;3;2;3;1;3;2;1;2;1;1;1;1;2;2;3;2;2;2;3;2;2;1;2;2;2;2;2;2;2;2;2;3;1;2;1;2;1;1;2;1;2;7;7;7;5;4;6;5;2;2;2;2;3;3;7;8;3;1;2;5;3;5;1;4;2;4;4;5;6;5;4;4;3;6;6;5;2;2;6;3;3;3;2;2;5;1;5;2;5;3;5;2;2;3;3;3;2;3;3;3;2;2;2;2;2;2;-2;-2;-2;2;3;2;3;2;2;3;2;2;2;2;3;2;2;2;3;6;7;3;7;7;2;5;7;7;7;9;7;7;2;2;2;2;2;2;3;1;1977;40;3;2;1;1;1;410;410;410;1;4;1;2390;1;3;5;3;3;2;1;1;1;1;1;1;3;3;9;2;1;2;3;3;1;0;100000020;410004;2;2;1;0.7475;0.7750000000000001;0.4990277777777778;0.41555555555555557;1.0;0.33;0.66;0.6633333333333334;0.66;1.0;1.0;0.8866666666666667;1.0;1.0;1.0;1.0;0.33;0.66;0.33;0.44;1.0;1.0;1.0;1.0;0.5;0.33;0.33;0.3866666666666667;0.3333333333333333;0.4444444444444444;0.5555555555555556;0.4444444444444444;0.33;0.0;0.165;0.165;1.0;1.0;1.0;1.0;1.0;1.0;1.0;1.0;1.0;1.0;1.0;1.0;0;0;1;0;1;7;6;6;6;2;4;4;4;4;5;5;8;4;6;6;6;1;4;3;450;15000;0;7;3;2;7;7;8;7;5;1;1;3;3;5;4;3;3;3;3;1;2;3;2;3;6;4;3;4
"1-5-0 (2020-11-16)";"doi.org/10.14281/18241.1";2018;410;"KOR";732;"ROK";410070336;20180106;201712;201801;11.39;12.28;49;1;410041;410007;8;5;2;1;336;2390;"ko";2;1;1.0;0.8032128514056225;41453.815261044176;1;1;1;4;1;4;2;1;1;1;2;2;1;1;2;2;2;1;2;2;2;2;2;1;2;2;2;2;2;3;2;2;2;1;2;1;4;2;3;3;4;3;2;2;2;3;3;3;2;1;7;5;6;4;4;3;4;4;1;1;1;1;2;2;2;3;2;2;2;3;1;3;2;2;3;2;3;3;2;2;1;3;2;3;3;3;2;1;2;3;2;1;2;8;1;3;1;0;2;0;0;0;0;0;0;0;0;0;0;5;8;5;6;7;1;7;2;2;2;1;2;2;4;6;4;1;1;0;1;1;1;2;0;2;2;3;4;3;3;3;3;4;1;2;2;1;4;2;2;3;4;3;1;2;1;2;4;2;4;2;1;6;4;7;4;7;4;4;2;2;2;2;4;3;7;8;3;2;1;4;3;2;3;2;2;2;3;3;6;8;2;2;1;1;2;1;3;3;2;2;1;1;4;3;5;2;2;3;5;2;5;2;2;3;3;2;2;3;3;2;2;3;2;2;3;3;-2;-2;-2;3;2;3;3;1;2;4;3;3;2;2;3;3;2;3;2;6;7;5;7;7;8;8;7;5;7;8;7;7;2;2;1;1;2;3;4;1;1994;23;1;1;1;1;1;410;410;410;1;4;2;2390;6;0;5;3;-3;-3;3;2;3;2;1;-3;3;-3;3;2;2;1;3;6;2;0;100000020;410004;3;3;2;0.7483333333333333;0.7766666666666666;0.4690740740740741;0.3548148148148148;1.0;0.33;0.33;0.5533333333333333;1.0;1.0;1.0;1.0;1.0;1.0;1.0;1.0;0.33;0.66;0.33;0.44;1.0;0.0;1.0;0.6666666666666666;0.25;0.33;0.66;0.41333333333333333;0.1111111111111111;0.2222222222222222;0.5555555555555556;0.2962962962962963;1.0;0.0;0.5;0.5;1.0;1.0;1.0;1.0;1.0;1.0;1.0;1.0;1.0;1.0;1.0;1.0;0;1;1;1;0;7;6;7;7;7;6;5;7;5;7;5;6;7;5;9;6;1;7;2;750;80000;0;7;7;1;8;7;7;6;7;1;2;2;1;5;3;3;2;5;1;7;2;1;3;2;5;2;2;-3
"1-5-0 (2020-11-16)";"doi.org/10.14281/18241.1";2018;410;"KOR";732;"ROK";410070337;20180106;201712;201801;11.46;12.19;33;1;410029;410005;8;5;2;1;337;2390;"ko";3;1;1.0;0.8032128514056225;41453.815261044176;1;2;2;2;2;3;1;1;1;1;2;2;1;2;2;2;2;1;1;1;2;1;2;2;2;2;2;2;2;3;2;3;2;1;2;1;2;1;4;3;3;2;2;3;2;2;1;1;2;2;7;7;6;4;4;4;4;4;1;2;1;2;2;3;3;3;2;3;3;3;3;3;3;3;3;4;3;3;3;3;3;3;3;3;3;3;3;3;3;3;3;3;3;4;3;3;2;1;0;0;0;0;0;0;0;0;0;0;0;7;4;4;7;4;1;4;2;3;2;2;2;2;3;7;3;2;2;2;1;2;2;0;2;2;3;3;2;3;3;4;4;4;1;2;2;1;1;2;2;2;2;2;1;2;1;3;1;2;3;1;3;7;6;5;4;5;7;5;1;2;2;2;3;3;2;4;2;2;1;7;2;2;2;3;2;2;2;3;4;3;2;2;2;3;3;2;2;2;2;2;3;3;2;2;1;1;2;1;5;5;5;5;2;2;2;2;2;2;2;2;2;2;2;2;1;1;410002;410002;410002;2;3;2;3;2;2;2;3;2;2;2;2;2;4;2;3;4;8;6;8;7;1;7;8;4;7;8;7;6;3;2;2;2;2;3;3;1;1952;65;6;3;1;1;1;410;410;410;1;3;1;2390;1;2;2;1;2;1;0;1;1;1;3;3;5;5;9;2;1;2;3;6;2;0;100000020;410004;3;2;1;0.6222222222222222;0.41444444444444445;0.5330555555555556;0.31777777777777777;0.0;0.33;0.33;0.22;0.66;1.0;0.16666666666666666;0.6088888888888889;1.0;1.0;1.0;1.0;0.66;0.66;0.66;0.66;1.0;0.0;1.0;0.6666666666666666;0.25;0.33;0.66;0.41333333333333333;0.1111111111111111;0.2222222222222222;0.3333333333333333;0.22222222222222224;0.66;1.0;0.8300000000000001;0.8300000000000001;1.0;1.0;1.0;1.0;1.0;1.0;1.0;1.0;1.0;1.0;1.0;1.0;1;1;0;0;1;7;7;7;7;7;6;6;6;6;6;5;7;6;6;4;4;4;2;3;200;25000;1000;7;6;1;7;7;8;8;6;1;1;5;6;8;4;5;5;5;3;1;2;2;2;2;8;4;5;4
"1-5-0 (2020-11-16)";"doi.org/10.14281/18241.1";2018;410;"KOR";732;"ROK";410070338;20180106;201712;201801;11.52;12.39;47;1;410048;410014;7;4;3;1;338;2390;"ko";2;1;1.0;0.8032128514056225;41453.815261044176;1;2;2;2;2;2;1;2;1;1;2;1;1;2;2;2;2;1;2;1;1;1;2;1;2;2;2;2;2;3;3;3;3;3;2;1;4;2;3;3;4;2;3;3;2;2;1;2;2;2;7;7;7;4;4;4;3;4;1;2;1;2;2;4;3;4;2;3;3;3;3;2;2;2;3;3;2;2;2;2;2;3;3;3;2;2;2;2;2;2;2;2;2;6;2;3;2;1;0;0;0;0;0;0;0;0;1;0;0;6;5;3;5;6;1;5;2;2;2;2;1;2;2;5;2;1;0;2;0;0;0;1;1;3;3;3;2;3;3;3;3;3;2;2;2;2;2;2;2;2;3;4;1;2;1;2;4;3;1;2;3;9;9;2;2;2;8;6;1;1;1;1;3;3;4;5;2;2;2;7;5;5;1;1;1;5;1;3;5;4;1;3;1;1;1;1;1;1;3;3;4;4;3;2;2;1;5;2;5;4;5;2;2;3;3;3;3;3;3;3;2;2;3;3;1;1;-2;-2;-2;2;3;3;3;2;2;3;3;2;2;2;3;3;4;2;3;8;7;3;9;8;1;8;7;1;7;7;8;7;2;2;3;3;2;3;3;2;1955;62;5;3;1;1;1;410;410;410;1;2;1;2390;1;2;3;2;3;2;1;1;2;1;5;1;-3;4;7;-3;2;2;3;6;2;7;70000000;410004;2;1;0;0.4425;0.49833333333333335;0.30009259259259263;0.4335185185185186;0.5;0.33;0.33;0.3866666666666667;0.33;1.0;0.5;0.61;1.0;0.0;0.0;0.3333333333333333;0.66;0.33;0.33;0.44;0.0;0.0;1.0;0.3333333333333333;0.5;0.33;0.66;0.49666666666666676;0.4444444444444444;0.2222222222222222;0.4444444444444444;0.3703703703703704;0.0;0.0;0.0;0.0;1.0;1.0;1.0;1.0;1.0;1.0;1.0;1.0;1.0;1.0;1.0;1.0;0;0;0;1;1;7;5;7;7;4;5;5;5;5;6;5;7;4;7;5;6;-3;-3;3;250;65000;0;-3;7;1;-3;-3;-3;8;7;1;1;6;6;6;6;5;5;5;2;2;2;2;2;3;6;7;5;4
"1-5-0 (2020-11-16)";"doi.org/10.14281/18241.1";2018;410;"KOR";732;"ROK";410070339;20180106;201712;201801;11.58;12.27;29;1;410011;410001;8;5;1;1;339;2390;"ko";2;1;1.0;0.8032128514056225;41453.815261044176;1;2;1;2;2;2;2;1;1;1;1;2;2;1;2;2;2;1;1;1;2;1;2;1;2;2;1;2;1;1;2;1;2;1;1;1;1;1;2;2;1;2;1;2;2;1;1;1;2;2;7;8;7;2;1;2;1;2;3;1;2;1;1;2;2;2;2;1;2;1;2;2;1;2;2;1;2;2;2;1;2;1;1;2;2;2;2;1;2;2;2;2;2;8;1;1;1;2;2;2;2;2;2;2;2;2;2;2;2;7;8;7;8;8;2;8;3;2;3;2;2;3;2;8;4;0;1;2;1;1;0;1;0;2;2;2;3;3;3;3;3;3;2;2;2;2;2;2;2;2;2;2;1;1;1;2;1;1;3;2;1;7;8;7;7;8;7;8;1;1;1;1;2;2;7;8;2;2;1;4;6;6;7;2;2;2;2;2;4;4;1;2;2;3;2;2;2;2;7;2;2;2;2;2;3;1;3;1;3;1;2;2;3;3;3;3;3;3;3;3;1;1;2;2;2;2;410002;410002;410002;2;1;2;1;2;2;2;2;1;2;2;2;1;2;1;2;8;7;6;7;7;6;8;7;7;6;8;8;7;2;2;1;2;1;2;3;1;1968;49;4;2;1;1;1;410;410;410;1;4;1;2390;1;2;6;3;3;2;1;1;1;1;1;1;3;4;6;2;1;1;2;7;2;7;70000000;410004;1;1;2;0.4991666666666667;0.44333333333333336;0.31712962962962965;0.13425925925925927;0.0;0.33;0.0;0.11;0.33;1.0;1.0;0.7766666666666667;1.0;1.0;1.0;1.0;0.0;0.33;0.0;0.11;1.0;1.0;1.0;1.0;0.25;0.0;0.0;0.08333333333333333;0.1111111111111111;0.1111111111111111;0.3333333333333333;0.1851851851851852;0.0;0.0;0.0;0.0;1.0;1.0;1.0;1.0;1.0;1.0;1.0;1.0;1.0;1.0;1.0;1.0;0;0;0;1;0;8;7;8;7;8;7;8;7;8;8;7;7;8;7;8;8;1;6;2;600;50000;1500;7;6;1;8;7;8;8;7;1;1;5;2;8;5;5;2;2;2;1;2;1;2;1;8;5;3;4
"1-5-0 (2020-11-16)";"doi.org/10.14281/18241.1";2018;410;"KOR";732;"ROK";410070340;20180106;201712;201801;12.04;12.35;31;1;410011;410001;8;5;1;1;340;2390;"ko";2;2;1.0;0.8032128514056225;41453.815261044176;1;2;3;3;1;3;1;1;2;2;1;1;2;1;2;2;2;1;2;1;2;1;2;1;2;2;2;2;4;4;4;3;4;2;2;1;4;2;4;2;2;1;2;2;2;3;1;3;2;2;5;7;7;4;4;4;4;4;1;1;2;2;2;3;2;2;2;3;2;2;2;3;2;3;4;4;3;2;2;3;3;2;2;3;2;2;2;2;2;2;3;2;2;7;3;1;2;1;1;0;1;0;0;0;0;0;0;0;0;8;5;7;3;4;2;7;2;3;2;2;2;2;4;7;4;2;2;2;0;1;2;1;2;2;2;3;3;2;3;4;3;2;1;2;2;2;1;2;1;2;3;4;1;1;1;1;3;3;1;1;2;8;5;6;4;2;8;2;2;2;2;2;4;3;7;6;2;2;2;3;3;3;2;4;3;2;1;7;7;8;2;8;2;6;4;3;3;3;8;2;3;3;3;2;2;1;2;1;2;1;1;1;2;2;2;2;1;1;2;2;1;2;2;2;2;2;-2;-2;-2;2;3;2;3;3;2;3;4;2;2;1;1;3;4;1;4;3;6;2;10;7;1;9;4;2;9;9;5;7;2;3;2;2;2;3;3;1;1979;38;3;2;1;1;1;410;410;410;1;3;1;2390;1;1;7;3;6;3;6;3;6;3;1;1;3;3;3;2;1;1;3;6;2;0;100000020;410004;2;1;2;0.775;0.7750000000000001;0.662037037037037;0.6990740740740741;1.0;0.66;0.33;0.6633333333333334;0.66;1.0;1.0;0.8866666666666667;1.0;1.0;1.0;1.0;0.66;0.66;0.33;0.5499999999999999;1.0;1.0;1.0;1.0;0.75;1.0;1.0;0.9166666666666666;0.1111111111111111;0.6666666666666666;0.6666666666666666;0.48148148148148145;0.0;0.5;0.25;0.25;1.0;1.0;1.0;1.0;1.0;1.0;1.0;1.0;1.0;1.0;1.0;1.0;1;0;0;0;1;7;6;5;7;8;6;4;3;8;4;4;7;7;8;5;3;1;8;2;550;28000;0;8;6;1;8;7;5;8;5;1;4;5;5;6;1;5;5;5;2;1;2;1;2;2;7;1;6;4
"1-5-0 (2020-11-16)";"doi.org/10.14281/18241.1";2018;410;"KOR";732;"ROK";410070341;20180106;201712;201801;12.06;12.41;35;1;410041;410007;8;5;2;1;341;2390;"ko";2;1;1.0;0.8032128514056225;41453.815261044176;1;2;2;1;2;3;1;1;2;1;2;1;2;1;2;2;2;1;2;1;2;1;2;1;2;1;2;3;3;3;2;3;2;1;2;1;4;2;4;3;4;2;2;4;2;1;2;2;2;2;7;7;6;4;4;4;4;4;1;1;1;2;2;2;3;3;3;3;2;2;3;2;2;2;2;3;2;2;2;3;3;2;2;2;2;2;3;2;2;2;3;2;2;4;3;3;1;0;0;0;0;0;0;0;0;0;2;0;0;7;8;5;3;4;1;4;2;2;2;1;2;2;2;7;3;2;1;2;1;1;2;1;1;3;2;3;3;3;3;3;3;3;2;2;2;3;3;2;2;3;3;3;2;2;1;1;3;3;1;1;4;7;5;6;6;7;8;3;2;2;2;2;3;3;7;8;3;2;2;3;3;4;2;2;2;4;5;5;6;6;4;3;2;4;2;2;3;4;8;2;3;3;2;2;5;1;2;1;5;1;5;1;1;2;1;2;1;1;1;1;1;2;1;2;1;1;410002;410002;410002;2;2;2;3;3;2;2;3;2;2;1;2;2;3;2;3;4;5;5;9;5;5;9;6;4;8;9;8;8;2;2;1;2;2;3;3;1;1974;43;3;2;1;1;1;410;410;410;1;4;1;2390;1;2;3;2;3;2;1;1;1;1;1;2;3;5;10;1;1;1;3;5;2;0;100000020;410004;1;1;2;0.6783333333333333;0.6366666666666667;0.47111111111111104;0.48388888888888887;0.5;0.33;0.33;0.3866666666666667;0.66;1.0;1.0;0.8866666666666667;1.0;1.0;1.0;1.0;0.66;0.33;0.33;0.44;1.0;0.0;1.0;0.6666666666666666;0.25;0.66;0.66;0.5233333333333333;0.3333333333333333;0.4444444444444444;0.5555555555555556;0.4444444444444444;0.0;0.5;0.25;0.25;1.0;1.0;1.0;1.0;1.0;1.0;1.0;1.0;1.0;1.0;1.0;1.0;1;0;0;0;0;7;7;5;8;5;5;4;5;3;6;6;8;7;7;6;8;1;4;2;400;35000;5000;8;4;1;9;7;6;7;8;1;3;5;5;7;2;2;4;3;2;1;1;2;1;2;8;2;2;4
"1-5-0 (2020-11-16)";"doi.org/10.14281/18241.1";2018;410;"KOR";732;"ROK";410070342;20180106;201712;201801;12.08;12.59;51;1;410041;410007;8;5;2;1;342;2390;"ko";2;1;1.0;0.8032128514056225;41453.815261044176;1;1;1;3;1;3;1;2;1;1;1;2;2;1;2;2;2;1;2;1;2;1;2;1;2;2;2;2;2;2;3;3;2;1;2;1;2;1;2;3;3;2;3;2;3;3;3;3;2;1;8;7;8;4;4;4;4;4;3;2;1;2;2;2;3;3;2;3;3;2;3;2;2;3;3;3;2;3;2;2;3;3;2;2;2;2;2;2;3;2;2;3;2;8;1;1;3;0;0;0;0;0;0;0;0;0;0;0;0;8;6;7;7;7;1;5;3;3;2;3;2;2;2;7;3;2;0;1;0;0;0;1;2;2;2;2;2;3;4;3;2;2;2;2;2;3;3;2;2;3;3;3;1;1;2;2;4;2;1;2;4;8;7;8;8;7;7;8;2;2;2;2;2;2;4;1;2;2;1;8;3;3;4;1;1;4;2;4;5;5;1;1;1;3;1;2;4;2;4;4;4;4;3;2;5;2;5;1;1;1;1;1;2;2;3;3;2;3;3;3;3;3;3;3;2;3;410008;410008;410008;2;2;3;2;3;2;3;2;3;2;2;3;3;2;3;3;7;9;4;8;8;4;9;7;5;6;9;7;8;2;2;1;1;2;2;3;1;1989;28;2;1;1;1;1;410;410;410;1;5;2;2390;6;0;6;3;-3;-3;3;2;3;2;1;-3;3;-3;3;2;2;2;3;4;2;0;100000020;410004;2;2;1;0.5116666666666667;0.6366666666666667;0.4175925925925926;0.33685185185185185;1.0;0.33;0.33;0.5533333333333333;0.66;1.0;0.5;0.7200000000000001;1.0;0.0;0.0;0.3333333333333333;0.66;0.33;0.33;0.44;0.0;1.0;1.0;0.6666666666666666;0.25;0.33;0.33;0.3033333333333334;0.3333333333333333;0.3333333333333333;0.4444444444444444;0.3703703703703703;0.66;0.0;0.33;0.33;1.0;1.0;1.0;1.0;1.0;1.0;1.0;1.0;1.0;1.0;1.0;1.0;0;1;0;1;0;7;7;6;7;7;4;5;4;5;5;4;7;5;4;5;7;1;5;3;500;37000;5000;8;4;1;8;7;8;7;7;1;1;5;5;5;1;6;5;5;2;3;3;2;3;2;6;1;8;-3
"1-5-0 (2020-11-16)";"doi.org/10.14281/18241.1";2018;410;"KOR";732;"ROK";410070343;20180106;201712;201801;12.1;12.3;20;1;410041;410007;8;5;2;1;343;2390;"ko";2;2;1.0;0.8032128514056225;41453.815261044176;1;1;1;2;1;1;1;1;1;1;1;2;2;2;2;2;2;1;2;1;2;1;2;2;2;1;2;3;2;2;3;3;2;1;2;1;2;1;3;2;2;1;3;3;2;3;1;2;2;2;6;6;5;4;4;4;4;4;1;2;1;2;3;3;4;3;3;2;3;2;3;3;4;2;2;3;2;3;2;3;2;2;3;2;3;3;2;3;3;2;2;3;3;5;1;1;1;0;0;0;0;0;0;0;0;0;0;0;0;6;7;6;7;6;1;6;2;3;3;3;2;2;2;7;3;1;2;1;1;0;1;2;1;1;2;4;4;4;4;4;4;4;1;1;2;2;2;2;2;4;4;4;1;2;1;1;3;1;2;2;3;8;7;7;7;6;7;3;2;2;2;2;3;3;7;8;3;2;2;7;5;7;6;7;5;7;6;7;7;6;5;7;6;7;6;7;5;7;7;2;2;2;2;1;5;1;4;3;4;2;4;2;3;3;3;3;3;3;3;3;3;3;3;3;2;2;410008;410008;410008;4;2;3;2;3;3;3;4;3;3;2;2;3;3;2;2;6;5;7;6;5;7;7;6;7;6;7;6;5;2;2;1;1;1;2;3;1;1987;30;2;2;1;1;1;410;410;410;1;3;1;2390;6;0;5;3;-3;-3;3;2;3;2;1;-3;3;-3;6;2;2;2;3;7;2;0;100000020;410004;4;2;1;0.6791666666666667;0.5266666666666666;0.59625;0.485;0.5;0.33;0.33;0.3866666666666667;0.0;1.0;1.0;0.6666666666666666;1.0;1.0;1.0;1.0;0.33;0.66;1.0;0.6633333333333334;1.0;1.0;1.0;1.0;0.25;0.33;0.33;0.3033333333333334;0.6666666666666666;0.6666666666666666;0.6666666666666666;0.6666666666666666;0.33;0.5;0.41500000000000004;0.41500000000000004;1.0;1.0;1.0;1.0;1.0;1.0;1.0;1.0;1.0;1.0;1.0;1.0;1;0;1;1;1;7;7;7;6;8;5;5;7;6;6;7;6;6;7;6;7;1;2;3;500;18000;6000;7;6;1;6;7;7;6;6;1;1;5;3;6;5;7;3;2;2;3;2;3;4;2;5;4;6;-3
"1-5-0 (2020-11-16)";"doi.org/10.14281/18241.1";2018;410;"KOR";732;"ROK";410070344;20180106;201712;201801;12.23;12.57;34;1;410029;410005;8;5;2;1;344;2390;"ko";2;2;1.0;0.8032128514056225;41453.815261044176;1;2;2;3;1;3;1;2;1;1;2;2;1;1;2;2;2;1;2;1;2;1;2;2;2;2;2;3;2;2;3;3;4;2;1;1;3;3;3;3;3;2;4;2;2;1;1;2;2;2;9;8;6;4;4;4;3;4;1;2;2;4;2;4;3;3;3;2;3;2;2;2;2;3;3;3;2;2;3;2;2;2;2;2;2;2;2;2;2;2;2;2;2;9;3;1;2;0;1;0;0;0;0;0;0;0;0;0;0;4;9;2;6;8;1;9;3;3;3;3;3;2;0;8;2;2;2;2;2;2;2;2;2;3;2;3;2;3;3;4;2;2;2;2;2;2;2;2;2;3;3;3;2;1;2;1;2;1;3;1;4;9;9;8;7;6;8;2;2;2;2;2;3;3;7;7;3;1;2;3;3;2;2;2;2;1;1;1;7;7;4;3;1;4;2;2;3;2;2;3;4;4;3;3;5;1;5;1;3;1;2;1;2;2;2;2;3;2;3;3;2;2;3;3;2;2;410008;410008;410008;2;3;2;2;2;2;2;3;2;2;1;1;2;3;2;3;8;9;4;9;9;6;9;9;2;10;10;7;7;3;3;2;2;2;3;3;2;1982;35;3;2;1;1;1;410;410;410;1;4;1;2390;1;2;3;2;3;2;1;1;2;1;2;2;5;4;5;2;2;2;3;2;1;0;100000020;410004;0;1;1;0.6783333333333335;0.6916666666666668;0.2563888888888889;0.34611111111111115;0.5;0.66;0.33;0.49666666666666676;0.66;1.0;1.0;0.8866666666666667;1.0;1.0;1.0;1.0;0.33;0.33;0.33;0.33;0.0;0.0;1.0;0.3333333333333333;0.75;0.33;0.33;0.47000000000000003;0.0;0.0;0.6666666666666666;0.2222222222222222;0.0;0.0;0.0;0.0;1.0;1.0;1.0;1.0;1.0;1.0;1.0;1.0;1.0;1.0;1.0;1.0;0;0;0;0;0;8;6;5;7;4;6;4;3;5;5;6;8;6;8;5;7;2;2;2;380;30000;10000;8;2;1;8;8;7;8;6;1;2;8;5;9;5;8;5;5;3;3;3;2;2;3;9;5;9;4
"1-5-0 (2020-11-16)";"doi.org/10.14281/18241.1";2018;410;"KOR";732;"ROK";410070345;20180106;201712;201801;12.3;12.53;23;1;410029;410005;8;5;2;1;345;2390;"ko";2;1;1.0;0.8032128514056225;41453.815261044176;1;1;2;3;2;1;1;1;1;1;2;2;2;2;1;2;2;1;2;1;2;1;1;1;2;2;2;2;3;3;3;3;4;2;4;2;3;3;3;2;3;2;3;4;2;2;1;1;2;2;4;7;6;4;4;4;4;4;3;2;1;2;2;3;3;3;1;3;2;2;2;2;2;3;3;3;2;3;3;3;3;3;3;3;3;3;2;2;2;2;2;2;2;8;3;3;2;1;0;0;0;0;0;0;0;0;0;0;0;8;4;4;8;8;1;7;3;3;3;3;3;2;3;6;3;2;2;2;1;2;0;1;2;1;2;3;3;3;3;4;3;3;1;1;2;2;2;2;2;2;2;2;1;2;2;2;1;3;2;1;2;7;7;4;6;5;7;9;1;1;1;1;2;2;1;1;1;1;1;4;3;3;2;3;3;3;3;4;4;4;2;3;4;3;3;2;3;3;3;2;3;4;3;2;5;1;5;1;3;1;2;1;2;2;2;2;2;2;3;3;2;2;3;3;2;2;410002;410002;410002;2;3;2;2;3;2;2;3;2;2;2;2;2;3;2;2;4;8;7;7;7;4;7;8;4;8;8;7;8;2;2;2;2;2;2;3;2;1991;26;2;1;1;1;1;410;410;410;1;2;1;2390;1;0;5;3;5;3;3;2;3;2;1;1;5;4;3;2;2;1;3;6;2;2;20000000;410004;2;2;0;0.415;0.11;0.4544907407407407;0.49314814814814817;0.0;0.33;0.33;0.22;0.0;0.0;0.0;0.0;1.0;1.0;1.0;1.0;0.66;0.33;0.33;0.44;1.0;0.0;1.0;0.6666666666666666;0.75;0.66;0.66;0.6900000000000001;0.2222222222222222;0.3333333333333333;0.3333333333333333;0.2962962962962963;0.33;0.0;0.165;0.165;1.0;1.0;1.0;1.0;1.0;1.0;1.0;1.0;1.0;1.0;1.0;1.0;0;0;1;0;1;7;7;7;8;7;6;6;6;3;7;5;7;6;6;5;7;1;2;3;320;8000;100;6;4;2;6;7;7;7;3;1;1;5;5;7;5;5;5;5;2;1;2;3;2;2;8;4;6;4
"1-5-0 (2020-11-16)";"doi.org/10.14281/18241.1";2018;410;"KOR";732;"ROK";410070346;20180106;201712;201801;12.33;12.53;20;1;410011;410001;8;5;1;1;346;2390;"ko";1;1;1.0;0.8032128514056225;41453.815261044176;1;1;3;2;1;2;1;2;2;1;2;1;2;1;1;2;2;1;2;1;2;2;2;1;2;2;1;3;2;3;2;3;3;3;2;1;3;3;3;2;2;1;2;3;3;1;2;2;2;2;8;7;6;4;4;4;4;4;1;1;1;2;1;3;3;2;1;3;2;3;3;4;3;2;3;2;3;2;2;2;3;2;3;2;2;2;3;4;3;4;2;2;3;7;3;1;2;2;1;1;0;0;0;0;0;0;2;0;0;7;8;4;5;4;1;5;3;2;2;3;3;2;3;4;2;2;2;2;1;1;0;1;2;2;2;4;3;4;4;4;3;4;2;2;2;2;2;2;2;2;3;3;2;2;1;2;3;3;1;1;4;7;8;6;5;3;7;8;1;1;1;1;3;3;2;3;1;1;1;5;7;4;3;4;4;5;2;3;5;2;2;3;2;1;3;1;1;4;5;3;4;4;1;1;3;1;2;1;3;1;3;1;2;2;2;3;1;2;3;1;1;2;3;3;3;2;410002;410002;410002;1;3;2;3;2;2;3;4;2;2;1;2;3;4;3;3;3;7;4;9;4;3;7;3;2;8;9;8;8;3;3;1;3;3;3;3;1;1971;46;4;2;1;1;1;410;410;410;1;5;1;2390;1;3;6;3;6;3;3;2;3;2;1;1;3;3;3;2;1;1;2;5;2;1;10100000;410004;1;1;0;0.581388888888889;0.27611111111111114;0.36259259259259263;0.4335185185185186;0.5;0.66;0.0;0.3866666666666667;0.33;0.0;0.16666666666666666;0.16555555555555557;1.0;1.0;1.0;1.0;0.66;1.0;0.66;0.7733333333333334;0.0;0.0;1.0;0.3333333333333333;0.5;0.33;0.66;0.49666666666666676;0.4444444444444444;0.2222222222222222;0.4444444444444444;0.3703703703703704;0.0;0.5;0.25;0.25;1.0;1.0;1.0;1.0;1.0;1.0;1.0;1.0;1.0;1.0;1.0;1.0;1;0;0;0;0;7;6;5;7;5;7;4;5;5;4;5;8;6;6;7;6;1;5;2;470;50000;5000;8;5;1;7;8;7;7;6;1;2;4;5;8;3;3;5;5;2;1;2;2;1;2;8;3;5;4
"1-5-0 (2020-11-16)";"doi.org/10.14281/18241.1";2018;410;"KOR";732;"ROK";410070347;20180106;201712;201801;12.38;13.28;50;1;410011;410001;8;5;1;1;347;2390;"ko";2;1;1.0;0.8032128514056225;41453.815261044176;1;1;1;3;4;1;1;1;2;1;1;2;2;1;2;2;2;1;2;1;2;1;2;1;2;2;2;3;2;4;3;2;2;1;1;1;2;1;3;2;1;3;2;2;2;3;1;2;2;2;8;7;7;4;4;4;4;4;3;2;1;1;1;4;2;3;2;2;3;2;3;2;3;2;3;3;2;2;1;2;2;2;2;2;1;1;2;1;2;1;2;2;2;8;3;2;2;0;0;0;0;0;0;0;0;0;0;0;0;9;3;2;5;6;2;9;3;4;4;3;4;3;2;8;3;2;1;2;2;1;2;1;2;3;3;4;3;4;4;4;4;4;1;1;2;1;2;2;2;1;1;1;1;2;2;1;3;3;2;1;2;9;8;9;6;3;9;6;2;2;2;2;4;3;7;8;3;1;2;8;1;1;2;2;1;5;4;4;8;6;5;6;4;3;2;4;6;4;8;4;4;4;4;3;5;1;5;2;5;3;5;3;2;2;2;3;3;3;3;3;2;2;3;3;2;1;-2;-2;-2;2;2;2;2;2;1;3;4;2;2;1;1;2;4;1;3;6;8;4;7;8;2;9;3;6;9;10;9;8;2;1;2;2;1;3;3;2;1970;47;4;2;1;1;1;410;410;410;1;4;1;2390;1;2;3;2;5;3;-2;-2;-2;-2;5;3;-3;4;3;-3;2;2;3;4;2;0;100000020;410004;3;2;2;0.42916666666666664;0.4716666666666667;0.6150462962962964;0.5225925925925926;0.5;0.0;0.33;0.27666666666666667;0.0;1.0;1.0;0.6666666666666666;0.0;1.0;0.0;0.3333333333333333;0.33;0.33;0.66;0.44;1.0;1.0;1.0;1.0;0.25;0.33;1.0;0.5266666666666667;0.4444444444444444;0.3333333333333333;0.7777777777777778;0.5185185185185185;0.33;0.5;0.41500000000000004;0.41500000000000004;1.0;1.0;1.0;1.0;1.0;1.0;1.0;1.0;1.0;1.0;1.0;1.0;1;0;1;0;1;9;3;4;4;2;3;2;1;2;2;2;8;4;4;7;6;-3;-3;3;390;36500;5500;-3;4;1;-3;-3;-3;9;5;1;1;5;5;5;4;5;5;5;2;1;2;3;1;2;6;4;5;4
"1-5-0 (2020-11-16)";"doi.org/10.14281/18241.1";2018;410;"KOR";732;"ROK";410070348;20180106;201712;201801;12.42;13.03;21;1;410041;410007;8;5;2;1;348;2390;"ko";3;1;1.0;0.8032128514056225;41453.815261044176;1;1;2;2;2;2;1;2;1;1;2;2;1;2;1;2;2;1;2;1;1;1;1;1;2;2;1;1;3;1;2;3;2;1;2;1;4;2;3;2;2;1;2;3;3;3;1;1;2;2;7;6;8;4;4;3;3;4;3;1;1;2;2;4;3;4;2;2;2;2;2;3;3;2;3;3;2;2;2;3;2;2;2;2;3;3;2;2;2;2;2;2;2;3;3;2;2;1;0;0;0;0;0;0;0;0;0;0;0;6;5;3;4;7;2;6;2;3;3;2;2;2;2;7;4;2;2;2;2;2;2;1;0;3;2;3;1;3;3;3;1;3;1;1;2;2;3;2;2;2;2;2;2;2;1;4;2;3;1;1;4;8;7;5;2;4;8;5;1;1;1;1;2;3;1;3;2;1;1;7;4;4;3;2;2;3;2;4;5;3;1;1;1;1;2;3;2;3;2;3;3;3;3;2;4;1;3;1;5;2;5;1;2;2;2;3;2;3;3;2;2;2;3;3;1;1;410002;410002;410002;2;1;1;2;2;3;2;2;2;1;1;2;2;3;2;2;5;5;5;6;6;4;8;5;5;7;8;8;6;2;2;2;1;1;3;4;2;1954;63;5;3;1;1;1;410;410;410;1;2;1;2390;1;0;3;2;3;2;2;1;3;2;5;1;-3;8;8;-3;2;1;3;3;1;1;10100000;410004;0;1;-1;0.5258333333333334;0.27666666666666667;0.2425;0.31833333333333336;0.0;0.33;0.0;0.11;0.33;1.0;0.0;0.44333333333333336;1.0;1.0;1.0;1.0;0.33;0.66;0.66;0.55;0.0;0.0;1.0;0.3333333333333333;0.25;0.66;0.0;0.30333333333333334;0.2222222222222222;0.3333333333333333;0.4444444444444444;0.3333333333333333;0.0;0.0;0.0;0.0;1.0;1.0;1.0;1.0;1.0;1.0;1.0;1.0;1.0;1.0;1.0;1.0;0;0;0;0;0;8;7;5;8;3;5;2;2;4;3;4;8;2;5;7;6;-3;-3;3;350;35000;0;-3;3;1;-3;-3;-3;8;5;2;1;5;3;7;4;6;5;3;3;1;3;3;2;4;6;3;5;4
"1-5-0 (2020-11-16)";"doi.org/10.14281/18241.1";2018;410;"KOR";732;"ROK";410070349;20180106;201712;201801;12.44;13.21;37;1;410041;410007;8;5;2;1;349;2390;"ko";1;1;1.0;0.8032128514056225;41453.815261044176;1;1;2;2;1;3;1;1;1;1;2;2;2;1;2;2;2;1;2;1;2;2;2;1;2;2;1;2;3;2;3;3;2;1;3;3;3;3;5;3;3;2;3;3;2;2;2;3;2;1;8;7;5;4;4;4;4;4;3;2;1;1;2;3;3;3;3;3;3;3;3;2;2;3;3;4;3;3;3;3;2;2;2;2;1;1;1;1;1;2;2;1;1;7;3;1;2;0;2;0;0;0;0;0;0;0;0;0;1;7;7;6;3;6;1;5;3;3;3;3;3;2;3;6;3;2;1;1;1;2;2;0;1;2;3;2;2;4;4;4;4;2;1;1;2;1;3;2;2;2;3;4;2;1;1;2;3;1;3;1;3;8;8;8;6;8;9;2;2;2;2;2;3;4;7;8;3;1;2;6;2;2;1;3;2;1;5;7;6;6;1;5;1;1;1;1;1;3;7;4;4;4;1;1;1;1;5;1;5;1;5;1;2;2;2;2;2;2;2;2;2;2;2;2;1;1;410002;410002;410002;1;4;4;3;2;2;4;4;1;1;1;1;3;3;2;4;4;7;3;7;8;3;8;7;7;7;9;7;7;3;2;1;1;1;2;2;1;1973;44;3;2;1;1;1;410;410;410;1;1;1;2390;6;0;5;3;-3;-3;2;1;2;1;1;-3;5;-3;9;2;1;3;3;4;2;0;100000020;410004;2;1;2;0.6925;0.665;0.4343518518518519;0.4103703703703704;1.0;0.33;0.0;0.44333333333333336;0.66;1.0;1.0;0.8866666666666667;1.0;1.0;1.0;1.0;0.66;0.33;0.33;0.44;1.0;0.0;1.0;0.6666666666666666;0.25;0.66;0.33;0.4133333333333334;0.0;0.6666666666666666;0.5555555555555556;0.40740740740740744;0.0;0.5;0.25;0.25;1.0;1.0;1.0;1.0;1.0;1.0;1.0;1.0;1.0;1.0;1.0;1.0;1;0;0;0;1;7;5;5;6;5;5;5;4;4;6;5;7;2;8;7;7;1;4;3;300;10000;2000;8;4;3;8;8;8;8;5;1;1;2;4;7;3;2;2;3;1;1;3;4;1;3;9;1;3;-3
"1-5-0 (2020-11-16)";"doi.org/10.14281/18241.1";2018;410;"KOR";732;"ROK";410070350;20180106;201712;201801;12.46;13.32;46;1;410041;410007;8;5;2;1;350;2390;"ko";3;1;1.0;0.8032128514056225;41453.815261044176;2;1;1;4;4;4;2;1;2;1;2;1;2;1;2;1;2;1;2;1;2;1;2;1;2;1;2;3;3;2;2;3;2;1;3;3;2;1;3;2;3;2;2;2;2;2;2;3;3;1;7;6;2;4;4;4;4;4;3;2;1;4;3;3;3;4;3;2;2;3;1;2;3;2;3;2;3;2;1;3;2;3;1;2;3;3;2;1;3;2;3;1;2;7;3;1;2;0;0;0;0;0;0;0;0;0;0;0;0;5;7;7;4;6;1;5;2;1;2;2;1;2;4;6;3;1;0;1;1;0;1;2;1;2;2;2;4;3;4;3;3;3;1;2;2;2;4;2;2;3;4;4;2;1;2;2;1;2;3;2;1;5;7;9;7;5;7;2;2;2;2;2;3;2;7;8;3;1;1;7;3;3;2;2;2;1;3;1;1;1;1;4;2;1;1;1;1;1;2;2;1;1;4;3;5;5;5;5;5;3;5;5;3;3;3;3;3;3;3;3;3;3;3;3;4;4;-2;-2;-2;2;3;2;3;3;2;3;2;2;2;3;3;3;3;2;2;5;7;6;5;7;5;7;5;4;8;3;7;7;3;2;1;1;1;2;3;1;1999;18;1;1;1;1;1;410;410;410;1;4;2;2390;6;0;2;1;-3;-3;5;3;5;3;6;-3;-3;-3;3;-3;2;2;3;5;2;0;100000020;410004;2;2;2;0.7483333333333333;0.7766666666666666;0.35250000000000004;0.2066666666666667;1.0;0.33;0.33;0.5533333333333333;1.0;1.0;1.0;1.0;1.0;1.0;1.0;1.0;0.33;0.33;0.66;0.44;1.0;0.0;1.0;0.6666666666666666;0.25;0.66;0.33;0.4133333333333334;0.0;0.0;0.0;0.0;0.66;0.0;0.33;0.33;1.0;1.0;1.0;1.0;1.0;1.0;1.0;1.0;1.0;1.0;1.0;1.0;0;1;0;1;0;5;5;7;6;4;6;8;4;7;4;7;5;6;6;5;5;-3;-3;2;500;30000;0;-3;5;1;-3;-3;-3;4;6;1;1;1;1;4;3;4;3;2;3;8;3;3;2;3;4;2;2;-3
"1-5-0 (2020-11-16)";"doi.org/10.14281/18241.1";2018;410;"KOR";732;"ROK";410070351;20180106;201712;201801;12.46;13.07;21;1;410026;410002;8;5;2;1;351;2390;"ko";2;1;1.0;0.8032128514056225;41453.815261044176;1;2;2;2;1;3;1;1;2;1;2;2;1;2;2;2;1;1;2;1;2;1;2;2;2;1;2;2;2;3;3;3;3;3;4;2;3;3;3;4;3;3;3;3;2;3;2;2;2;2;9;8;8;4;4;4;4;4;1;2;1;2;2;3;3;3;2;2;2;3;3;2;2;3;3;3;2;2;3;2;2;2;2;2;2;2;2;2;2;2;2;2;2;7;3;1;2;0;0;0;0;0;0;0;0;0;0;0;0;8;7;3;4;7;1;6;2;2;2;2;2;2;2;6;2;2;1;1;1;1;1;1;1;3;2;4;4;4;4;4;4;4;2;2;2;2;3;2;2;3;3;3;1;1;2;2;1;3;1;2;1;6;6;5;6;6;7;4;2;2;2;2;3;4;6;7;3;2;2;3;2;2;3;1;2;2;2;2;4;2;2;2;2;1;2;2;2;2;2;4;3;3;3;2;5;1;5;5;5;5;5;5;3;3;3;3;2;3;3;3;3;3;3;3;1;1;410001;410001;410001;2;3;2;2;2;2;2;3;2;2;2;2;1;2;1;2;8;7;3;7;2;7;6;7;6;7;7;7;7;2;2;2;2;2;2;3;2;1956;61;5;3;1;1;1;410;410;410;1;3;1;2390;1;1;3;2;3;2;1;1;2;1;5;3;-3;6;8;-3;2;1;2;6;2;0;100000020;410004;1;1;0;0.5536111111111112;0.608888888888889;0.2537962962962963;0.34092592592592597;0.5;0.33;0.33;0.3866666666666667;0.66;1.0;0.8333333333333334;0.8311111111111112;1.0;0.0;1.0;0.6666666666666666;0.33;0.33;0.33;0.33;1.0;0.0;0.0;0.3333333333333333;0.5;0.33;0.66;0.49666666666666676;0.1111111111111111;0.1111111111111111;0.3333333333333333;0.1851851851851852;0.0;0.0;0.0;0.0;1.0;1.0;1.0;1.0;1.0;1.0;1.0;1.0;1.0;1.0;1.0;1.0;0;0;0;1;0;8;7;6;7;6;6;5;6;7;7;6;9;4;7;7;6;-3;-3;2;750;87000;0;-3;5;1;-3;-3;-3;9;8;1;1;6;2;2;6;4;5;2;3;2;2;2;3;3;2;6;4;4
"1-5-0 (2020-11-16)";"doi.org/10.14281/18241.1";2018;410;"KOR";732;"ROK";410070352;20180106;201712;201801;12.47;13.07;20;1;410041;410007;8;5;2;1;352;2390;"ko";2;2;1.0;0.8032128514056225;41453.815261044176;2;1;2;3;3;3;2;2;2;1;1;1;1;1;2;2;2;1;1;2;1;1;2;2;2;2;2;1;3;2;2;2;2;1;2;1;3;3;3;2;2;3;3;3;2;1;2;1;1;1;7;8;7;4;4;4;4;4;3;1;1;1;2;2;2;2;3;3;4;4;3;3;4;4;3;3;2;2;2;3;3;4;4;3;2;2;2;2;3;3;3;3;3;7;1;1;2;2;2;2;2;2;2;2;2;2;2;2;2;7;5;4;8;7;1;5;2;2;3;2;3;2;2;5;2;1;2;2;1;0;0;1;2;2;2;2;3;3;2;2;1;3;1;2;2;2;2;2;2;1;1;2;2;1;2;1;3;1;2;1;3;7;8;6;5;7;8;6;1;2;2;2;3;2;2;4;2;2;2;6;5;5;2;2;3;2;2;2;5;5;2;6;3;2;3;4;3;4;6;2;3;2;2;2;3;1;2;1;4;4;4;2;2;1;2;2;2;1;2;1;2;2;3;3;2;2;410008;410008;410008;2;3;4;3;2;1;3;3;2;2;2;2;3;2;2;1;6;8;7;9;8;8;7;8;7;9;8;7;6;2;2;2;1;3;3;2;1;1985;32;2;2;1;1;1;410;410;410;1;3;2;2390;6;0;5;3;-3;-3;2;1;2;1;1;-3;3;-3;9;1;2;1;3;6;2;1;10100000;410004;3;2;1;0.6505555555555556;0.41444444444444445;0.4293055555555556;0.3177777777777778;0.0;0.33;0.33;0.22;0.66;1.0;0.16666666666666666;0.6088888888888889;1.0;1.0;1.0;1.0;0.66;0.66;1.0;0.7733333333333334;0.0;1.0;1.0;0.6666666666666666;0.25;0.66;0.33;0.4133333333333334;0.1111111111111111;0.1111111111111111;0.4444444444444444;0.22222222222222224;0.33;0.5;0.41500000000000004;0.41500000000000004;1.0;1.0;1.0;1.0;1.0;1.0;1.0;1.0;1.0;1.0;1.0;1.0;1;0;1;0;1;9;4;6;5;6;5;6;7;5;4;7;8;6;7;8;7;1;4;2;700;50000;10000;8;6;1;9;8;7;9;7;1;2;7;2;6;3;6;5;2;2;3;2;2;3;3;8;4;6;-3
"1-5-0 (2020-11-16)";"doi.org/10.14281/18241.1";2018;410;"KOR";732;"ROK";410070353;20180106;201712;201801;12.49;14.26;97;1;410048;410014;7;4;3;1;353;2390;"ko";3;1;1.0;0.8032128514056225;41453.815261044176;1;2;2;2;2;3;1;2;1;1;2;2;1;1;2;2;2;1;2;1;2;1;2;1;2;2;1;2;3;3;3;3;3;3;2;1;4;2;3;3;4;2;3;4;2;2;1;3;2;2;7;7;7;4;4;4;3;4;3;2;1;3;2;3;2;3;3;3;3;3;3;3;2;2;3;3;2;2;2;2;2;3;3;3;2;2;2;2;2;2;2;2;2;5;3;1;2;1;0;1;0;0;0;0;0;0;1;0;0;7;4;4;5;6;2;7;2;2;2;2;2;2;2;6;2;2;0;1;0;0;0;1;0;3;3;3;2;3;3;3;3;3;1;2;2;2;2;2;2;2;2;3;1;1;1;2;1;3;1;1;3;6;7;4;6;4;8;6;1;2;2;2;3;3;6;7;2;2;2;6;5;5;1;1;1;5;1;4;5;5;1;4;1;1;1;1;1;1;4;3;4;4;3;2;2;1;4;1;4;1;3;2;2;2;2;3;2;3;3;3;2;2;3;3;2;2;-2;-2;-2;2;3;3;3;2;2;4;4;2;2;2;3;3;3;2;3;6;6;2;9;7;1;7;5;1;8;8;7;7;2;2;2;2;2;2;2;2;1992;25;2;1;1;1;1;410;410;410;1;3;2;2390;6;0;6;3;-3;-3;3;2;3;2;1;-3;3;-3;6;2;2;1;3;6;2;7;70000000;410004;1;1;1;0.5394444444444445;0.6372222222222224;0.33685185185185185;0.5070370370370371;1.0;0.33;0.0;0.44333333333333336;0.66;1.0;0.8333333333333334;0.8311111111111112;1.0;0.0;0.0;0.3333333333333333;0.66;0.66;0.33;0.5499999999999999;0.0;0.0;1.0;0.3333333333333333;0.5;0.66;0.66;0.6066666666666668;0.4444444444444444;0.3333333333333333;0.4444444444444444;0.4074074074074074;0.0;0.0;0.0;0.0;1.0;1.0;1.0;1.0;1.0;1.0;1.0;1.0;1.0;1.0;1.0;1.0;0;0;0;0;1;7;6;6;6;5;5;5;5;6;6;6;7;6;5;8;6;1;6;3;600;35000;5000;7;6;1;6;6;6;7;5;1;1;6;7;7;5;6;6;5;2;1;3;2;2;3;8;5;6;-3
"1-5-0 (2020-11-16)";"doi.org/10.14281/18241.1";2018;410;"KOR";732;"ROK";410070354;20180106;201712;201801;12.56;13.36;40;1;410048;410014;7;4;3;1;354;2390;"ko";2;1;1.0;0.8032128514056225;41453.815261044176;1;1;2;2;1;2;1;2;1;1;2;1;2;1;2;2;2;1;2;1;2;2;2;1;2;2;2;2;1;1;1;2;1;1;1;1;3;3;4;2;2;1;1;2;2;3;1;3;3;2;7;6;7;4;4;4;4;4;1;2;1;2;3;3;3;3;2;3;2;3;3;3;2;2;3;3;2;2;2;3;2;2;3;3;2;2;2;2;2;2;2;2;2;5;3;1;2;1;0;0;0;0;0;0;0;0;2;0;0;7;5;3;6;8;1;5;2;2;2;2;2;2;3;7;3;2;1;2;2;2;2;1;1;2;2;4;3;4;4;4;4;4;1;2;2;1;2;2;2;3;3;3;1;2;1;1;2;3;1;1;4;8;8;6;6;6;6;7;1;1;1;1;2;3;4;5;2;1;1;7;1;1;1;3;1;3;3;7;8;6;1;8;1;1;1;3;3;1;5;2;4;4;2;1;2;1;1;2;5;2;5;1;2;2;2;2;2;2;2;2;2;2;2;2;1;1;410001;410001;410001;1;3;2;3;2;1;3;4;1;2;1;2;2;2;2;2;8;8;1;10;7;2;10;5;6;9;6;7;7;2;2;1;1;2;3;3;1;1961;56;5;3;1;1;1;410;410;410;1;4;1;2390;1;2;6;3;3;2;1;1;1;1;1;5;3;-5;9;2;1;2;2;5;2;7;70000000;410004;0;1;1;0.5116666666666666;0.5816666666666667;0.2222222222222222;0.27777777777777773;1.0;0.33;0.33;0.5533333333333333;0.33;1.0;0.5;0.61;0.0;1.0;0.0;0.3333333333333333;0.66;0.66;0.33;0.5499999999999999;0.0;0.0;1.0;0.3333333333333333;0.0;0.0;0.0;0.0;0.2222222222222222;0.6666666666666666;0.7777777777777778;0.5555555555555555;0.0;0.0;0.0;0.0;1.0;1.0;1.0;1.0;1.0;1.0;1.0;1.0;1.0;1.0;1.0;1.0;0;0;0;0;0;4;7;7;7;3;6;3;3;4;4;4;6;4;8;5;7;1;3;2;500;50000;10000;8;6;1;8;8;9;7;5;1;1;5;5;5;6;5;5;5;2;3;1;2;1;3;6;5;6;4
"1-5-0 (2020-11-16)";"doi.org/10.14281/18241.1";2018;410;"KOR";732;"ROK";410070355;20180106;201712;201801;12.57;13.23;26;1;410041;410007;8;5;2;1;355;2390;"ko";3;1;1.0;0.8032128514056225;41453.815261044176;1;1;1;2;1;1;1;2;1;1;1;2;1;2;2;2;2;1;2;1;2;2;2;1;2;1;2;3;2;3;2;3;2;1;2;1;2;1;3;2;2;2;3;3;2;3;1;2;2;2;5;7;5;4;4;4;4;4;1;2;1;2;3;3;4;3;3;3;2;2;3;3;3;2;3;3;2;2;2;3;2;2;2;3;2;2;2;3;2;3;2;3;2;6;1;2;1;0;0;0;0;0;0;0;0;0;0;0;0;7;5;6;6;6;1;7;3;2;3;3;3;2;2;7;3;1;0;1;1;0;0;0;1;1;2;4;4;4;4;4;4;4;1;1;2;2;2;1;2;4;4;4;1;1;2;1;3;1;2;2;3;7;7;7;7;6;7;4;2;2;2;2;2;2;7;8;3;2;2;6;7;6;6;7;6;7;6;7;7;5;6;7;7;3;4;3;3;3;4;2;2;2;2;1;5;2;4;4;3;4;3;2;3;3;3;3;3;3;3;3;3;3;3;3;2;2;410009;410009;410009;2;3;2;2;3;3;2;3;3;3;2;2;3;4;2;3;7;7;4;7;6;7;5;7;6;7;6;7;6;2;2;1;1;1;2;3;1;1963;54;4;3;1;1;1;410;410;410;1;4;1;2390;1;2;3;2;3;2;3;2;3;2;1;1;3;3;6;2;2;1;3;6;2;0;100000020;410004;4;2;0;0.6783333333333333;0.5266666666666666;0.5404166666666667;0.54;0.5;0.33;0.33;0.3866666666666667;0.0;1.0;1.0;0.6666666666666666;1.0;1.0;1.0;1.0;0.66;0.66;0.66;0.66;0.0;1.0;1.0;0.6666666666666666;0.25;0.33;0.66;0.41333333333333333;0.6666666666666666;0.6666666666666666;0.6666666666666666;0.6666666666666666;0.33;0.5;0.41500000000000004;0.41500000000000004;1.0;1.0;1.0;1.0;1.0;1.0;1.0;1.0;1.0;1.0;1.0;1.0;1;0;1;1;1;7;7;6;7;6;7;5;6;7;7;5;5;6;7;6;6;1;3;3;400;32000;8500;5;5;1;8;6;6;5;7;1;1;6;3;5;3;4;6;4;2;4;2;3;3;2;5;3;4;4
"1-5-0 (2020-11-16)";"doi.org/10.14281/18241.1";2018;410;"KOR";732;"ROK";410070356;20180106;201712;201801;13.0;13.34;34;1;410026;410002;8;5;2;1;356;2390;"ko";2;1;1.0;0.8032128514056225;41453.815261044176;1;2;2;2;2;1;1;1;2;1;1;2;2;2;1;2;2;1;2;2;2;1;2;1;2;2;2;3;3;3;3;3;3;3;1;1;4;2;3;1;4;1;2;2;2;2;3;3;2;2;7;8;8;4;4;4;4;4;1;1;2;1;2;2;2;2;1;2;3;3;3;3;3;2;3;3;3;3;3;3;2;2;2;2;2;2;2;2;3;3;3;3;2;8;2;3;2;2;0;0;0;0;0;0;0;0;1;0;0;8;5;4;4;7;2;8;3;3;3;3;4;2;2;8;4;2;2;2;1;2;2;0;2;3;3;2;1;2;3;2;2;3;1;1;2;1;2;1;1;2;1;2;1;2;1;2;1;3;1;1;2;8;9;8;8;8;8;9;1;1;1;1;2;2;1;1;1;1;2;3;6;3;1;2;2;3;5;6;6;7;1;7;4;1;4;1;4;3;4;2;3;3;3;2;3;2;4;2;5;2;5;3;2;3;1;2;1;1;1;1;1;2;2;1;1;1;-2;-2;-2;2;3;2;2;3;2;2;3;3;3;2;2;2;2;2;2;7;8;4;9;5;8;8;5;4;9;8;8;8;3;3;1;1;2;2;3;2;1961;56;5;3;1;1;1;410;410;410;1;4;1;2390;1;2;3;2;3;2;2;1;3;2;2;1;5;3;9;2;2;1;2;5;2;2;20000000;410004;1;1;0;0.5533333333333335;0.3316666666666667;0.5127777777777778;0.5255555555555557;1.0;0.66;0.33;0.6633333333333334;0.0;0.0;0.0;0.0;1.0;1.0;1.0;1.0;0.33;0.66;0.66;0.55;1.0;1.0;1.0;1.0;0.5;0.66;0.66;0.6066666666666668;0.2222222222222222;0.5555555555555556;0.5555555555555556;0.4444444444444445;0.0;0.0;0.0;0.0;1.0;1.0;1.0;1.0;1.0;1.0;1.0;1.0;1.0;1.0;1.0;1.0;0;0;0;0;1;8;8;9;8;8;8;9;8;9;8;9;8;8;8;9;6;2;3;3;400;75000;0;10;6;1;9;9;5;8;8;2;2;5;6;6;4;3;5;4;3;1;2;3;1;3;8;5;5;4
"1-5-0 (2020-11-16)";"doi.org/10.14281/18241.1";2018;410;"KOR";732;"ROK";410070357;20180106;201712;201801;13.07;13.32;25;1;410011;410001;8;5;1;1;357;2390;"ko";2;1;1.0;0.8032128514056225;41453.815261044176;1;1;2;2;1;2;2;1;1;1;1;1;2;2;2;2;2;1;1;1;1;1;2;1;2;2;2;2;3;3;2;2;3;3;3;3;3;3;3;3;3;2;3;3;2;2;1;1;2;1;7;8;8;4;4;4;4;4;1;1;1;2;2;2;2;2;3;2;3;3;3;2;3;3;4;4;3;3;2;2;2;2;3;3;2;2;2;2;2;2;2;2;2;2;3;1;2;1;0;0;0;0;0;0;0;0;0;0;0;4;5;4;4;4;2;5;2;2;2;2;2;2;3;5;3;1;1;2;1;1;1;1;1;2;2;4;4;4;4;4;4;4;2;2;2;3;3;2;2;2;3;2;1;1;2;1;3;3;1;1;2;8;8;8;3;4;7;5;1;1;1;1;3;3;4;5;2;1;2;5;3;3;2;1;1;3;3;3;7;5;3;6;1;2;2;2;2;1;8;1;4;4;2;2;1;1;4;2;4;1;1;2;2;2;2;2;2;3;1;2;2;1;2;2;1;1;410002;410002;410002;2;3;2;3;2;2;2;4;2;2;1;2;3;4;2;4;2;7;1;10;9;1;10;6;2;8;9;7;7;2;2;2;2;2;2;3;1;1970;47;4;2;1;1;1;410;410;410;1;4;1;2390;1;3;6;3;6;3;3;2;3;2;1;1;3;3;1;2;2;1;3;6;2;7;70000000;410004;2;1;1;0.4008333333333333;0.415;0.5567592592592593;0.4885185185185186;0.0;0.33;0.33;0.22;0.33;1.0;0.5;0.61;1.0;0.0;0.0;0.3333333333333333;0.33;0.33;0.66;0.44;1.0;1.0;1.0;1.0;0.5;0.66;0.66;0.6066666666666668;0.2222222222222222;0.2222222222222222;0.6666666666666666;0.3703703703703704;0.0;0.5;0.25;0.25;1.0;1.0;1.0;1.0;1.0;1.0;1.0;1.0;1.0;1.0;1.0;1.0;1;0;0;0;1;8;7;6;7;7;6;7;6;6;7;6;8;6;8;7;7;1;6;2;700;76000;5000;8;6;1;8;7;8;8;6;1;5;4;2;5;1;1;1;1;2;1;2;2;2;3;7;1;2;4
"1-5-0 (2020-11-16)";"doi.org/10.14281/18241.1";2018;410;"KOR";732;"ROK";410070358;20180106;201712;201801;13.11;13.45;34;1;410011;410001;8;5;1;1;358;2390;"ko";2;1;1.0;0.8032128514056225;41453.815261044176;1;2;3;2;2;3;1;2;1;1;1;2;2;1;2;2;2;1;1;1;2;2;2;1;2;2;1;1;4;2;3;2;4;2;1;1;4;2;2;3;4;2;3;2;1;2;3;3;2;2;8;5;7;4;4;4;4;4;1;1;1;1;2;3;3;2;2;2;4;4;3;2;2;2;3;3;2;3;2;2;4;3;2;2;2;2;2;2;2;2;3;2;2;10;3;1;2;0;1;0;0;1;0;0;0;0;0;0;0;9;10;9;2;8;2;10;3;2;3;2;4;2;3;8;3;0;1;2;0;0;2;1;2;3;3;4;4;4;4;4;3;4;1;2;2;3;4;2;2;2;2;4;1;2;1;1;2;1;3;4;1;9;7;2;3;7;9;2;2;2;2;2;4;4;7;8;3;1;1;3;2;1;1;1;1;5;2;7;3;8;2;2;1;1;1;2;1;1;3;4;3;4;2;1;1;1;2;1;5;1;5;1;2;2;2;3;2;1;2;2;2;2;2;2;1;1;410002;410002;410002;1;2;3;3;2;3;3;2;1;2;1;2;1;4;3;4;6;7;4;8;9;8;8;8;9;7;6;7;7;2;1;2;2;2;3;3;1;1960;57;5;3;1;1;1;410;410;410;1;3;1;2390;1;3;5;3;3;2;1;1;1;1;1;5;3;-5;9;1;1;1;2;7;2;0;100000020;410004;0;1;1;0.3875;0.61;0.45111111111111113;0.5688888888888889;1.0;0.0;0.0;0.3333333333333333;0.66;1.0;1.0;0.8866666666666667;0.0;0.0;0.0;0.0;0.33;0.33;0.33;0.33;0.0;1.0;1.0;0.6666666666666666;0.75;1.0;0.33;0.6933333333333334;0.4444444444444444;0.6666666666666666;0.2222222222222222;0.4444444444444444;0.0;0.0;0.0;0.0;1.0;1.0;1.0;1.0;1.0;1.0;1.0;1.0;1.0;1.0;1.0;1.0;0;0;0;0;0;6;5;5;8;3;3;2;3;2;2;2;8;3;4;6;5;1;6;2;500;90000;0;5;7;1;7;3;4;5;5;1;1;3;5;9;1;2;3;5;3;1;3;4;3;2;9;3;3;4
"1-5-0 (2020-11-16)";"doi.org/10.14281/18241.1";2018;410;"KOR";732;"ROK";410070359;20180106;201712;201801;13.15;13.49;34;1;410011;410001;8;5;1;1;359;2390;"ko";2;1;1.0;0.8032128514056225;41453.815261044176;1;2;2;3;1;2;2;1;2;1;1;2;1;2;1;2;2;1;2;1;2;1;2;1;2;2;2;3;3;3;3;2;3;3;1;1;3;3;5;2;2;2;2;2;2;3;1;1;2;2;8;6;5;4;4;4;4;4;3;2;1;3;2;3;3;3;2;2;2;2;2;2;2;3;4;3;3;2;2;3;2;2;2;2;2;2;2;2;2;2;2;2;2;8;3;1;2;2;0;0;0;0;0;0;0;0;0;0;0;7;7;4;4;7;2;8;3;3;3;2;2;3;4;4;2;2;1;2;1;2;2;2;2;3;2;3;3;3;3;3;3;3;1;2;2;2;2;2;2;2;2;2;2;2;1;2;3;3;4;3;2;8;7;6;6;4;7;8;1;1;1;1;3;2;1;1;1;1;1;7;1;2;1;1;2;5;5;6;6;5;4;7;3;1;1;2;3;2;3;2;4;4;3;2;4;2;3;1;2;1;2;1;1;1;1;2;1;2;2;2;2;2;2;2;2;2;-2;-2;-2;2;3;3;3;3;3;3;4;2;2;1;2;2;4;2;4;3;8;3;9;7;2;9;7;2;8;9;6;7;2;3;2;2;2;2;2;1;1991;26;2;1;1;1;1;410;410;410;1;2;2;2390;6;0;6;3;-3;-3;6;3;6;3;1;-3;3;-3;6;2;2;2;5;4;2;2;20000000;410004;4;2;0;0.3591666666666667;0.22;0.6350462962962964;0.5625925925925926;0.0;0.66;0.33;0.33;0.33;0.0;0.0;0.11;1.0;0.0;1.0;0.6666666666666666;0.33;0.33;0.33;0.33;1.0;1.0;1.0;1.0;0.5;0.66;0.66;0.6066666666666668;0.4444444444444444;0.5555555555555556;0.5555555555555556;0.5185185185185185;0.33;0.5;0.41500000000000004;0.41500000000000004;1.0;1.0;1.0;1.0;1.0;1.0;1.0;1.0;1.0;1.0;1.0;1.0;1;0;1;1;1;7;5;5;6;6;6;6;5;7;4;4;7;3;7;7;5;2;4;3;350;7500;550;6;3;3;6;6;6;6;3;1;1;5;3;6;2;2;3;2;2;1;2;2;1;2;7;2;2;-3
"1-5-0 (2020-11-16)";"doi.org/10.14281/18241.1";2018;410;"KOR";732;"ROK";410070360;20180106;201712;201801;13.3;14.02;32;1;410041;410007;8;5;2;1;360;2390;"ko";2;1;1.0;0.8032128514056225;41453.815261044176;1;2;2;3;1;1;1;1;1;1;2;2;1;2;2;2;2;1;1;1;1;1;2;1;2;1;2;3;2;2;2;3;2;1;2;1;2;1;3;4;2;3;2;2;2;1;1;3;3;3;5;4;5;4;4;4;4;4;2;2;1;2;2;3;3;3;2;2;3;2;2;3;3;2;3;3;3;3;2;3;2;2;2;3;2;2;2;3;2;2;3;2;3;7;1;1;3;0;0;0;0;0;0;0;0;0;0;0;0;3;8;8;5;6;2;7;1;1;1;1;1;2;2;6;2;2;1;1;1;2;1;0;1;1;2;2;1;2;4;4;2;2;2;2;2;2;1;1;1;2;3;3;1;1;1;1;4;3;2;1;3;5;4;6;6;5;6;6;2;2;2;2;2;2;5;6;2;1;1;3;2;2;2;2;2;3;2;4;5;4;1;1;1;3;1;1;3;2;1;4;4;4;2;2;4;1;5;2;5;2;5;2;3;3;3;3;3;3;3;3;3;3;3;3;2;2;410002;410002;410002;2;3;2;1;2;2;3;2;2;2;2;2;2;3;2;2;4;7;6;7;6;7;6;5;7;7;5;8;7;2;2;1;1;1;2;3;2;1968;49;4;2;1;1;1;410;410;410;1;4;1;2390;1;2;3;2;5;3;3;2;3;2;1;1;3;3;4;2;2;2;5;3;1;7;70000000;410004;2;2;1;0.6647222222222222;0.5544444444444444;0.3670833333333333;0.31833333333333336;1.0;0.33;0.33;0.5533333333333333;0.0;1.0;0.6666666666666666;0.5555555555555555;1.0;1.0;1.0;1.0;0.33;0.66;0.66;0.55;1.0;0.0;1.0;0.6666666666666666;0.25;0.33;0.33;0.3033333333333334;0.2222222222222222;0.3333333333333333;0.4444444444444444;0.3333333333333333;0.33;0.0;0.165;0.165;1.0;1.0;1.0;1.0;1.0;1.0;1.0;1.0;1.0;1.0;1.0;1.0;0;0;1;0;1;5;5;5;7;6;6;6;7;5;6;5;5;6;5;5;5;1;5;5;350;18000;7000;5;3;2;6;5;5;5;4;2;2;5;5;8;1;5;3;5;2;1;3;3;3;3;8;1;2;4
"1-5-0 (2020-11-16)";"doi.org/10.14281/18241.1";2018;410;"KOR";732;"ROK";410070361;20180106;201712;201801;13.33;14.07;34;1;410048;410014;7;4;3;1;361;2390;"ko";2;1;1.0;0.8032128514056225;41453.815261044176;1;1;2;2;2;2;1;1;1;1;1;2;2;2;2;2;2;1;2;1;2;1;2;2;2;2;3;2;2;3;2;2;2;1;2;1;2;1;4;2;2;2;2;2;2;3;1;3;2;2;8;8;5;4;4;4;4;4;1;1;1;2;2;2;2;2;3;3;3;3;3;3;3;3;3;4;3;3;3;4;3;3;3;3;3;3;3;3;3;3;3;3;3;8;3;1;2;0;0;0;0;0;0;0;0;0;0;0;0;8;3;5;3;3;2;7;2;2;2;2;2;2;4;8;2;2;2;2;1;2;2;2;1;2;2;4;4;4;4;4;4;4;1;2;2;3;3;2;2;2;2;2;1;2;1;2;1;1;3;1;2;8;8;3;8;7;8;3;2;2;2;2;3;3;4;5;2;1;2;3;3;5;1;2;2;2;5;5;7;5;2;8;2;2;2;2;2;2;8;3;3;4;2;2;5;1;2;2;5;1;5;1;2;3;3;3;2;1;2;2;1;2;2;3;1;1;410001;410001;410001;2;4;2;2;2;2;2;4;1;2;1;1;4;4;4;4;8;8;7;8;3;3;8;3;3;8;10;5;5;2;2;2;2;2;3;4;1;1955;62;5;3;1;1;1;410;410;410;1;2;1;2390;1;3;3;2;3;2;0;1;0;1;7;5;-3;-5;0;-3;2;3;3;3;1;7;70000000;410004;1;1;1;0.7333333333333334;0.6366666666666667;0.4551851851851852;0.4103703703703704;1.0;0.33;0.66;0.6633333333333334;0.33;1.0;0.5;0.61;1.0;1.0;1.0;1.0;0.66;0.66;0.66;0.66;1.0;1.0;1.0;1.0;0.25;0.33;0.66;0.41333333333333333;0.1111111111111111;0.4444444444444444;0.6666666666666666;0.40740740740740744;0.0;0.0;0.0;0.0;1.0;1.0;1.0;1.0;1.0;1.0;1.0;1.0;1.0;1.0;1.0;1.0;0;0;0;0;1;6;5;5;6;3;3;3;3;7;7;7;5;3;5;7;5;-3;-3;3;150;30000;0;8;5;1;8;8;8;8;5;1;1;3;5;3;7;5;3;5;2;2;2;4;2;4;3;8;5;4
"1-5-0 (2020-11-16)";"doi.org/10.14281/18241.1";2018;410;"KOR";732;"ROK";410070362;20180106;201712;201801;13.46;14.07;21;1;410011;410001;8;5;1;1;362;2390;"ko";2;1;1.0;0.8032128514056225;41453.815261044176;1;1;2;2;2;3;1;1;1;1;1;2;2;2;2;2;2;1;2;1;2;1;2;2;2;2;3;2;2;3;3;3;4;2;2;1;3;3;4;3;3;3;3;3;2;2;1;1;2;2;6;7;7;4;4;4;4;4;1;2;1;2;2;3;3;3;3;2;3;3;3;3;3;3;3;4;2;2;3;2;2;2;3;3;3;3;3;2;3;3;2;2;2;8;3;1;2;0;2;0;0;0;0;0;0;0;0;0;0;6;6;7;5;5;1;8;3;3;3;3;4;2;3;5;3;1;0;2;0;2;1;1;1;2;2;4;4;4;4;4;4;4;2;2;2;2;2;2;2;3;3;3;2;1;2;1;4;3;1;1;4;7;6;3;3;3;7;3;1;2;2;2;4;4;6;7;2;2;2;6;5;3;2;2;2;5;4;3;7;5;4;5;1;2;1;1;1;1;8;1;4;4;2;2;4;1;2;1;2;1;2;2;1;2;1;2;1;2;2;2;2;1;1;2;1;1;410002;410002;410002;2;4;4;2;2;3;2;4;2;1;1;2;3;4;3;4;4;6;2;9;8;1;7;5;4;7;8;7;6;2;2;2;2;2;2;3;1;1964;53;4;3;1;1;1;410;410;410;1;4;1;2390;1;2;6;3;3;2;3;2;3;2;1;1;3;3;3;2;2;2;3;6;2;0;100000020;410004;0;1;1;0.6777777777777778;0.5805555555555556;0.5061111111111112;0.5122222222222222;0.0;0.33;0.66;0.33;0.66;1.0;0.8333333333333334;0.8311111111111112;1.0;1.0;1.0;1.0;0.33;0.66;0.66;0.55;1.0;1.0;1.0;1.0;0.75;0.33;0.66;0.5800000000000001;0.4444444444444444;0.2222222222222222;0.6666666666666666;0.4444444444444444;0.0;0.0;0.0;0.0;1.0;1.0;1.0;1.0;1.0;1.0;1.0;1.0;1.0;1.0;1.0;1.0;0;0;0;0;0;7;7;7;7;7;7;6;7;7;7;6;7;6;7;6;6;1;5;2;600;65000;20000;8;5;1;8;8;8;7;6;1;5;4;4;5;1;1;1;1;2;1;2;1;1;2;8;1;1;4
"1-5-0 (2020-11-16)";"doi.org/10.14281/18241.1";2018;410;"KOR";732;"ROK";410070363;20180106;201712;201801;13.46;14.16;30;1;410041;410007;8;5;2;1;363;2390;"ko";1;1;1.0;0.8032128514056225;41453.815261044176;1;1;1;2;1;3;1;2;1;1;2;1;2;1;2;2;2;1;2;1;2;1;2;1;2;2;2;3;3;3;3;2;2;1;4;2;4;2;2;3;2;2;2;3;3;3;2;3;2;2;8;7;5;4;4;4;4;4;1;2;1;1;1;2;2;2;3;3;3;2;3;2;2;2;4;4;3;3;2;2;2;2;2;2;2;2;2;1;1;2;2;1;1;7;3;3;2;0;0;0;0;0;0;0;0;0;0;0;0;5;6;6;3;5;1;3;2;2;2;2;2;2;3;4;3;2;2;1;0;1;1;1;0;1;3;2;3;4;3;4;3;2;1;1;2;2;2;2;2;2;2;3;1;2;1;2;1;1;3;2;3;8;8;8;6;7;9;2;2;2;2;2;3;3;7;8;3;1;2;1;1;2;2;1;1;2;1;5;5;4;1;6;1;1;1;1;1;1;7;4;4;4;2;2;5;1;5;1;5;1;5;1;2;2;1;2;2;2;2;2;1;2;2;2;1;1;410002;410002;410002;2;4;2;4;2;2;4;4;1;1;1;2;2;3;1;4;4;7;2;9;9;3;8;7;6;8;9;9;8;3;2;1;1;1;3;3;2;1983;34;2;2;1;1;1;410;410;410;1;3;1;2390;1;1;6;3;6;3;3;2;3;2;5;1;-3;4;6;-3;2;3;3;3;1;0;100000020;410004;2;1;1;0.5533333333333333;0.72;0.2975;0.42833333333333334;1.0;0.33;0.33;0.5533333333333333;0.66;1.0;1.0;0.8866666666666667;1.0;0.0;0.0;0.3333333333333333;0.66;0.33;0.33;0.44;0.0;0.0;1.0;0.3333333333333333;0.25;0.66;0.66;0.5233333333333333;0.1111111111111111;0.4444444444444444;0.4444444444444444;0.3333333333333333;0.0;0.0;0.0;0.0;1.0;1.0;1.0;1.0;1.0;1.0;1.0;1.0;1.0;1.0;1.0;1.0;0;0;0;1;1;6;5;6;6;6;5;6;4;3;5;5;7;3;6;6;4;-3;-3;3;300;10000;0;-3;4;3;-3;-3;-3;8;3;1;3;2;4;6;1;2;2;4;2;1;2;4;1;1;7;1;4;4
"1-5-0 (2020-11-16)";"doi.org/10.14281/18241.1";2018;410;"KOR";732;"ROK";410070364;20180106;201712;201801;13.5;14.32;42;1;410041;410007;8;5;2;1;364;2390;"ko";2;1;1.0;0.8032128514056225;41453.815261044176;1;2;2;2;2;3;1;1;1;1;2;1;2;2;2;2;2;1;2;1;2;1;2;1;2;2;2;2;2;3;3;2;4;2;2;1;4;2;3;2;4;2;3;3;2;1;2;2;3;2;7;5;5;4;4;4;4;4;1;2;1;3;2;3;3;3;3;3;3;3;3;3;3;3;3;4;3;3;3;3;2;2;3;3;3;3;2;2;2;2;2;2;3;4;2;3;1;0;0;0;0;0;0;0;0;0;0;0;0;7;8;5;5;9;2;7;2;2;2;3;2;2;2;8;4;2;2;2;1;2;2;0;0;2;3;3;2;3;3;3;3;3;2;2;2;1;2;2;2;3;3;3;1;1;1;2;3;1;3;3;1;7;4;2;4;4;7;1;2;2;2;2;4;4;7;8;3;2;2;6;3;4;2;3;2;4;4;5;6;6;3;5;2;4;3;2;3;4;7;2;3;3;3;2;5;2;2;1;2;1;1;1;1;2;2;2;2;1;2;2;1;1;2;2;4;4;410002;410002;410002;2;2;3;2;3;2;2;2;2;2;2;2;2;3;2;3;3;8;3;10;8;3;10;8;3;9;8;9;7;2;3;2;3;3;3;3;2;1999;18;1;1;1;1;1;410;410;410;1;4;2;2390;6;0;3;2;-3;-3;5;3;6;3;6;-3;-3;-3;1;-3;2;2;2;7;2;0;100000020;410004;2;1;1;0.7608333333333335;0.6916666666666668;0.4852777777777778;0.5122222222222222;0.5;0.66;0.33;0.49666666666666676;0.66;1.0;1.0;0.8866666666666667;1.0;1.0;1.0;1.0;0.66;0.66;0.66;0.66;1.0;0.0;1.0;0.6666666666666666;0.75;0.33;0.66;0.5800000000000001;0.3333333333333333;0.4444444444444444;0.5555555555555556;0.4444444444444444;0.0;0.5;0.25;0.25;1.0;1.0;1.0;1.0;1.0;1.0;1.0;1.0;1.0;1.0;1.0;1.0;1;0;0;1;0;4;4;3;5;3;3;3;4;5;3;2;3;4;5;7;4;-3;-3;2;1000;100000;15000;-3;7;1;-3;-3;-3;7;3;1;4;2;3;5;1;2;2;3;3;8;2;2;2;3;6;1;1;-3
"1-5-0 (2020-11-16)";"doi.org/10.14281/18241.1";2018;410;"KOR";732;"ROK";410070365;20180106;201712;201801;13.5;14.46;56;1;410047;410013;6;3;4;1;365;2390;"ko";3;1;1.0;0.8032128514056225;41453.815261044176;1;2;2;3;2;3;1;1;1;1;2;2;2;1;2;2;2;1;2;1;2;1;2;1;2;2;2;3;3;2;1;3;2;1;1;1;3;3;5;2;2;1;1;2;1;1;1;1;2;3;8;8;9;3;4;4;3;4;1;2;1;2;3;4;3;3;3;3;3;2;2;4;4;4;3;3;3;3;2;2;2;2;2;2;2;2;2;2;2;2;2;2;2;8;3;3;2;0;0;0;0;0;0;0;0;0;0;0;0;9;4;2;3;1;2;8;4;4;3;3;2;3;4;4;2;0;0;0;0;0;1;2;0;3;2;4;3;3;3;4;2;2;1;2;2;3;2;2;2;3;3;3;1;2;2;2;1;1;3;1;4;4;5;4;6;6;7;4;2;2;2;2;3;3;4;5;2;1;1;6;2;2;1;2;2;1;1;3;3;2;3;2;4;2;3;4;4;4;3;4;4;4;2;2;5;1;3;4;5;5;5;3;3;3;3;3;3;3;3;3;3;3;3;3;2;2;410001;410001;410001;2;3;2;2;3;3;2;3;3;3;1;2;3;4;2;3;9;4;7;8;7;7;4;4;4;4;8;7;7;2;2;2;3;2;2;3;1;1942;75;6;3;1;1;1;410;410;410;1;1;1;2390;5;2;1;1;-3;-3;0;1;0;1;1;-3;9;-5;9;2;1;2;3;4;2;7;70000000;410004;0;1;2;0.7066666666666667;0.47000000000000003;0.307037037037037;0.28074074074074074;0.0;0.33;0.33;0.22;0.66;1.0;0.5;0.7200000000000001;1.0;1.0;1.0;1.0;0.66;1.0;1.0;0.8866666666666667;1.0;0.0;1.0;0.6666666666666666;0.25;0.66;0.33;0.4133333333333334;0.0;0.2222222222222222;0.2222222222222222;0.14814814814814814;0.0;0.0;0.0;0.0;1.0;1.0;1.0;1.0;1.0;1.0;1.0;1.0;1.0;1.0;1.0;1.0;0;0;0;0;0;8;6;8;8;2;3;2;3;4;3;3;8;4;6;7;6;4;2;3;150;25000;10000;9;3;1;9;9;9;9;6;1;1;5;3;4;9;5;4;4;2;2;4;4;1;4;4;9;6;-5
"1-5-0 (2020-11-16)";"doi.org/10.14281/18241.1";2018;410;"KOR";732;"ROK";410070366;20180106;201712;201801;13.55;14.34;39;1;410026;410002;8;5;2;1;366;2390;"ko";1;1;1.0;0.8032128514056225;41453.815261044176;1;2;2;2;1;3;1;2;1;1;2;2;1;1;2;2;2;1;2;2;2;2;2;1;2;2;2;3;1;2;2;2;1;1;1;1;2;1;2;4;2;3;2;2;2;3;2;3;2;2;3;8;8;4;4;4;4;4;1;2;1;2;2;4;4;4;3;2;4;4;3;3;3;3;3;3;3;3;3;3;2;2;3;2;3;3;3;2;2;3;2;3;3;8;3;3;2;0;0;0;1;0;0;0;0;0;2;0;0;6;7;8;3;8;1;5;2;1;2;2;2;1;4;5;4;2;2;1;1;2;0;0;1;2;2;3;2;3;3;4;3;3;1;1;2;1;2;2;2;2;2;3;1;2;1;2;1;1;2;2;3;8;8;8;9;9;8;4;2;2;2;2;3;3;5;6;2;2;2;3;7;1;1;1;3;5;4;5;6;6;1;8;3;7;7;1;5;7;8;1;3;3;2;1;2;1;2;1;5;1;3;2;2;2;2;2;1;1;1;1;1;1;1;1;1;1;410002;410002;410002;1;3;2;2;1;2;3;3;2;3;3;2;3;4;1;4;8;8;8;9;6;3;8;4;4;6;9;9;9;2;2;1;1;1;2;2;1;1967;50;4;3;1;1;1;410;410;410;1;2;1;2390;1;0;3;2;3;2;1;1;1;1;1;5;6;-5;9;2;1;1;3;5;2;7;70000000;410004;3;2;1;0.5530555555555555;0.6644444444444444;0.2724537037037037;0.29574074074074075;1.0;0.33;0.33;0.5533333333333333;0.66;1.0;0.6666666666666666;0.7755555555555556;0.0;0.0;1.0;0.3333333333333333;0.33;0.66;0.66;0.55;0.0;0.0;1.0;0.3333333333333333;0.0;0.0;0.33;0.11;0.4444444444444444;0.4444444444444444;0.5555555555555556;0.48148148148148145;0.33;0.0;0.165;0.165;1.0;1.0;1.0;1.0;1.0;1.0;1.0;1.0;1.0;1.0;1.0;1.0;0;0;1;1;1;7;5;7;7;4;3;5;5;8;6;7;8;5;8;8;5;1;4;3;300;20000;0;8;3;1;10;10;4;9;7;1;2;4;5;8;5;5;5;5;1;1;1;4;1;3;8;3;5;4
"1-5-0 (2020-11-16)";"doi.org/10.14281/18241.1";2018;410;"KOR";732;"ROK";410070367;20180106;201712;201801;13.58;14.2;22;1;410011;410001;8;5;1;1;367;2390;"ko";1;1;1.0;0.8032128514056225;41453.815261044176;1;1;2;3;2;3;2;1;1;1;2;1;2;1;2;2;2;1;2;1;1;1;2;2;2;2;1;2;3;4;3;3;4;2;1;1;2;1;4;3;2;2;3;3;2;1;1;1;2;1;7;7;6;4;4;4;4;4;3;2;1;3;2;4;4;4;3;3;4;3;3;2;2;3;3;4;2;2;3;2;2;2;3;4;2;2;3;2;3;2;3;2;2;5;3;1;2;0;2;2;0;0;0;0;0;0;2;0;0;8;3;5;3;4;1;7;3;3;4;3;2;2;2;6;3;2;2;2;1;1;1;0;1;3;3;4;3;4;4;4;2;3;1;1;2;2;1;2;2;1;1;2;1;1;2;1;2;2;3;1;4;7;6;5;5;4;7;5;1;2;2;2;4;4;6;7;2;1;2;6;4;4;2;3;4;5;3;5;7;4;5;7;2;1;4;1;1;4;7;4;4;4;3;3;5;2;5;1;4;1;1;1;2;3;3;3;1;2;3;3;1;3;3;3;3;3;410010;410010;410010;2;3;2;3;1;2;3;4;1;2;1;1;3;4;3;4;4;3;3;9;2;2;8;2;1;8;9;7;8;2;2;1;2;1;3;3;2;1994;23;1;1;1;1;1;410;410;410;1;5;2;2390;6;0;5;3;-3;-3;3;2;5;3;1;-3;3;-3;3;2;2;1;2;6;2;0;100000020;410004;1;2;2;0.5952777777777778;0.4705555555555556;0.5796296296296296;0.6609259259259259;0.0;0.33;0.0;0.11;0.66;1.0;0.8333333333333334;0.8311111111111112;1.0;1.0;1.0;1.0;0.66;0.33;0.33;0.44;1.0;0.0;1.0;0.6666666666666666;0.75;0.66;1.0;0.8033333333333333;0.4444444444444444;0.4444444444444444;0.6666666666666666;0.5185185185185185;0.66;0.0;0.33;0.33;1.0;1.0;1.0;1.0;1.0;1.0;1.0;1.0;1.0;1.0;1.0;1.0;0;1;0;0;0;8;6;5;8;5;7;4;5;5;4;4;7;5;7;7;5;1;5;2;500;52000;3000;8;5;1;7;7;6;8;5;1;1;6;8;5;2;3;6;8;3;5;2;4;1;3;6;3;4;-3
"1-5-0 (2020-11-16)";"doi.org/10.14281/18241.1";2018;410;"KOR";732;"ROK";410070368;20180106;201712;201801;14.0;14.46;46;1;410041;410007;8;5;2;1;368;2390;"ko";2;2;1.0;0.8032128514056225;41453.815261044176;1;1;1;2;1;1;1;1;2;1;1;2;1;2;2;2;2;1;1;1;2;1;2;2;2;1;2;3;2;3;3;2;2;1;2;1;2;1;3;2;2;1;2;2;2;3;1;2;2;2;7;7;6;4;4;4;4;4;1;2;1;2;3;4;3;3;2;2;3;3;2;3;3;3;3;2;3;2;3;3;2;3;3;2;3;3;2;3;3;2;3;2;3;6;1;1;2;1;0;0;0;0;0;0;0;0;0;0;0;7;6;7;6;6;1;6;3;3;2;3;3;2;2;7;3;0;1;2;1;1;1;0;1;2;2;2;3;2;2;3;2;3;1;1;2;2;2;1;1;4;4;4;2;1;1;2;1;2;1;1;3;7;6;7;6;8;6;5;1;1;1;1;2;2;3;4;2;2;1;7;6;7;6;6;7;6;7;6;6;7;6;7;6;6;7;5;6;6;6;2;2;2;2;1;5;1;5;3;4;4;1;3;2;2;2;2;3;3;3;3;3;3;3;3;2;2;410001;410001;410001;3;4;2;3;4;3;3;2;3;2;2;2;3;2;2;3;6;6;7;7;7;7;6;7;7;8;7;7;6;2;2;1;1;1;2;3;2;1964;53;4;3;2;1;1;-2;410;410;1;4;1;2390;1;2;5;3;3;2;3;2;3;2;1;1;3;5;6;2;2;2;3;7;2;7;70000000;-5;2;2;1;0.5952777777777778;0.41555555555555557;0.5747222222222222;0.48444444444444446;0.5;0.33;0.33;0.3866666666666667;0.0;1.0;0.3333333333333333;0.4444444444444444;1.0;1.0;1.0;1.0;0.33;0.66;0.66;0.55;1.0;1.0;1.0;1.0;0.25;0.33;0.66;0.41333333333333333;0.5555555555555556;0.5555555555555556;0.5555555555555556;0.5555555555555556;0.66;0.0;0.33;0.33;1.0;1.0;1.0;1.0;1.0;1.0;1.0;1.0;1.0;1.0;1.0;1.0;0;1;0;0;1;8;7;6;7;6;7;6;7;6;7;8;8;7;6;6;7;1;2;3;400;18000;5400;8;4;1;6;7;7;7;6;1;1;5;4;5;8;3;5;4;2;2;2;3;3;2;5;8;3;4
"1-5-0 (2020-11-16)";"doi.org/10.14281/18241.1";2018;410;"KOR";732;"ROK";410070369;20180106;201712;201801;14.08;14.29;21;1;410048;410014;7;4;3;1;369;2390;"ko";1;1;1.0;0.8032128514056225;41453.815261044176;1;2;2;3;3;3;1;1;1;1;2;2;2;1;2;2;2;1;2;1;2;1;2;1;2;2;3;1;3;3;2;3;2;1;1;1;4;2;4;2;2;1;1;1;2;3;1;3;2;2;5;5;3;4;4;4;4;4;1;1;2;2;3;3;3;3;3;3;3;3;3;4;4;4;4;4;3;3;3;4;3;3;3;3;3;3;3;3;3;3;3;3;3;8;3;1;2;0;0;0;0;0;0;0;0;0;0;0;0;8;3;9;2;2;1;8;2;2;2;2;2;2;4;10;4;2;2;2;1;2;2;2;2;3;2;4;4;4;4;4;4;4;1;2;2;3;3;2;2;2;2;3;1;2;1;2;1;3;1;1;2;8;8;3;7;3;8;3;1;2;2;2;3;3;4;4;2;2;2;3;3;2;1;2;2;5;5;7;8;5;2;8;2;2;3;3;2;3;5;3;3;4;3;2;5;2;5;1;5;1;5;2;1;3;3;3;1;1;2;2;1;2;2;2;1;1;410008;410008;410008;2;4;2;4;2;2;4;4;1;1;1;1;3;4;4;4;5;3;3;8;3;3;8;3;3;8;8;7;7;2;2;2;2;1;3;3;2;1965;52;4;3;1;1;1;410;410;410;1;4;1;2390;1;2;3;2;3;2;1;1;1;1;5;1;-3;3;0;-3;2;1;3;5;2;7;70000000;410004;1;1;2;0.8175000000000001;0.6916666666666668;0.4549074074074074;0.5764814814814815;1.0;0.33;0.66;0.6633333333333334;0.66;1.0;0.5;0.7200000000000001;1.0;1.0;1.0;1.0;0.66;1.0;1.0;0.8866666666666667;1.0;0.0;1.0;0.6666666666666666;0.25;0.66;0.66;0.5233333333333333;0.4444444444444444;0.6666666666666666;0.7777777777777778;0.6296296296296297;0.0;0.0;0.0;0.0;1.0;1.0;1.0;1.0;1.0;1.0;1.0;1.0;1.0;1.0;1.0;1.0;0;0;0;0;1;5;5;5;5;3;3;5;5;8;8;8;5;3;5;8;4;-3;-3;3;600;40000;12000;-3;5;1;-3;-3;-3;5;3;1;1;6;7;3;3;5;3;3;2;3;2;4;1;4;3;5;7;4
"1-5-0 (2020-11-16)";"doi.org/10.14281/18241.1";2018;410;"KOR";732;"ROK";410070370;20180106;201712;201801;14.12;14.48;36;1;410048;410014;7;4;3;1;370;2390;"ko";2;1;1.0;0.8032128514056225;41453.815261044176;1;1;1;2;1;3;2;1;2;1;1;1;2;1;2;2;2;1;2;1;2;2;2;1;2;2;2;1;2;2;2;2;2;1;1;1;3;3;3;2;2;1;1;2;2;2;1;3;2;1;8;7;5;4;4;4;4;4;3;2;1;3;3;4;3;4;2;3;2;3;3;3;3;3;3;3;3;3;2;3;2;2;2;2;2;2;2;2;3;3;3;2;2;7;3;3;2;0;1;0;0;0;0;0;0;0;2;0;0;8;5;3;5;8;1;5;2;2;2;2;2;1;4;7;3;2;1;2;2;2;2;2;1;3;2;4;4;4;3;4;4;4;1;2;2;1;1;2;2;2;2;2;1;2;1;1;2;3;1;1;2;8;8;6;5;3;8;5;2;2;2;2;4;4;7;8;3;1;1;6;1;1;1;1;1;5;2;6;8;7;3;7;1;1;1;1;2;1;5;4;4;4;2;2;2;1;2;1;2;2;3;1;2;2;2;2;2;2;2;2;2;2;2;2;3;3;-2;-2;-2;1;3;2;3;2;2;2;3;1;3;1;3;3;4;1;4;5;8;2;10;8;1;10;4;3;10;10;7;7;2;2;1;2;2;3;4;1;1993;24;1;1;1;1;1;410;410;410;1;3;2;2390;6;0;6;3;-3;-3;3;2;3;2;1;-3;3;-3;6;2;2;2;3;6;2;0;100000020;410004;1;1;2;0.525;0.72;0.4739814814814815;0.447962962962963;1.0;0.33;0.33;0.5533333333333333;0.66;1.0;1.0;0.8866666666666667;0.0;0.0;0.0;0.0;0.66;0.66;0.66;0.66;1.0;1.0;1.0;1.0;0.25;0.33;0.33;0.3033333333333334;0.4444444444444444;0.5555555555555556;0.7777777777777778;0.5925925925925927;0.0;0.0;0.0;0.0;1.0;1.0;1.0;1.0;1.0;1.0;1.0;1.0;1.0;1.0;1.0;1.0;0;0;0;0;1;7;6;6;6;3;5;1;1;3;3;3;8;3;8;3;5;1;4;2;500;35000;0;8;4;1;8;6;7;8;1;1;1;5;6;6;3;5;5;3;2;7;1;1;1;3;7;3;5;-3
"1-5-0 (2020-11-16)";"doi.org/10.14281/18241.1";2018;410;"KOR";732;"ROK";410070371;20180106;201712;201801;14.12;14.36;24;1;410026;410002;8;5;2;1;371;2390;"ko";3;1;1.0;0.8032128514056225;41453.815261044176;1;1;1;2;1;3;2;1;1;1;2;1;1;2;2;2;2;1;2;1;2;1;2;2;2;2;2;2;3;2;2;2;3;3;1;1;3;3;4;2;1;2;2;2;2;3;1;2;2;2;7;8;8;4;4;4;4;4;1;2;1;1;2;3;3;3;3;2;3;2;3;3;3;3;3;3;3;2;3;2;2;3;3;3;2;2;2;2;2;2;2;2;2;5;3;3;2;0;0;0;0;0;0;0;0;0;0;0;0;7;6;4;4;4;2;6;2;2;2;2;2;2;2;7;2;2;2;0;0;0;0;0;0;3;2;4;4;4;4;4;4;4;2;2;2;3;3;2;2;4;4;4;2;2;1;1;3;1;3;1;2;8;8;3;4;4;8;3;2;2;2;2;4;4;6;7;3;2;2;2;2;2;1;1;2;2;1;3;6;4;1;3;1;1;1;2;1;2;4;4;4;4;3;2;1;1;3;2;5;5;5;5;2;3;3;3;2;3;3;3;2;3;3;3;1;1;410001;410001;410001;2;3;3;2;2;2;3;3;2;2;2;2;1;2;2;2;7;7;4;6;3;6;5;5;6;4;7;7;6;2;2;2;1;2;1;2;1;1957;60;5;3;1;1;1;410;410;410;1;2;1;2390;1;1;5;3;3;2;2;1;3;2;1;5;3;-5;3;2;1;2;3;4;2;0;100000020;410004;2;1;1;0.6086111111111112;0.608888888888889;0.42740740740740746;0.39648148148148155;0.5;0.33;0.33;0.3866666666666667;0.66;1.0;0.8333333333333334;0.8311111111111112;1.0;0.0;1.0;0.6666666666666666;0.33;0.66;0.66;0.55;1.0;0.0;1.0;0.6666666666666666;0.5;0.66;0.33;0.49666666666666676;0.1111111111111111;0.2222222222222222;0.5555555555555556;0.2962962962962963;0.0;0.5;0.25;0.25;1.0;1.0;1.0;1.0;1.0;1.0;1.0;1.0;1.0;1.0;1.0;1.0;1;0;0;0;1;7;7;6;6;6;7;6;7;7;6;7;8;4;7;7;7;1;7;3;300;30000;0;8;4;1;9;8;8;9;8;1;1;5;2;3;7;5;5;2;3;2;2;2;3;3;3;6;5;4
"1-5-0 (2020-11-16)";"doi.org/10.14281/18241.1";2018;410;"KOR";732;"ROK";410070372;20180106;201712;201801;14.15;14.35;20;1;410041;410007;8;5;2;1;372;2390;"ko";3;1;1.0;0.8032128514056225;41453.815261044176;1;2;2;2;1;2;2;1;1;2;2;1;2;1;2;1;2;1;2;1;2;2;2;1;2;2;2;1;2;2;2;1;3;3;2;1;2;1;2;3;1;3;2;2;2;2;3;2;2;2;8;6;4;4;4;4;4;4;1;1;1;2;2;4;2;4;2;1;2;1;2;3;1;2;2;3;3;2;2;3;2;2;3;2;2;2;2;2;2;2;1;2;1;7;2;1;1;0;0;0;0;0;0;0;0;0;0;0;0;6;8;5;6;6;1;7;2;2;2;2;2;2;2;6;3;1;0;2;1;1;1;0;2;3;2;3;4;2;3;2;2;3;1;2;2;1;2;2;2;3;4;3;2;1;1;3;1;2;1;2;3;7;6;7;5;7;5;2;2;2;2;2;3;3;7;8;3;1;1;5;8;6;7;1;1;2;3;2;2;3;3;3;2;2;2;1;1;2;1;1;1;1;3;2;2;1;2;5;2;1;4;3;3;2;3;2;2;2;3;2;3;2;3;2;2;2;-2;-2;-2;2;3;2;3;3;1;2;3;2;2;3;3;2;3;4;4;3;8;7;5;8;6;7;6;5;8;6;8;8;2;2;1;1;1;1;2;1;1983;34;2;2;1;1;1;410;410;410;1;1;1;2390;6;0;7;3;-3;-3;1;1;1;1;1;-3;3;-3;10;2;1;1;5;4;2;0;100000020;410004;4;2;2;0.4291666666666667;0.5816666666666668;0.4986111111111111;0.2488888888888889;0.5;0.33;0.33;0.3866666666666667;0.33;1.0;1.0;0.7766666666666667;1.0;0.0;0.0;0.3333333333333333;0.0;0.66;0.0;0.22;1.0;0.0;1.0;0.6666666666666666;0.5;0.33;0.33;0.3866666666666667;0.1111111111111111;0.1111111111111111;0.1111111111111111;0.1111111111111111;0.66;1.0;0.8300000000000001;0.8300000000000001;1.0;1.0;1.0;1.0;1.0;1.0;1.0;1.0;1.0;1.0;1.0;1.0;1;1;0;1;1;6;6;7;7;7;6;6;5;7;7;6;6;5;7;6;7;1;5;5;300;8600;0;8;3;2;7;7;8;6;3;1;2;4;3;4;4;5;3;3;2;3;2;3;2;2;5;3;6;-3
"1-5-0 (2020-11-16)";"doi.org/10.14281/18241.1";2018;410;"KOR";732;"ROK";410070373;20180106;201712;201801;14.19;15.11;52;1;410041;410007;8;5;2;1;373;2390;"ko";1;2;1.0;0.8032128514056225;41453.815261044176;1;1;1;2;2;4;1;1;1;2;2;1;2;1;2;2;2;1;2;1;2;1;2;1;1;2;1;2;1;1;2;2;1;1;1;1;2;1;1;1;2;2;2;2;2;1;1;1;2;2;10;8;8;4;4;4;4;4;3;2;1;2;2;3;3;3;3;3;3;3;3;3;3;3;4;4;3;3;2;4;2;3;2;2;2;2;1;1;2;2;2;2;2;9;2;3;3;0;1;0;0;0;0;0;0;0;0;0;0;6;6;5;3;3;1;8;2;2;2;2;2;2;1;9;2;0;1;1;2;1;1;1;1;2;1;4;4;4;4;4;4;4;2;2;2;2;1;2;2;4;3;4;1;2;1;3;4;1;2;1;3;6;7;8;5;3;5;6;2;2;2;2;1;4;7;7;2;1;2;6;4;3;1;2;2;4;4;6;5;6;4;7;1;1;1;3;3;2;4;2;4;4;2;3;2;1;2;3;3;1;3;4;1;2;2;2;1;2;2;2;2;2;2;2;1;1;410002;410002;410002;2;4;2;3;3;3;3;4;3;3;1;1;2;4;2;3;6;5;5;8;5;3;8;7;5;5;7;7;8;3;2;2;2;1;2;2;2;1988;29;2;1;1;1;1;410;410;410;1;4;2;2390;6;0;6;3;-3;-3;3;2;3;2;1;-3;3;-3;3;2;2;1;3;6;2;0;100000020;410004;3;2;2;0.6925000000000001;0.555;0.4440277777777778;0.2222222222222222;0.0;0.33;0.0;0.11;1.0;1.0;1.0;1.0;1.0;1.0;1.0;1.0;0.66;0.66;0.66;0.66;1.0;0.0;1.0;0.6666666666666666;0.0;0.0;0.0;0.0;0.3333333333333333;0.5555555555555556;0.4444444444444444;0.4444444444444444;0.33;1.0;0.665;0.665;1.0;1.0;1.0;1.0;1.0;1.0;1.0;1.0;1.0;1.0;1.0;1.0;1;0;1;0;1;8;4;4;6;3;3;3;2;1;4;5;8;4;6;5;5;1;4;3;500;30000;0;7;6;1;6;6;7;7;3;1;2;5;6;6;1;2;2;4;2;1;3;1;2;2;9;2;5;-3
"1-5-0 (2020-11-16)";"doi.org/10.14281/18241.1";2018;410;"KOR";732;"ROK";410070374;20180106;201712;201801;14.3;15.22;52;1;410011;410001;8;5;1;1;374;2390;"ko";3;1;1.0;0.8032128514056225;41453.815261044176;1;1;1;2;1;3;1;2;2;1;1;2;1;1;2;2;2;1;2;1;2;1;2;1;1;2;1;2;3;4;2;3;1;1;1;1;2;1;4;2;1;2;2;1;1;3;1;1;2;2;8;7;8;4;4;4;4;4;3;2;1;1;2;3;4;3;2;3;3;2;3;2;2;2;3;3;2;2;2;2;2;1;2;3;2;2;2;2;1;2;2;2;2;8;3;1;2;0;0;0;0;0;0;0;0;0;0;0;0;8;4;2;5;7;1;8;2;3;3;2;2;2;2;8;3;1;2;1;0;0;1;2;1;2;2;4;4;4;4;4;4;4;1;2;1;2;1;2;2;1;1;1;1;1;2;1;3;3;1;1;2;8;9;7;3;4;9;4;2;2;2;2;3;4;4;7;2;1;2;7;2;1;2;3;2;2;1;2;8;6;4;6;3;1;2;2;5;3;9;4;4;4;3;2;4;1;2;1;4;1;5;2;2;2;3;2;3;3;2;3;2;2;3;2;2;2;-2;-2;-2;2;3;2;3;2;3;2;2;3;2;1;2;2;4;3;4;6;8;6;8;7;3;8;8;7;8;7;8;7;2;1;2;1;1;4;3;1;1972;45;4;2;1;1;1;410;410;410;1;3;1;2390;1;1;3;2;3;2;-2;-2;-2;-2;1;5;3;-5;6;2;1;1;3;6;2;0;100000020;410004;2;1;1;0.45666666666666667;0.36000000000000004;0.4508333333333333;0.44333333333333336;0.0;0.0;0.0;0.0;0.66;1.0;0.5;0.7200000000000001;0.0;1.0;1.0;0.6666666666666666;0.66;0.33;0.33;0.44;0.0;1.0;1.0;0.6666666666666666;0.0;0.66;1.0;0.5533333333333333;0.1111111111111111;0.1111111111111111;0.7777777777777778;0.3333333333333333;0.0;0.5;0.25;0.25;1.0;1.0;1.0;1.0;1.0;1.0;1.0;1.0;1.0;1.0;1.0;1.0;1;0;0;0;1;8;5;7;4;2;4;2;1;4;3;8;7;7;4;8;7;1;3;2;400;32000;10000;8;5;1;7;8;7;8;3;2;1;6;5;3;4;4;3;3;4;7;2;4;2;2;5;3;6;4
"1-5-0 (2020-11-16)";"doi.org/10.14281/18241.1";2018;410;"KOR";732;"ROK";410070375;20180106;201712;201801;14.33;15.0;27;1;410048;410014;7;4;3;1;375;2390;"ko";2;1;1.0;0.8032128514056225;41453.815261044176;1;2;2;2;3;3;1;1;1;1;2;2;2;1;2;2;2;1;2;1;2;1;2;1;2;2;3;2;2;2;2;3;2;1;2;1;2;1;4;1;2;2;2;2;2;3;1;3;2;2;8;8;5;4;4;4;4;4;1;2;2;3;3;3;3;3;3;3;3;3;3;3;3;3;4;3;3;3;3;3;3;3;3;3;3;3;3;3;3;3;3;3;3;3;3;2;2;0;0;0;0;0;0;0;0;0;0;0;0;8;8;4;3;3;2;5;2;2;2;2;2;2;4;8;4;2;2;2;2;2;2;2;2;2;3;4;4;4;4;4;4;4;1;2;2;2;2;2;2;2;2;3;2;2;2;2;1;1;3;1;2;8;8;3;5;7;8;8;1;1;1;1;2;2;1;3;1;1;1;3;3;2;1;3;2;2;2;2;5;2;1;3;2;2;3;3;3;3;3;3;3;4;3;2;5;1;5;1;5;2;5;2;2;3;3;3;2;1;2;2;3;3;3;3;1;1;410001;410001;410001;1;4;2;4;2;1;4;4;1;1;2;2;3;3;3;3;8;3;3;8;5;3;8;5;3;8;8;6;6;2;2;1;2;2;3;3;2;1953;64;5;3;1;1;1;410;410;410;1;2;1;2390;1;3;3;2;3;2;1;1;1;1;5;1;-3;6;9;-3;2;2;3;3;1;2;20000000;410004;1;1;2;0.6358333333333334;0.4416666666666667;0.2980555555555556;0.26277777777777783;1.0;0.33;0.66;0.6633333333333334;0.66;0.0;0.0;0.22;1.0;1.0;1.0;1.0;0.66;0.66;0.66;0.66;1.0;0.0;1.0;0.6666666666666666;0.25;0.33;0.33;0.3033333333333334;0.1111111111111111;0.1111111111111111;0.4444444444444444;0.22222222222222224;0.0;0.0;0.0;0.0;1.0;1.0;1.0;1.0;1.0;1.0;1.0;1.0;1.0;1.0;1.0;1.0;0;0;0;0;1;8;5;3;5;3;3;3;3;7;8;8;8;3;3;5;6;-3;-3;3;150;25000;0;-3;3;1;-3;-3;-3;8;5;1;1;2;3;3;5;2;2;2;2;2;2;4;2;4;5;7;2;4
"1-5-0 (2020-11-16)";"doi.org/10.14281/18241.1";2018;410;"KOR";732;"ROK";410070376;20180106;201712;201801;14.36;14.56;20;1;410011;410001;8;5;1;1;376;2390;"ko";2;1;1.0;0.8032128514056225;41453.815261044176;1;1;2;2;1;3;1;1;1;1;2;1;2;2;2;2;2;1;2;1;2;2;2;2;2;2;3;2;3;3;3;3;4;2;3;3;3;3;3;3;3;3;3;3;2;3;1;1;2;2;6;6;6;4;4;4;4;4;1;2;1;2;3;3;3;3;3;2;3;3;3;2;3;3;4;4;2;2;2;2;2;3;3;3;3;3;3;3;3;3;3;3;3;7;3;1;2;0;2;0;0;0;0;0;0;0;2;0;0;5;6;5;5;6;1;6;3;3;3;4;3;2;4;5;4;2;1;2;0;1;0;1;1;2;2;4;4;4;4;4;4;4;2;2;2;3;3;2;2;4;4;4;2;1;1;1;4;1;3;1;3;7;6;4;4;5;5;3;2;2;2;2;4;4;7;8;3;1;1;6;5;3;1;1;1;5;2;2;7;4;4;6;1;2;1;1;1;1;7;1;4;4;2;2;1;1;1;2;3;2;3;2;2;2;2;2;2;3;2;2;2;2;2;2;1;1;410002;410002;410002;2;3;2;3;3;2;2;4;4;2;2;3;3;4;3;4;4;5;1;8;7;1;6;6;5;7;8;7;7;2;2;1;1;1;2;2;1;1956;61;5;3;1;1;1;410;410;410;1;3;1;2390;1;1;5;3;5;3;3;2;3;2;1;5;4;-5;6;2;1;1;3;6;2;0;100000020;410004;1;1;1;0.4975;0.6083333333333334;0.4410185185185185;0.5487037037037037;0.0;0.33;0.66;0.33;0.66;1.0;1.0;0.8866666666666667;1.0;0.0;0.0;0.3333333333333333;0.33;0.33;0.66;0.44;1.0;0.0;1.0;0.6666666666666666;0.75;0.66;0.66;0.6900000000000001;0.4444444444444444;0.1111111111111111;0.6666666666666666;0.4074074074074074;0.0;0.0;0.0;0.0;1.0;1.0;1.0;1.0;1.0;1.0;1.0;1.0;1.0;1.0;1.0;1.0;0;0;0;0;1;7;7;6;6;6;7;6;6;6;5;5;8;6;8;6;7;3;2;2;550;65000;8500;7;6;1;8;7;7;7;7;1;2;4;2;5;1;1;1;1;1;1;2;2;2;3;7;1;1;4
"1-5-0 (2020-11-16)";"doi.org/10.14281/18241.1";2018;410;"KOR";732;"ROK";410070377;20180106;201712;201801;14.36;15.19;43;1;410041;410007;8;5;2;1;377;2390;"ko";1;1;1.0;0.8032128514056225;41453.815261044176;1;2;2;2;1;3;2;1;2;1;1;1;2;1;2;2;2;1;2;2;2;2;2;1;2;2;2;3;2;2;1;2;2;1;1;1;2;1;3;3;2;2;1;3;1;1;2;1;2;1;8;5;6;4;4;4;4;4;1;2;1;3;2;3;3;3;3;4;2;2;3;3;4;3;4;4;3;3;2;4;3;2;3;3;4;4;3;3;2;2;2;2;2;7;1;1;1;0;0;0;0;0;0;0;0;0;0;0;0;8;5;4;2;6;1;7;3;3;2;2;2;1;2;6;3;2;2;2;2;2;2;2;0;2;2;4;4;4;4;4;4;4;2;2;2;3;2;2;2;3;4;4;1;2;1;1;4;3;2;3;4;6;5;7;6;5;6;1;2;2;2;2;4;4;6;7;3;2;2;6;8;1;1;1;1;8;7;6;8;7;1;9;2;1;1;5;6;3;9;2;3;2;2;1;3;1;2;1;1;1;3;3;3;3;3;3;3;3;3;3;3;3;3;3;1;1;410002;410002;410002;1;4;3;3;2;2;3;4;4;4;2;4;4;4;4;4;3;9;1;10;5;1;7;4;2;8;5;7;5;2;2;3;2;2;2;3;1;1974;43;3;2;1;1;1;410;410;410;1;4;1;2390;1;2;6;3;6;3;1;1;2;1;1;2;3;5;6;2;1;1;3;5;2;0;100000020;410004;2;2;2;0.4844444444444445;0.5255555555555557;0.5430092592592592;0.5035185185185186;0.0;0.33;0.33;0.22;0.66;1.0;0.8333333333333334;0.8311111111111112;0.0;0.0;0.0;0.0;1.0;0.66;1.0;0.8866666666666667;1.0;1.0;1.0;1.0;0.25;0.33;0.33;0.3033333333333334;0.7777777777777778;0.5555555555555556;0.7777777777777778;0.7037037037037037;0.33;0.0;0.165;0.165;1.0;1.0;1.0;1.0;1.0;1.0;1.0;1.0;1.0;1.0;1.0;1.0;0;0;1;1;0;6;6;4;5;3;5;3;2;5;5;6;7;7;5;3;7;1;4;3;570;42000;7000;8;4;1;7;5;4;7;6;2;3;1;1;5;3;3;3;1;2;2;2;1;2;2;3;2;1;4
"1-5-0 (2020-11-16)";"doi.org/10.14281/18241.1";2018;410;"KOR";732;"ROK";410070378;20180106;201712;201801;14.41;15.17;36;1;410041;410007;8;5;2;1;378;2390;"ko";2;2;1.0;0.8032128514056225;41453.815261044176;1;2;2;3;2;3;1;1;1;2;1;2;1;2;2;2;2;1;2;1;2;1;2;1;2;1;2;2;3;3;3;2;2;1;2;1;2;1;3;4;2;3;2;3;2;2;2;2;2;2;7;5;7;4;4;4;4;4;3;2;1;1;2;3;3;3;2;3;3;2;2;3;3;2;3;2;2;2;3;2;3;2;3;3;2;2;3;2;3;2;3;2;2;8;1;1;1;0;0;0;0;0;0;0;0;0;0;0;0;6;5;6;7;6;1;6;3;3;3;3;2;2;2;8;2;1;1;0;1;1;0;1;1;3;3;2;2;2;3;3;2;2;2;2;2;2;3;2;2;3;2;3;1;1;2;2;4;3;2;2;3;7;6;7;7;8;8;7;2;2;2;2;2;2;5;6;2;2;1;3;3;3;2;2;2;3;2;4;4;3;1;2;1;2;1;2;2;2;4;4;4;4;3;2;5;2;5;1;2;2;4;2;3;3;3;3;3;3;3;3;3;3;3;3;2;3;-2;-2;-2;3;3;3;3;3;3;4;4;4;4;3;3;3;3;1;3;5;7;7;7;8;5;9;7;8;7;8;8;7;2;2;1;1;1;2;3;1;1970;47;4;2;1;1;1;410;410;410;1;4;1;2390;1;2;6;3;6;3;3;2;6;3;1;1;3;3;3;2;1;1;3;5;2;0;100000020;410004;3;2;1;0.7055555555555556;0.5811111111111111;0.49615740740740744;0.4098148148148148;0.5;0.33;0.33;0.3866666666666667;0.66;1.0;0.6666666666666666;0.7755555555555556;1.0;1.0;1.0;1.0;0.66;0.66;0.66;0.66;1.0;1.0;1.0;1.0;0.25;0.66;0.66;0.5233333333333333;0.2222222222222222;0.3333333333333333;0.3333333333333333;0.2962962962962963;0.33;0.0;0.165;0.165;1.0;1.0;1.0;1.0;1.0;1.0;1.0;1.0;1.0;1.0;1.0;1.0;0;0;1;1;1;7;8;7;8;6;8;7;7;7;7;5;5;7;7;6;7;1;6;3;500;30000;5000;7;5;1;8;6;7;6;5;1;1;2;5;5;1;3;3;5;2;7;3;3;3;3;5;1;3;4
"1-5-0 (2020-11-16)";"doi.org/10.14281/18241.1";2018;410;"KOR";732;"ROK";410070379;20180106;201712;201801;14.41;15.21;40;1;410041;410007;8;5;2;1;379;2390;"ko";1;1;1.0;0.8032128514056225;41453.815261044176;1;1;2;2;1;3;1;2;1;1;1;2;2;1;2;2;2;1;2;1;2;1;2;2;2;2;1;3;3;3;3;3;3;3;3;3;2;1;3;2;3;3;3;3;3;3;2;3;1;1;8;8;4;4;4;4;4;4;3;2;1;1;1;2;2;2;3;3;2;2;3;2;2;2;3;4;3;3;2;2;1;2;2;1;2;2;2;2;1;2;2;2;1;6;3;2;2;0;2;0;0;0;0;0;0;0;0;0;0;5;6;7;3;7;2;4;2;2;2;2;2;2;3;7;3;1;1;0;1;0;0;1;1;1;2;3;2;4;4;4;4;2;1;2;2;2;2;2;2;2;2;4;2;2;1;2;3;1;2;2;1;8;8;5;7;7;8;3;2;2;2;2;4;4;7;8;3;2;2;4;3;3;1;1;1;3;1;6;5;4;1;5;1;1;1;1;1;1;6;3;3;3;2;2;5;1;5;1;5;1;5;1;2;2;2;2;2;2;3;3;1;2;2;2;2;1;410002;410002;410002;1;4;3;4;2;2;4;4;2;2;1;2;2;3;2;4;3;7;3;8;8;8;8;8;6;8;8;7;6;2;2;1;1;1;2;2;1;1978;39;3;2;1;1;1;410;410;410;1;4;1;2390;1;2;5;3;5;3;2;1;3;2;1;5;3;-5;6;2;1;3;3;3;1;0;100000020;410004;3;2;1;0.5258333333333334;0.665;0.5239351851851852;0.5070370370370372;1.0;0.33;0.0;0.44333333333333336;0.66;1.0;1.0;0.8866666666666667;1.0;0.0;0.0;0.3333333333333333;0.66;0.33;0.33;0.44;0.0;1.0;1.0;0.6666666666666666;0.5;0.66;0.66;0.6066666666666668;0.2222222222222222;0.5555555555555556;0.4444444444444444;0.40740740740740744;0.33;0.5;0.41500000000000004;0.41500000000000004;1.0;1.0;1.0;1.0;1.0;1.0;1.0;1.0;1.0;1.0;1.0;1.0;1;0;1;1;0;7;7;7;7;5;7;5;4;4;4;4;8;2;7;8;6;1;4;3;300;5000;3000;7;3;3;7;7;8;6;7;1;1;7;6;7;3;3;3;4;3;1;3;1;1;3;8;4;7;4
"1-5-0 (2020-11-16)";"doi.org/10.14281/18241.1";2018;410;"KOR";732;"ROK";410070380;20180106;201712;201801;14.53;15.13;20;1;410026;410002;8;5;2;1;380;2390;"ko";2;1;1.0;0.8032128514056225;41453.815261044176;1;1;2;3;1;3;2;1;2;1;1;2;1;2;2;2;1;1;2;1;1;1;2;2;2;2;1;3;2;3;3;2;2;1;1;1;3;3;3;2;3;2;3;2;2;3;1;1;2;1;7;8;7;4;4;4;4;4;3;2;1;2;2;3;3;3;3;2;3;2;3;3;3;3;3;3;3;2;2;3;2;3;3;3;3;3;2;2;2;2;2;2;2;7;1;3;2;0;0;0;0;0;0;0;0;0;0;0;0;7;6;4;5;5;2;6;2;2;2;2;2;3;2;6;3;2;2;0;0;0;0;0;0;3;2;4;4;4;4;4;4;4;2;2;2;3;3;2;2;3;3;3;1;1;1;1;2;3;1;1;2;6;7;6;6;6;8;4;2;2;2;2;3;4;7;8;3;2;2;4;2;3;2;2;3;2;1;2;5;5;2;4;2;1;1;2;2;2;3;4;4;4;3;2;1;1;5;3;2;3;5;5;2;3;3;3;3;3;3;3;3;3;3;3;1;1;410002;410002;410002;2;3;3;2;2;2;3;2;2;2;2;2;3;2;2;2;4;7;6;7;4;7;7;7;8;6;7;8;7;2;2;1;2;2;1;2;1;1990;27;2;1;1;1;1;410;410;410;1;4;2;2390;6;0;6;3;-3;-3;6;3;6;3;1;-3;5;-3;4;2;2;2;2;6;2;0;100000020;410004;1;1;0;0.6366666666666667;0.49833333333333335;0.32555555555555554;0.31777777777777777;0.0;0.33;0.0;0.11;0.66;1.0;1.0;0.8866666666666667;1.0;1.0;1.0;1.0;0.33;0.66;0.66;0.55;1.0;1.0;0.0;0.6666666666666666;0.25;0.33;0.66;0.41333333333333333;0.1111111111111111;0.1111111111111111;0.4444444444444444;0.22222222222222224;0.0;0.0;0.0;0.0;1.0;1.0;1.0;1.0;1.0;1.0;1.0;1.0;1.0;1.0;1.0;1.0;0;0;0;0;1;7;7;6;7;6;6;5;6;5;6;6;7;4;7;8;6;2;3;2;600;30000;0;7;4;1;8;7;7;8;6;1;1;5;3;8;3;5;3;3;3;1;2;3;2;3;7;3;5;-3
"1-5-0 (2020-11-16)";"doi.org/10.14281/18241.1";2018;410;"KOR";732;"ROK";410070381;20180106;201712;201801;14.55;15.29;34;1;410041;410007;8;5;2;1;381;2390;"ko";2;1;1.0;0.8032128514056225;41453.815261044176;1;2;2;2;2;2;1;1;2;1;2;1;2;1;2;2;2;1;2;1;1;1;2;1;2;2;2;2;3;3;2;3;4;2;2;1;3;3;3;3;3;2;3;3;2;1;2;2;2;2;8;7;5;4;4;4;4;4;1;2;1;2;2;3;3;3;2;3;3;3;3;3;2;2;3;3;2;2;2;3;3;2;2;2;2;2;2;2;2;3;3;2;2;5;2;3;1;1;1;0;0;0;0;0;0;0;1;0;0;7;4;5;5;7;1;7;2;2;3;2;2;2;3;7;4;2;1;1;2;2;2;1;0;3;2;3;3;3;3;3;3;3;2;2;2;2;3;2;2;3;3;3;1;2;2;3;1;3;1;2;3;6;7;4;4;7;7;6;1;1;1;1;2;2;2;3;2;1;2;6;3;4;2;3;3;2;3;5;6;6;4;5;2;4;2;3;3;5;8;2;2;2;3;2;5;1;2;1;5;1;2;1;2;2;2;2;1;1;2;2;1;2;2;2;1;1;410010;410010;410010;2;2;2;2;2;2;3;3;2;2;1;2;2;3;2;3;5;7;5;8;7;5;8;7;5;9;7;8;7;2;2;1;2;2;3;3;2;1973;44;3;2;1;1;1;410;410;410;1;4;1;2390;1;2;6;3;6;3;2;1;2;1;5;1;-3;3;3;-3;2;1;2;6;2;2;20000000;410004;3;1;2;0.6088888888888889;0.4427777777777778;0.5567592592592593;0.5301851851851852;0.5;0.33;0.33;0.3866666666666667;0.33;1.0;0.16666666666666666;0.49888888888888894;1.0;1.0;1.0;1.0;0.66;0.66;0.33;0.5499999999999999;1.0;0.0;1.0;0.6666666666666666;0.75;0.66;0.66;0.6900000000000001;0.1111111111111111;0.4444444444444444;0.5555555555555556;0.3703703703703704;0.0;1.0;0.5;0.5;1.0;1.0;1.0;1.0;1.0;1.0;1.0;1.0;1.0;1.0;1.0;1.0;1;0;0;1;1;7;5;4;6;6;4;4;3;5;5;4;5;6;6;5;6;-3;-3;2;500;55000;10000;-3;5;1;-3;-3;-3;8;4;1;1;3;6;5;2;3;3;4;2;5;3;2;3;2;6;3;2;4
"1-5-0 (2020-11-16)";"doi.org/10.14281/18241.1";2018;410;"KOR";732;"ROK";410070382;20180106;201712;201801;15.0;15.2;20;1;410041;410007;8;5;2;1;382;2390;"ko";3;2;1.0;0.8032128514056225;41453.815261044176;1;1;1;2;1;1;1;2;2;1;1;1;2;1;2;2;2;1;2;1;2;1;1;1;2;2;2;3;2;3;2;3;2;1;2;1;2;1;3;2;2;1;2;2;2;3;1;2;2;2;7;6;7;4;4;4;4;4;1;2;1;2;3;4;4;4;3;2;3;3;3;2;3;2;3;3;2;3;3;3;2;2;3;3;3;3;2;2;3;3;3;3;3;5;2;1;1;0;0;0;0;0;0;0;0;0;0;0;0;6;7;6;7;6;1;6;3;3;4;2;3;2;2;6;3;0;1;1;1;0;1;1;1;1;2;4;4;4;4;4;4;4;1;1;2;2;2;2;2;4;4;4;1;2;1;1;3;2;3;2;1;7;6;7;6;7;6;5;2;2;2;2;3;3;7;8;3;2;2;7;4;6;7;6;7;5;6;7;6;7;6;6;7;6;7;6;7;7;6;2;2;3;2;1;5;1;4;3;4;4;2;3;3;3;3;3;3;3;3;3;3;3;3;3;2;2;410002;410002;410002;2;2;3;3;2;3;3;3;2;3;2;2;3;3;2;2;6;6;7;6;7;7;7;6;7;7;6;7;7;2;2;1;1;2;2;3;2;1985;32;2;2;1;1;1;410;410;410;1;3;2;2390;6;0;6;3;-3;-3;3;2;3;2;1;-3;3;-3;5;2;2;2;3;6;2;0;100000020;410004;3;2;1;0.6233333333333333;0.5266666666666666;0.5538888888888889;0.48444444444444446;0.5;0.33;0.33;0.3866666666666667;0.0;1.0;1.0;0.6666666666666666;1.0;1.0;1.0;1.0;0.33;0.33;0.66;0.44;0.0;1.0;1.0;0.6666666666666666;0.25;0.33;0.66;0.41333333333333333;0.4444444444444444;0.6666666666666666;0.5555555555555556;0.5555555555555556;0.66;0.5;0.5800000000000001;0.5800000000000001;1.0;1.0;1.0;1.0;1.0;1.0;1.0;1.0;1.0;1.0;1.0;1.0;1;1;0;1;0;7;6;7;7;7;7;7;6;7;7;8;6;7;7;7;6;1;3;3;400;35000;5500;7;5;1;7;6;6;7;6;1;1;3;2;8;5;4;3;2;2;1;2;3;3;3;8;5;4;-3
"1-5-0 (2020-11-16)";"doi.org/10.14281/18241.1";2018;410;"KOR";732;"ROK";410070383;20180106;201712;201801;15.0;15.48;48;1;410026;410002;8;5;2;1;383;2390;"ko";3;1;1.0;0.8032128514056225;41453.815261044176;1;2;2;3;2;4;1;1;2;1;2;1;2;1;2;2;2;1;2;1;2;1;2;2;2;1;2;3;2;4;3;3;2;1;1;1;3;3;3;1;4;2;1;2;2;1;2;2;2;1;8;8;5;4;4;4;4;4;1;2;1;3;2;4;3;3;4;2;3;3;3;3;3;2;3;3;3;3;3;2;3;3;2;3;2;2;2;2;3;3;3;3;3;8;3;3;2;0;0;0;0;0;0;0;0;0;0;0;0;9;9;5;8;8;1;6;2;3;3;2;4;2;3;7;3;2;2;1;1;1;1;1;1;3;3;4;3;4;4;4;3;4;1;1;2;1;2;2;2;2;2;3;1;2;1;1;2;2;1;1;2;9;9;3;3;3;8;8;2;2;2;2;2;2;6;7;2;2;2;3;6;1;1;1;3;4;6;6;7;7;3;8;2;5;5;1;1;6;8;1;4;3;3;2;5;2;5;2;3;2;3;3;2;2;2;2;3;3;3;3;1;1;1;1;1;1;410002;410002;410002;1;4;2;3;3;2;3;3;3;3;2;2;4;4;1;3;4;8;1;8;8;2;7;7;8;7;8;3;8;2;2;1;1;1;2;3;2;1975;42;3;2;2;2;1;-2;-2;410;1;4;1;2390;1;2;5;3;5;3;2;1;2;1;1;1;4;6;6;2;2;1;3;5;2;7;70000000;-5;2;2;2;0.5536111111111112;0.6655555555555557;0.5104629629629629;0.5225925925925926;0.5;0.33;0.33;0.3866666666666667;1.0;1.0;0.8333333333333334;0.9444444444444445;0.0;0.0;1.0;0.3333333333333333;0.33;0.66;0.66;0.55;1.0;0.0;1.0;0.6666666666666666;0.25;0.33;1.0;0.5266666666666667;0.3333333333333333;0.5555555555555556;0.6666666666666666;0.5185185185185185;0.66;0.0;0.33;0.33;1.0;1.0;1.0;1.0;1.0;1.0;1.0;1.0;1.0;1.0;1.0;1.0;0;1;0;0;1;8;6;7;6;3;4;4;4;6;7;8;8;5;5;8;6;1;5;3;500;25000;3000;8;5;1;9;9;9;9;5;1;1;4;5;6;5;5;5;4;2;1;1;4;1;3;7;4;5;4
"1-5-0 (2020-11-16)";"doi.org/10.14281/18241.1";2018;410;"KOR";732;"ROK";410070384;20180106;201712;201801;15.01;15.51;50;1;410048;410014;7;4;3;1;384;2390;"ko";2;1;1.0;0.8032128514056225;41453.815261044176;1;2;2;2;2;3;1;1;1;1;2;2;2;1;2;2;2;1;2;1;2;1;2;1;2;2;3;2;2;2;1;3;2;1;1;1;2;1;4;1;2;2;2;2;2;3;1;3;2;2;7;4;3;4;4;4;4;4;1;1;2;2;2;3;2;3;3;3;3;3;3;4;4;4;4;4;3;3;3;3;3;3;3;3;3;3;3;3;3;3;3;3;3;5;3;1;2;0;0;0;0;0;0;0;0;0;0;0;0;8;3;8;3;8;2;7;2;2;2;2;2;2;4;7;4;2;2;2;2;2;2;1;2;2;3;4;3;4;4;4;4;3;1;2;2;2;2;2;2;2;2;3;2;2;1;2;1;1;3;2;1;8;8;4;6;5;7;3;2;2;2;2;3;3;7;8;3;2;2;3;2;4;1;3;2;3;5;5;7;5;3;8;3;3;3;3;2;3;5;2;3;4;2;2;2;1;2;1;5;2;5;1;1;3;3;3;1;1;2;2;1;2;2;2;1;1;410001;410001;410001;1;4;2;4;2;2;4;4;1;1;1;2;2;3;3;3;7;5;3;8;3;3;8;7;3;8;8;7;7;2;2;2;2;1;3;3;1;1952;65;6;3;1;1;1;410;410;410;1;2;1;2390;1;2;3;2;3;2;0;1;0;1;1;5;4;-5;9;2;1;1;3;5;2;0;100000020;410004;1;1;2;0.8591666666666667;0.7750000000000001;0.3536111111111111;0.37388888888888894;1.0;0.33;0.66;0.6633333333333334;0.66;1.0;1.0;0.8866666666666667;1.0;1.0;1.0;1.0;0.66;1.0;1.0;0.8866666666666667;1.0;0.0;1.0;0.6666666666666666;0.25;0.33;0.33;0.3033333333333334;0.2222222222222222;0.4444444444444444;0.6666666666666666;0.4444444444444445;0.0;0.0;0.0;0.0;1.0;1.0;1.0;1.0;1.0;1.0;1.0;1.0;1.0;1.0;1.0;1.0;0;0;0;1;0;5;7;5;5;3;3;3;3;5;5;7;3;3;5;7;5;4;1;3;200;40000;0;8;5;1;8;8;8;8;5;1;1;2;2;5;5;3;2;2;3;2;2;4;1;4;5;7;3;4
"1-5-0 (2020-11-16)";"doi.org/10.14281/18241.1";2018;410;"KOR";732;"ROK";410070385;20180106;201712;201801;15.1;16.14;64;1;410048;410014;7;4;3;1;385;2390;"ko";2;1;1.0;0.8032128514056225;41453.815261044176;1;2;2;3;1;1;1;1;2;1;2;1;1;2;2;2;2;1;2;1;2;2;2;1;2;2;3;1;2;2;2;3;2;1;1;1;3;3;4;2;2;1;1;2;2;2;2;2;2;2;7;7;5;4;4;4;4;4;1;2;1;2;3;3;3;3;1;3;2;2;3;2;2;3;2;3;2;2;2;3;2;3;3;3;3;3;3;3;3;2;2;3;3;8;3;1;2;2;0;0;0;0;0;0;0;0;2;0;0;8;5;7;5;8;1;5;2;2;2;2;2;1;4;7;3;2;0;2;2;2;2;2;2;3;2;4;4;4;3;4;4;4;1;1;2;2;2;2;2;1;1;1;1;2;2;2;1;1;3;1;2;7;6;6;6;6;7;9;1;1;1;1;3;3;2;4;2;1;1;7;1;1;1;2;1;3;3;5;8;5;1;8;1;1;1;1;1;1;5;2;4;4;3;2;3;1;2;2;5;2;5;1;2;2;2;2;2;2;2;2;2;2;2;2;1;1;-2;-2;-2;1;3;2;3;2;2;3;4;2;3;1;2;4;4;1;3;8;7;1;10;7;1;10;5;5;10;10;7;6;2;2;1;1;2;4;4;2;1956;61;5;3;1;1;1;410;410;410;1;3;1;2390;1;2;2;1;3;2;0;1;1;1;6;1;-3;6;8;-3;2;2;3;3;1;2;20000000;410004;1;1;1;0.4147222222222222;0.4427777777777778;0.3628703703703704;0.3924074074074075;0.5;0.33;0.66;0.49666666666666676;0.0;1.0;0.16666666666666666;0.3888888888888889;0.0;1.0;0.0;0.3333333333333333;0.66;0.33;0.33;0.44;1.0;0.0;1.0;0.6666666666666666;0.25;0.33;0.33;0.3033333333333334;0.2222222222222222;0.4444444444444444;0.7777777777777778;0.48148148148148157;0.0;0.0;0.0;0.0;1.0;1.0;1.0;1.0;1.0;1.0;1.0;1.0;1.0;1.0;1.0;1.0;0;0;0;0;1;7;5;5;6;3;6;3;2;2;3;3;7;2;7;4;6;-3;-3;3;250;25000;500;-3;5;1;-3;-3;-3;8;3;1;1;3;1;3;4;5;3;2;2;2;1;1;1;4;4;3;5;4
"1-5-0 (2020-11-16)";"doi.org/10.14281/18241.1";2018;410;"KOR";732;"ROK";410070386;20180106;201712;201801;15.12;15.32;20;1;410011;410001;8;5;1;1;386;2390;"ko";3;1;1.0;0.8032128514056225;41453.815261044176;1;1;2;2;1;4;1;1;2;1;1;2;2;1;2;2;2;1;2;1;2;2;2;2;2;2;3;2;3;3;3;3;3;3;3;3;3;3;4;4;3;3;4;4;2;3;1;1;2;2;6;6;6;4;4;4;4;4;1;2;1;3;2;3;3;3;3;2;3;3;3;2;2;2;3;3;2;2;2;3;2;2;2;3;2;2;2;2;2;2;2;2;2;3;3;1;2;0;2;0;0;0;0;0;0;0;0;0;0;5;5;5;6;5;2;7;4;2;4;4;3;2;3;5;3;1;0;2;0;0;0;0;0;3;2;4;4;4;4;4;4;4;2;2;2;3;3;2;2;4;2;3;2;1;1;1;3;3;1;1;4;7;6;5;4;4;7;4;2;2;2;2;4;4;7;8;3;1;2;6;3;3;3;2;2;5;2;5;7;5;3;6;2;4;2;2;2;2;6;1;4;4;2;2;3;1;2;1;3;1;2;2;2;2;1;2;2;3;2;2;1;2;2;1;1;1;410002;410002;410002;2;3;3;3;3;2;3;4;4;2;2;3;4;4;3;4;2;6;2;9;6;2;6;6;6;7;7;7;6;2;2;2;2;2;3;3;1;1984;33;2;2;1;1;1;410;410;410;1;2;1;2390;1;0;6;3;6;3;3;2;6;3;1;1;4;3;4;2;2;1;3;5;2;0;100000020;410004;1;1;2;0.665;0.665;0.5937962962962964;0.5625925925925926;0.0;0.33;0.66;0.33;1.0;1.0;1.0;1.0;1.0;1.0;1.0;1.0;0.33;0.33;0.33;0.33;1.0;1.0;1.0;1.0;0.5;0.66;0.66;0.6066666666666668;0.4444444444444444;0.4444444444444444;0.6666666666666666;0.5185185185185185;0.0;0.5;0.25;0.25;1.0;1.0;1.0;1.0;1.0;1.0;1.0;1.0;1.0;1.0;1.0;1.0;1;0;0;0;0;6;6;5;6;6;5;6;6;6;6;6;7;6;7;7;7;4;1;2;400;35000;8500;6;5;2;6;7;7;7;7;1;5;5;4;5;1;1;1;1;1;1;3;2;2;3;6;1;1;4
"1-5-0 (2020-11-16)";"doi.org/10.14281/18241.1";2018;410;"KOR";732;"ROK";410070387;20180106;201712;201801;15.18;15.54;36;1;410047;410013;6;3;4;1;387;2390;"ko";3;1;1.0;0.8032128514056225;41453.815261044176;1;2;2;2;1;3;1;1;1;1;1;2;2;2;2;2;2;1;1;1;1;1;2;1;2;1;2;3;2;2;1;2;1;1;1;1;2;1;5;2;2;2;2;2;1;3;3;2;2;2;8;8;8;2;4;4;3;4;1;2;1;3;4;4;4;4;3;3;3;2;2;4;4;4;4;4;4;3;3;3;2;2;2;2;2;2;2;2;2;2;2;2;2;7;1;1;1;1;0;0;0;0;0;0;0;0;1;0;0;9;8;2;3;2;1;9;4;3;3;4;2;4;3;3;2;0;0;0;0;0;0;1;1;4;3;4;3;3;3;3;2;2;1;2;2;2;2;2;2;3;3;3;1;1;2;1;2;1;3;1;2;7;7;8;6;7;8;3;2;2;2;2;3;3;4;5;2;2;1;6;6;2;2;2;2;1;3;2;3;3;3;2;4;2;2;3;3;2;2;4;4;4;2;2;5;1;3;3;5;5;5;3;3;3;3;1;3;3;3;2;3;2;3;3;2;1;410001;410001;410001;2;2;2;2;3;3;3;3;2;2;1;2;3;4;3;4;9;8;1;9;8;1;4;8;6;6;8;6;6;3;3;2;3;2;2;3;2;1956;61;5;3;1;1;1;410;410;410;1;2;1;2390;1;2;2;1;2;1;0;1;0;1;1;1;4;4;9;2;2;2;3;3;1;7;70000000;410004;1;1;1;0.7758333333333334;0.6083333333333334;0.3327777777777778;0.16555555555555557;0.5;0.66;0.33;0.49666666666666676;0.66;1.0;0.5;0.7200000000000001;1.0;1.0;1.0;1.0;0.66;1.0;1.0;0.8866666666666667;1.0;1.0;1.0;1.0;0.0;0.33;0.33;0.22;0.0;0.1111111111111111;0.2222222222222222;0.1111111111111111;0.0;0.0;0.0;0.0;1.0;1.0;1.0;1.0;1.0;1.0;1.0;1.0;1.0;1.0;1.0;1.0;0;0;0;0;1;7;3;6;6;4;4;4;4;5;3;3;7;3;4;4;3;4;2;3;300;25000;5000;9;3;1;9;8;8;8;6;1;4;5;3;4;9;6;5;3;2;2;4;4;1;3;5;9;6;4
"1-5-0 (2020-11-16)";"doi.org/10.14281/18241.1";2018;410;"KOR";732;"ROK";410070388;20180106;201712;201801;15.22;15.58;36;1;410011;410001;8;5;1;1;388;2390;"ko";2;1;1.0;0.8032128514056225;41453.815261044176;1;1;2;2;1;2;1;2;1;1;2;2;2;1;2;2;1;1;2;1;1;1;2;1;2;1;2;1;1;4;4;1;1;1;1;1;1;1;5;4;4;1;1;3;2;3;2;2;3;3;8;2;1;4;4;4;4;4;1;2;1;1;2;3;2;4;2;3;4;2;2;2;3;2;3;2;2;4;2;3;2;2;2;2;2;2;2;2;2;2;2;2;2;10;3;1;2;1;0;0;0;0;0;0;0;0;0;0;0;8;10;7;9;9;2;10;3;3;3;4;4;2;1;9;2;2;0;2;0;0;2;1;2;3;4;4;4;4;4;4;4;4;1;1;2;2;2;2;2;4;4;4;1;1;2;1;2;4;3;1;3;9;10;7;3;8;7;2;1;2;2;2;2;4;3;4;2;1;2;2;3;2;2;1;2;3;2;9;10;9;3;2;1;1;1;2;1;2;10;4;4;4;2;2;5;3;5;1;4;1;3;1;2;2;2;2;2;2;2;2;2;2;2;2;3;2;410002;410002;410002;2;2;2;3;3;3;2;2;3;3;1;2;4;4;1;3;2;9;2;8;9;3;4;8;9;8;8;9;9;2;4;3;3;3;4;4;2;1974;43;3;2;1;1;1;410;410;410;1;4;1;2390;1;4;3;2;3;2;0;1;2;1;5;1;-3;8;5;-3;2;3;5;2;1;1;10100000;410004;2;2;0;0.5952777777777777;0.5822222222222222;0.34175925925925926;0.5185185185185185;0.5;1.0;0.33;0.61;0.33;1.0;0.3333333333333333;0.5544444444444444;1.0;0.0;1.0;0.6666666666666666;0.66;0.33;0.66;0.5499999999999999;0.0;0.0;0.0;0.0;0.0;0.0;1.0;0.3333333333333333;0.2222222222222222;0.8888888888888888;1.0;0.7037037037037037;0.66;0.0;0.33;0.33;1.0;1.0;1.0;1.0;1.0;1.0;1.0;1.0;1.0;1.0;1.0;1.0;0;1;0;0;1;3;3;5;6;2;4;2;3;2;2;3;2;7;4;2;7;-3;-3;5;200;22000;1500;-3;3;2;-3;-3;-3;2;5;4;4;1;6;9;1;1;3;5;3;1;4;4;1;1;8;1;1;4
"1-5-0 (2020-11-16)";"doi.org/10.14281/18241.1";2018;410;"KOR";732;"ROK";410070389;20180106;201712;201801;15.24;15.45;21;1;410011;410001;8;5;1;1;389;2390;"ko";2;1;1.0;0.8032128514056225;41453.815261044176;1;1;1;2;2;2;1;2;1;1;1;2;1;2;2;2;2;1;2;1;2;1;2;2;2;2;2;4;2;3;2;2;2;1;3;3;3;3;2;3;2;3;2;2;3;3;1;2;2;2;8;9;8;4;3;4;4;4;3;2;2;1;2;1;2;2;2;1;1;2;1;2;2;1;2;2;1;2;1;2;2;1;2;2;2;2;1;1;2;1;1;2;2;8;1;2;1;0;0;0;0;0;0;0;0;0;0;0;0;8;7;8;7;8;1;6;2;1;2;1;2;2;2;9;4;0;2;0;0;0;0;0;0;1;1;2;2;3;4;3;4;3;2;2;2;2;2;2;2;1;2;2;2;2;1;2;1;2;3;2;1;7;8;8;8;7;8;9;1;2;2;2;2;2;7;3;1;1;2;5;7;3;2;2;2;2;2;2;2;2;2;2;2;2;2;2;2;3;2;3;3;2;2;2;4;1;3;2;4;1;3;2;2;3;3;3;1;2;2;2;3;3;3;3;2;2;410001;410001;410001;2;3;1;2;1;2;2;2;2;2;1;2;1;2;2;2;7;7;6;7;7;7;6;7;6;7;7;6;6;1;2;2;1;1;2;2;2;1966;51;4;3;1;1;1;410;410;410;1;4;1;2390;1;2;3;2;6;3;1;1;1;1;1;1;5;3;9;2;2;2;2;7;2;1;10100000;410004;2;2;0;0.5125000000000001;0.41500000000000004;0.38027777777777777;0.26222222222222225;0.5;0.33;0.33;0.3866666666666667;0.33;0.0;1.0;0.44333333333333336;1.0;1.0;1.0;1.0;0.0;0.33;0.33;0.22;0.0;1.0;1.0;0.6666666666666666;0.25;0.33;0.66;0.41333333333333333;0.1111111111111111;0.1111111111111111;0.1111111111111111;0.1111111111111111;0.66;0.0;0.33;0.33;1.0;1.0;1.0;1.0;1.0;1.0;1.0;1.0;1.0;1.0;1.0;1.0;0;1;0;1;0;8;8;7;8;8;7;8;8;7;8;7;8;8;8;7;8;1;3;2;600;60000;0;8;7;1;8;9;8;7;8;1;1;2;2;5;8;4;4;2;2;2;2;3;2;4;5;8;4;4
"1-5-0 (2020-11-16)";"doi.org/10.14281/18241.1";2018;410;"KOR";732;"ROK";410070390;20180106;201712;201801;15.28;16.06;37;1;410041;410007;8;5;2;1;390;2390;"ko";2;1;1.0;0.8032128514056225;41453.815261044176;2;1;2;2;2;3;1;1;2;1;1;1;2;2;2;2;2;1;2;1;2;1;2;2;2;2;2;3;2;1;2;2;2;1;2;1;2;1;2;3;3;2;2;2;2;1;2;3;2;2;6;7;7;4;4;4;4;4;1;2;2;3;3;3;3;3;1;2;2;3;3;3;3;3;3;3;3;3;3;3;3;3;3;3;3;3;3;2;2;3;2;2;2;5;3;1;2;0;0;0;0;0;0;0;0;0;0;0;0;8;3;7;2;2;1;5;2;2;2;3;2;2;2;5;2;1;2;2;2;2;2;2;2;3;3;3;2;4;4;4;2;2;2;2;2;1;3;2;2;3;3;3;1;2;1;3;2;4;2;2;3;5;6;2;5;3;4;5;2;2;2;2;4;4;7;8;3;1;1;5;5;1;1;1;1;5;5;6;6;7;5;7;1;5;2;2;7;5;7;2;3;3;2;1;3;1;3;1;3;1;1;1;2;2;2;2;2;2;2;2;1;2;2;2;3;3;-2;-2;-2;2;3;2;2;3;3;2;3;2;2;2;2;1;2;2;2;6;5;5;5;5;2;6;8;7;7;6;6;7;2;2;2;2;2;3;3;1;1995;22;1;1;1;1;1;410;410;410;1;4;2;2390;6;0;3;2;-3;-3;6;3;6;3;6;-3;-3;-3;3;-3;2;1;3;5;2;0;100000020;410004;5;3;1;0.4975;0.72;0.677962962962963;0.3559259259259259;1.0;0.33;0.33;0.5533333333333333;0.66;1.0;1.0;0.8866666666666667;0.0;0.0;0.0;0.0;0.33;0.66;0.66;0.55;1.0;1.0;1.0;1.0;0.25;0.33;0.0;0.19333333333333336;0.4444444444444444;0.5555555555555556;0.5555555555555556;0.5185185185185185;1.0;1.0;1.0;1.0;1.0;1.0;1.0;1.0;1.0;1.0;1.0;1.0;1.0;1.0;1.0;1.0;1;1;1;1;1;6;6;6;7;7;6;6;5;5;6;6;6;6;5;5;6;-3;-3;3;600;80000;3000;-3;6;1;-3;-3;-3;6;2;2;1;7;3;5;3;3;7;3;2;4;2;1;2;2;5;2;5;-3
"1-5-0 (2020-11-16)";"doi.org/10.14281/18241.1";2018;410;"KOR";732;"ROK";410070391;20180106;201712;201801;15.3;15.5;20;1;410041;410007;8;5;2;1;391;2390;"ko";2;1;1.0;0.8032128514056225;41453.815261044176;1;1;2;3;1;3;2;1;1;1;2;1;1;2;2;2;2;1;2;1;2;2;2;1;2;2;2;3;2;1;3;3;2;1;1;1;3;3;2;2;3;3;3;2;2;1;2;2;2;2;7;6;5;4;4;4;4;4;1;1;1;2;1;3;3;3;4;4;2;2;4;4;4;4;4;4;2;3;2;4;2;4;4;4;2;2;2;3;3;2;2;2;2;8;3;2;2;0;0;0;0;0;0;0;0;0;0;0;0;4;6;4;7;6;1;6;3;4;2;3;2;1;0;4;3;2;2;2;2;2;2;1;0;3;2;4;4;4;4;4;4;4;2;2;2;3;2;2;2;4;4;4;2;2;1;4;3;4;2;2;3;6;4;7;7;5;6;1;2;2;2;2;4;4;7;8;3;2;2;7;4;1;1;1;1;7;6;8;9;6;1;8;1;1;1;6;7;5;8;2;1;2;2;2;3;1;2;1;2;2;2;2;3;3;3;3;3;3;3;3;3;3;3;3;1;1;410002;410002;410002;2;4;4;4;2;2;4;3;2;1;2;4;4;3;4;4;6;7;1;6;5;1;5;3;5;6;5;8;7;2;1;3;2;2;2;3;2;1974;43;3;2;1;1;1;410;410;410;1;4;1;2390;1;2;6;3;6;3;2;1;3;2;1;1;3;3;7;2;2;2;3;4;2;0;100000020;410004;5;3;1;0.5408333333333333;0.5816666666666667;0.5969444444444444;0.4855555555555555;0.5;0.0;0.33;0.27666666666666667;0.66;1.0;1.0;0.8866666666666667;0.0;0.0;0.0;0.0;1.0;1.0;1.0;1.0;1.0;0.0;1.0;0.6666666666666666;0.25;0.33;0.0;0.19333333333333336;0.6666666666666666;0.7777777777777778;0.8888888888888888;0.7777777777777777;1.0;0.5;0.75;0.75;1.0;1.0;1.0;1.0;1.0;1.0;1.0;1.0;1.0;1.0;1.0;1.0;1;1;1;1;1;6;8;7;4;3;6;4;5;3;7;5;7;4;8;7;6;1;3;3;580;36000;3500;7;5;1;5;7;6;5;4;3;2;3;5;5;3;3;2;2;2;1;2;3;2;2;6;5;5;4
"1-5-0 (2020-11-16)";"doi.org/10.14281/18241.1";2018;410;"KOR";732;"ROK";410070392;20180106;201712;201801;15.37;16.06;28;1;410041;410007;8;5;2;1;392;2390;"ko";1;1;1.0;0.8032128514056225;41453.815261044176;1;1;2;2;1;2;1;1;2;1;2;1;2;2;1;2;2;1;2;1;2;1;2;1;2;2;2;3;3;3;3;3;3;3;4;2;3;3;2;3;4;3;4;3;2;2;2;3;3;2;6;6;6;4;4;4;4;4;1;2;1;1;2;3;3;3;3;3;3;3;2;2;2;3;3;4;2;2;3;3;2;2;1;1;2;2;2;1;1;2;1;1;1;5;3;1;2;2;0;0;0;0;0;0;0;0;0;0;0;7;5;7;4;3;2;5;2;3;2;2;3;2;3;7;4;2;2;1;0;0;1;0;0;1;3;2;2;4;4;4;3;3;1;1;2;2;2;2;2;2;2;3;1;2;1;2;4;1;3;1;3;5;7;8;7;7;8;8;1;1;1;1;2;2;2;2;2;1;1;4;1;3;1;1;1;3;1;5;5;4;1;4;1;1;1;1;1;1;6;4;4;4;3;2;5;1;5;1;5;1;5;1;3;2;2;2;2;2;2;2;1;2;2;2;2;1;-2;-2;-2;1;4;2;3;2;2;4;4;2;1;1;2;2;3;1;3;5;7;7;8;8;4;8;7;6;9;9;9;6;3;3;1;1;1;3;3;2;1962;55;5;3;1;1;1;410;410;410;1;3;1;2390;1;1;3;2;3;2;1;1;1;1;2;1;5;6;9;2;2;2;3;6;2;2;20000000;410004;1;1;0;0.48388888888888887;0.5811111111111111;0.4109259259259259;0.4885185185185186;1.0;0.66;0.33;0.6633333333333334;0.33;1.0;0.16666666666666666;0.49888888888888894;1.0;0.0;0.0;0.3333333333333333;0.66;0.33;0.33;0.44;1.0;0.0;1.0;0.6666666666666666;0.5;0.66;0.66;0.6066666666666668;0.2222222222222222;0.4444444444444444;0.4444444444444444;0.3703703703703704;0.0;0.0;0.0;0.0;1.0;1.0;1.0;1.0;1.0;1.0;1.0;1.0;1.0;1.0;1.0;1.0;0;0;0;0;1;5;5;5;6;5;5;5;5;3;3;3;6;2;6;7;5;2;6;2;500;35000;0;7;5;1;8;7;6;6;6;1;1;3;4;6;2;3;3;3;3;6;3;3;1;3;5;3;3;4
"1-5-0 (2020-11-16)";"doi.org/10.14281/18241.1";2018;410;"KOR";732;"ROK";410070393;20180106;201712;201801;15.38;17.03;85;1;410041;410007;8;5;2;1;393;2390;"ko";2;2;1.0;0.8032128514056225;41453.815261044176;1;1;1;3;1;2;1;1;1;2;1;2;1;2;2;2;2;1;2;1;2;1;2;1;2;2;1;2;1;2;2;2;2;1;2;1;3;3;2;3;2;3;2;3;3;2;2;2;2;2;6;5;6;2;3;3;2;3;3;2;2;1;1;2;1;2;2;2;3;2;3;2;2;1;3;2;2;2;3;2;3;2;3;2;1;1;3;2;3;2;3;2;3;7;1;1;2;0;0;0;0;0;0;0;0;0;0;0;0;7;6;7;6;5;2;7;3;3;2;3;2;2;2;5;2;2;1;1;2;1;1;2;1;2;2;2;2;3;2;3;2;2;1;1;1;2;2;2;2;4;4;4;1;1;1;3;4;2;3;3;2;8;7;8;8;7;7;8;2;2;2;2;2;2;5;4;2;1;2;4;3;2;1;1;1;3;1;3;4;3;1;1;1;2;1;2;1;2;3;4;4;4;3;2;4;1;5;1;5;1;5;1;2;3;3;3;3;3;3;3;2;2;3;3;1;1;410002;410002;410002;2;1;2;2;2;3;2;2;2;2;1;2;3;2;2;2;5;7;5;7;8;3;9;7;4;7;7;8;8;2;2;1;1;2;3;3;2;1958;59;5;3;1;1;1;410;410;410;1;4;1;2390;1;2;3;2;3;2;1;1;1;1;1;1;3;3;3;2;2;1;3;4;2;0;100000020;410004;4;2;1;0.4013888888888889;0.47111111111111115;0.5706481481481482;0.2262962962962963;0.5;0.33;0.0;0.27666666666666667;0.33;1.0;0.6666666666666666;0.6655555555555556;1.0;0.0;0.0;0.3333333333333333;0.33;0.33;0.33;0.33;1.0;1.0;1.0;1.0;0.25;0.0;0.33;0.19333333333333336;0.2222222222222222;0.2222222222222222;0.3333333333333333;0.25925925925925924;0.66;1.0;0.8300000000000001;0.8300000000000001;1.0;1.0;1.0;1.0;1.0;1.0;1.0;1.0;1.0;1.0;1.0;1.0;1;1;0;1;1;5;8;7;7;7;7;6;7;6;6;5;6;6;6;6;6;1;5;3;450;32000;4000;7;5;1;7;6;7;6;5;1;2;3;4;7;1;2;2;3;2;1;3;3;3;3;8;1;2;4
"1-5-0 (2020-11-16)";"doi.org/10.14281/18241.1";2018;410;"KOR";732;"ROK";410070394;20180106;201712;201801;15.4;16.36;56;1;410011;410001;8;5;1;1;394;2390;"ko";2;1;1.0;0.8032128514056225;41453.815261044176;1;2;2;2;1;3;1;1;1;1;2;1;2;2;2;2;2;1;2;1;2;1;2;2;2;2;2;3;3;4;2;3;4;2;2;1;4;2;3;2;3;2;1;3;2;2;1;3;2;1;8;8;8;4;4;4;4;4;3;1;1;2;2;3;3;3;2;2;2;2;2;2;2;3;4;4;2;2;2;2;2;2;2;2;2;2;2;2;2;2;2;2;2;4;3;1;2;0;0;0;0;0;0;0;0;0;0;0;0;7;6;5;4;2;2;2;1;1;1;1;1;1;2;9;3;2;0;2;0;2;2;0;0;2;2;4;4;4;4;4;4;4;2;2;2;3;3;2;2;3;3;3;1;2;1;1;2;1;3;2;4;8;6;8;6;8;6;6;2;2;2;2;3;3;6;7;2;1;2;2;6;1;1;1;1;3;1;3;5;5;1;3;1;1;1;1;1;1;2;4;4;4;3;3;1;1;2;1;3;1;2;2;3;3;2;3;3;3;3;3;3;3;3;3;1;1;410002;410002;410002;1;4;4;4;1;1;4;4;1;1;1;1;3;3;1;4;6;7;2;9;8;5;8;8;5;9;9;8;8;2;1;1;1;1;2;2;1;1980;37;3;2;1;1;1;410;410;410;1;2;1;2390;1;0;6;3;5;3;3;2;3;2;1;5;3;-5;3;2;1;1;3;5;2;1;10100000;410004;1;1;1;0.4011111111111112;0.6372222222222224;0.441574074074074;0.5498148148148148;1.0;0.0;0.33;0.44333333333333336;0.66;1.0;0.8333333333333334;0.8311111111111112;0.0;0.0;0.0;0.0;0.33;0.33;0.33;0.33;1.0;0.0;1.0;0.6666666666666666;0.75;0.66;1.0;0.8033333333333333;0.2222222222222222;0.2222222222222222;0.4444444444444444;0.2962962962962963;0.0;0.0;0.0;0.0;1.0;1.0;1.0;1.0;1.0;1.0;1.0;1.0;1.0;1.0;1.0;1.0;0;0;0;1;0;8;7;6;8;6;7;5;5;7;6;7;8;6;6;7;7;1;6;2;400;38500;1200;8;5;2;9;8;9;8;5;1;1;4;7;8;2;4;4;6;2;1;2;2;1;2;9;1;1;1
"1-5-0 (2020-11-16)";"doi.org/10.14281/18241.1";2018;410;"KOR";732;"ROK";410070395;20180106;201712;201801;15.42;16.03;21;1;410011;410001;8;5;1;1;395;2390;"ko";2;1;1.0;0.8032128514056225;41453.815261044176;2;1;2;3;2;2;1;1;1;1;1;2;2;2;2;2;2;1;2;1;2;1;2;1;1;2;2;2;3;3;2;3;3;3;3;3;4;2;3;3;3;4;4;4;1;3;1;1;1;2;8;8;8;4;4;4;4;4;3;2;1;2;2;3;3;3;2;2;3;3;3;2;3;2;3;3;2;2;2;2;2;2;3;3;2;2;2;2;2;2;2;2;2;2;3;1;2;2;0;0;0;0;0;0;0;0;0;0;2;6;6;6;5;6;2;6;3;4;4;2;3;2;4;7;4;2;2;2;0;1;1;0;0;2;2;4;4;4;4;4;4;4;2;2;2;2;3;2;2;4;4;4;1;1;1;1;2;3;2;1;4;7;7;6;4;4;7;7;1;1;1;1;3;3;2;4;1;1;2;6;3;3;2;2;2;2;2;4;7;4;2;6;1;1;1;1;1;1;6;1;4;4;3;3;5;2;3;2;5;3;3;3;2;2;1;2;1;3;2;2;2;2;2;2;4;4;8;8;8;2;3;3;3;2;2;3;4;4;2;2;3;3;4;2;4;4;6;2;9;8;1;5;6;5;7;8;8;7;2;2;2;2;2;2;3;1;1998;19;1;1;1;1;1;410;410;410;1;4;2;2390;6;0;2;1;-3;-3;3;2;6;3;6;-3;-3;-3;3;-3;2;2;3;5;2;1;10100000;410004;1;2;1;0.45638888888888884;0.19277777777777777;0.5355092592592593;0.4885185185185186;0.0;0.33;0.33;0.22;0.33;0.0;0.16666666666666666;0.16555555555555557;1.0;1.0;1.0;1.0;0.33;0.33;0.66;0.44;1.0;1.0;1.0;1.0;0.5;0.66;0.66;0.6066666666666668;0.1111111111111111;0.3333333333333333;0.6666666666666666;0.3703703703703704;0.33;0.0;0.165;0.165;1.0;1.0;1.0;1.0;1.0;1.0;1.0;1.0;1.0;1.0;1.0;1.0;0;0;1;0;0;8;8;7;7;7;6;6;5;6;6;6;8;7;8;8;7;-3;-3;3;500;28000;0;9;5;1;9;9;9;9;4;1;5;5;3;5;2;2;2;1;1;8;2;2;2;2;7;2;2;-3
"1-5-0 (2020-11-16)";"doi.org/10.14281/18241.1";2018;410;"KOR";732;"ROK";410070396;20180106;201712;201801;15.44;16.33;48;1;410041;410007;8;5;2;1;396;2390;"ko";2;2;1.0;0.8032128514056225;41453.815261044176;1;2;2;2;2;2;2;2;2;1;1;1;1;2;1;2;2;1;2;1;2;1;1;1;1;2;2;1;2;1;2;2;1;1;2;1;2;1;5;2;2;1;1;2;2;1;1;2;2;2;8;9;9;4;4;4;4;4;1;1;1;1;2;3;3;2;1;3;2;2;3;2;2;2;3;2;2;2;2;3;2;2;2;2;2;2;1;1;1;1;1;1;1;8;2;3;1;2;1;0;0;0;0;0;0;0;1;0;0;7;4;7;4;2;1;8;3;3;4;3;4;4;2;9;3;2;1;1;1;0;1;1;1;3;2;4;4;3;4;4;4;4;2;2;2;3;3;2;2;4;3;4;2;1;1;3;1;1;3;1;3;9;8;6;8;2;8;10;1;1;1;1;2;2;1;2;2;1;1;3;5;4;1;1;2;3;4;4;4;5;1;1;1;1;1;3;3;4;2;2;4;4;2;2;2;2;2;2;5;2;2;2;1;2;1;2;1;2;2;2;2;2;2;2;1;1;410002;410002;410002;2;3;4;3;3;3;3;4;3;2;1;1;2;3;4;3;4;6;7;8;6;1;8;8;5;8;9;6;6;2;2;2;1;1;2;2;2;1966;51;4;3;1;1;1;410;410;410;1;4;1;2390;1;2;5;3;6;3;2;1;3;2;1;1;5;3;3;2;2;2;3;6;2;2;20000000;410004;2;1;-1;0.48416666666666663;0.41500000000000004;0.3932407407407407;0.20314814814814813;0.5;0.33;0.33;0.3866666666666667;0.33;1.0;0.0;0.44333333333333336;1.0;0.0;1.0;0.6666666666666666;0.66;0.33;0.33;0.44;0.0;1.0;1.0;0.6666666666666666;0.0;0.33;0.0;0.11;0.2222222222222222;0.3333333333333333;0.3333333333333333;0.2962962962962963;0.0;1.0;0.5;0.5;1.0;1.0;1.0;1.0;1.0;1.0;1.0;1.0;1.0;1.0;1.0;1.0;1;0;0;0;1;7;5;5;6;5;2;3;4;3;4;5;7;6;8;5;4;4;1;3;400;29000;4000;8;5;1;8;7;9;7;6;1;2;5;6;8;2;3;4;4;2;1;3;1;2;2;8;2;5;4
"1-5-0 (2020-11-16)";"doi.org/10.14281/18241.1";2018;410;"KOR";732;"ROK";410070397;20180106;201712;201801;15.51;17.14;83;1;410048;410014;7;4;3;1;397;2390;"ko";2;1;1.0;0.8032128514056225;41453.815261044176;1;2;2;2;1;2;1;2;1;1;2;1;1;2;2;2;2;1;2;1;2;1;2;1;2;2;1;2;3;4;3;3;3;3;2;1;4;2;3;3;4;2;3;4;2;2;1;3;2;2;7;7;7;4;4;4;4;4;1;1;2;3;2;3;2;3;3;3;3;3;3;3;2;3;3;3;2;2;2;3;2;3;3;3;2;2;2;2;2;2;2;2;2;6;3;1;2;0;0;0;0;0;0;0;0;0;1;0;0;7;5;5;5;7;1;6;2;2;2;2;2;2;2;6;2;0;0;0;0;0;0;1;1;3;3;3;3;3;4;4;4;3;2;1;2;2;2;2;2;2;3;3;1;1;1;2;3;3;4;4;2;7;8;2;2;1;7;5;1;1;1;1;3;3;6;7;2;2;2;7;5;5;1;1;1;5;1;3;6;4;1;1;1;1;1;1;1;1;5;3;4;4;2;2;2;1;4;1;4;1;3;2;2;2;2;2;2;3;3;3;2;2;2;2;2;2;410002;410002;410002;2;3;3;3;2;2;4;4;2;2;2;3;3;4;1;4;6;7;1;9;6;1;7;6;1;6;7;7;7;2;2;2;2;2;2;2;1;1988;29;2;1;1;1;1;410;410;410;1;3;1;2390;1;1;6;3;6;3;3;2;3;2;1;5;3;-5;9;1;1;1;3;6;2;7;70000000;410004;3;2;0;0.5119444444444444;0.5822222222222222;0.46893518518518523;0.5637037037037038;1.0;0.33;0.0;0.44333333333333336;0.33;1.0;0.8333333333333334;0.7211111111111111;1.0;0.0;0.0;0.3333333333333333;0.66;0.66;0.33;0.5499999999999999;0.0;0.0;1.0;0.3333333333333333;0.5;0.66;1.0;0.7200000000000001;0.4444444444444444;0.2222222222222222;0.5555555555555556;0.40740740740740744;0.33;0.5;0.41500000000000004;0.41500000000000004;1.0;1.0;1.0;1.0;1.0;1.0;1.0;1.0;1.0;1.0;1.0;1.0;1;0;1;0;1;6;6;6;6;5;5;6;6;6;6;6;7;5;6;7;6;1;7;3;350;20000;5000;7;6;1;8;8;7;7;7;1;2;6;6;7;5;6;5;5;2;1;3;2;2;3;8;5;6;4
"1-5-0 (2020-11-16)";"doi.org/10.14281/18241.1";2018;410;"KOR";732;"ROK";410070398;20180106;201712;201801;15.52;16.12;20;1;410048;410014;7;4;3;1;398;2390;"ko";2;1;1.0;0.8032128514056225;41453.815261044176;1;2;2;3;3;3;1;1;1;1;1;2;2;2;2;2;2;1;2;2;2;1;2;1;2;2;3;2;3;3;3;3;4;2;1;1;4;2;2;2;2;2;2;2;2;3;1;3;2;2;8;8;5;4;4;4;4;4;1;1;1;2;2;2;2;2;2;3;3;3;3;3;3;3;3;3;2;2;2;3;2;2;2;2;2;2;2;2;2;2;2;2;2;5;3;1;2;0;0;0;0;0;0;0;0;0;0;0;0;5;5;3;3;8;2;5;2;2;2;2;2;2;4;8;4;2;2;2;2;2;2;2;1;3;3;4;3;3;4;4;3;4;1;1;2;2;2;2;2;2;2;3;1;1;2;1;2;3;1;1;2;8;8;8;6;3;8;8;1;1;1;1;2;2;1;1;1;1;1;3;2;2;1;4;2;5;3;3;8;8;3;5;2;2;3;3;3;3;8;3;3;4;2;2;5;1;5;1;3;1;3;1;1;2;2;3;1;1;2;2;1;2;2;2;1;1;410002;410002;410002;1;4;2;4;2;1;4;4;1;1;1;3;2;4;2;4;5;5;5;8;5;3;8;3;3;8;8;6;7;2;2;1;2;1;3;3;2;1977;40;3;2;1;1;1;410;410;410;1;1;1;2390;1;1;6;3;6;3;3;2;3;2;2;1;8;3;9;2;2;2;3;3;1;2;20000000;410004;1;1;1;0.6358333333333334;0.4416666666666667;0.5428703703703703;0.5857407407407408;1.0;0.33;0.66;0.6633333333333334;0.66;0.0;0.0;0.22;1.0;1.0;1.0;1.0;0.66;0.66;0.66;0.66;1.0;1.0;1.0;1.0;0.75;0.66;0.66;0.6900000000000001;0.4444444444444444;0.2222222222222222;0.7777777777777778;0.48148148148148145;0.0;0.0;0.0;0.0;1.0;1.0;1.0;1.0;1.0;1.0;1.0;1.0;1.0;1.0;1.0;1.0;0;0;0;0;1;8;5;5;5;3;3;3;3;3;3;5;8;3;7;5;3;5;1;5;350;25000;0;-3;4;1;-3;-3;-3;8;3;1;1;1;5;7;2;3;2;1;2;1;2;3;1;3;8;2;2;4
"1-5-0 (2020-11-16)";"doi.org/10.14281/18241.1";2018;410;"KOR";732;"ROK";410070399;20180106;201712;201801;15.55;16.33;37;1;410041;410007;8;5;2;1;399;2390;"ko";3;1;1.0;0.8032128514056225;41453.815261044176;1;2;2;4;1;1;1;2;1;1;2;2;1;2;1;2;2;1;2;1;2;1;2;1;2;2;3;3;2;2;3;4;2;1;1;1;2;1;5;3;1;1;2;3;2;1;2;3;2;3;6;6;4;4;4;4;4;4;1;2;1;2;2;3;2;2;1;2;2;2;2;2;2;2;3;3;2;2;2;3;2;2;2;2;2;2;2;2;2;2;2;2;2;6;3;2;2;2;0;0;0;0;0;0;0;0;0;0;0;8;5;9;5;5;1;7;2;2;2;2;2;1;3;6;2;2;1;2;1;2;1;2;2;2;2;3;3;4;4;4;4;4;2;2;2;2;4;2;2;2;2;2;2;2;1;2;3;3;1;1;2;8;8;7;4;7;8;10;1;1;1;1;3;3;2;2;1;2;1;4;3;5;2;1;1;3;3;5;7;7;4;7;1;1;3;1;4;1;8;2;3;4;4;2;5;1;4;3;5;3;5;1;2;2;2;2;2;2;2;2;3;3;3;3;1;1;410002;410002;410002;1;3;2;3;2;2;4;4;1;3;1;1;2;3;3;4;5;7;3;10;7;1;10;4;1;8;9;8;7;3;2;2;2;2;2;3;2;1952;65;6;3;1;1;1;410;410;410;1;3;1;2390;1;1;3;2;3;2;0;1;0;1;1;1;5;7;6;2;2;1;3;5;2;2;20000000;410004;2;1;-1;0.3455555555555556;0.3594444444444445;0.3327777777777778;0.37388888888888894;1.0;0.33;0.66;0.6633333333333334;0.0;0.0;0.16666666666666666;0.05555555555555555;1.0;0.0;0.0;0.3333333333333333;0.33;0.33;0.33;0.33;0.0;0.0;1.0;0.3333333333333333;0.25;0.33;0.33;0.3033333333333334;0.2222222222222222;0.4444444444444444;0.6666666666666666;0.4444444444444445;0.0;0.5;0.25;0.25;1.0;1.0;1.0;1.0;1.0;1.0;1.0;1.0;1.0;1.0;1.0;1.0;1;0;0;0;1;7;7;6;8;4;6;3;4;4;6;7;7;5;8;8;5;4;1;3;400;20000;0;8;4;1;8;8;8;7;4;1;1;3;6;8;1;5;5;5;2;1;2;4;1;1;8;1;5;4
"1-5-0 (2020-11-16)";"doi.org/10.14281/18241.1";2018;410;"KOR";732;"ROK";410070400;20180106;201712;201801;16.0;16.28;28;1;410011;410001;8;5;1;1;400;2390;"ko";2;1;1.0;0.8032128514056225;41453.815261044176;1;2;1;1;1;2;1;1;2;1;1;1;2;2;2;2;2;1;2;1;2;1;2;1;2;2;2;4;2;3;2;2;4;2;3;3;3;3;2;3;2;3;2;3;1;2;2;2;2;1;8;8;7;4;4;4;4;4;3;2;1;2;1;1;2;2;2;1;1;2;2;1;2;2;1;2;2;1;2;2;1;2;2;1;2;2;1;2;1;2;2;1;2;8;1;2;2;0;0;0;0;0;0;0;0;0;0;0;0;7;8;8;8;8;1;7;3;4;4;3;3;2;2;8;4;1;2;2;1;1;2;2;2;2;2;3;2;2;3;3;3;3;1;2;1;2;1;1;1;2;1;1;2;1;1;1;2;2;3;1;3;8;7;7;6;5;8;7;2;1;1;2;2;2;7;8;3;1;2;5;6;2;2;3;2;3;2;2;2;2;2;2;2;2;2;2;2;2;2;2;2;2;2;2;4;1;3;2;3;1;2;2;3;3;3;3;3;3;3;3;3;3;3;3;1;1;410001;410001;410001;2;1;2;1;1;2;2;1;2;1;2;2;1;3;2;2;7;8;7;8;7;8;7;7;8;7;8;7;8;2;2;2;1;1;2;2;1;1969;48;4;2;1;1;1;410;410;410;1;3;1;2390;1;1;3;2;3;2;1;1;1;1;1;1;4;3;9;2;1;2;3;7;2;7;70000000;410004;2;2;1;0.5683333333333334;0.5816666666666668;0.514537037037037;0.3640740740740741;0.5;0.33;0.33;0.3866666666666667;0.33;1.0;1.0;0.7766666666666667;1.0;1.0;1.0;1.0;0.0;0.0;0.33;0.11;1.0;1.0;1.0;1.0;0.75;0.33;0.66;0.5800000000000001;0.2222222222222222;0.1111111111111111;0.1111111111111111;0.14814814814814814;0.66;0.0;0.33;0.33;1.0;1.0;1.0;1.0;1.0;1.0;1.0;1.0;1.0;1.0;1.0;1.0;0;1;0;0;1;7;8;7;8;7;7;8;7;8;7;8;8;7;8;7;7;4;2;2;550;50000;2000;8;6;1;8;8;7;7;8;1;1;2;1;5;8;2;2;3;2;2;2;3;3;2;4;8;2;4
"1-5-0 (2020-11-16)";"doi.org/10.14281/18241.1";2018;410;"KOR";732;"ROK";410070401;20180106;201712;201801;16.03;16.31;27;1;410026;410002;8;5;2;1;401;2390;"ko";3;2;1.0;0.8032128514056225;41453.815261044176;1;2;3;3;1;4;1;1;1;1;1;2;2;2;2;2;2;1;2;2;2;1;2;1;2;2;1;4;2;2;3;2;1;1;1;1;2;1;1;2;4;1;2;2;2;3;2;2;3;1;4;5;4;3;4;4;2;4;1;2;1;3;2;3;3;3;4;3;4;3;3;3;3;3;3;3;3;3;3;3;3;3;3;3;3;3;3;3;3;3;3;3;3;3;3;1;1;0;0;0;0;0;0;0;0;0;0;0;0;6;6;7;6;6;1;7;2;3;2;2;3;1;3;5;3;2;2;2;1;2;2;1;1;2;3;3;3;4;4;4;4;4;2;2;2;1;2;2;2;3;2;3;1;2;1;1;2;2;3;1;3;8;8;8;6;8;8;8;2;2;2;2;4;4;7;7;3;2;2;3;6;1;1;3;4;5;5;5;7;7;4;9;1;6;5;1;3;1;8;1;3;3;3;2;5;2;5;2;5;2;4;3;3;3;3;3;3;2;2;2;3;3;3;3;2;2;-2;-2;-2;2;3;4;3;3;2;2;3;2;3;2;4;4;4;1;4;8;8;1;8;5;1;8;8;8;8;9;9;9;2;2;2;1;2;2;3;1;1974;43;3;2;1;1;1;410;410;410;1;4;1;2390;1;2;3;2;3;2;1;1;2;1;1;2;8;5;6;2;1;3;4;7;2;0;100000020;410004;2;2;1;0.6508333333333334;0.6383333333333333;0.5171296296296296;0.36925925925925923;0.5;0.33;0.0;0.27666666666666667;1.0;1.0;1.0;1.0;0.0;1.0;1.0;0.6666666666666666;0.66;0.66;0.66;0.66;1.0;1.0;1.0;1.0;0.0;0.33;0.33;0.22;0.4444444444444444;0.4444444444444444;0.6666666666666666;0.5185185185185185;0.66;0.0;0.33;0.33;1.0;1.0;1.0;1.0;1.0;1.0;1.0;1.0;1.0;1.0;1.0;1.0;0;1;0;0;1;4;3;8;6;2;3;4;4;4;3;4;7;2;5;5;5;2;3;3;250;6000;2000;5;2;2;7;7;7;7;1;3;1;5;2;3;3;3;3;3;2;7;2;3;2;4;5;3;3;4
"1-5-0 (2020-11-16)";"doi.org/10.14281/18241.1";2018;410;"KOR";732;"ROK";410070402;20180106;201712;201801;16.04;16.25;21;1;410041;410007;8;5;2;1;402;2390;"ko";3;1;1.0;0.8032128514056225;41453.815261044176;1;2;2;1;1;3;1;1;1;1;2;1;2;2;2;2;2;1;2;1;2;1;2;1;2;1;3;3;3;3;2;3;3;3;2;1;4;2;3;4;4;2;3;4;3;1;2;3;2;2;4;6;4;4;4;4;4;4;1;2;1;2;2;3;3;3;3;3;3;3;3;3;3;2;3;3;2;2;3;3;2;2;2;3;3;3;2;2;3;3;2;2;2;5;1;3;3;0;0;0;0;0;0;0;0;0;1;0;1;7;5;7;4;7;1;7;2;3;2;2;2;2;3;7;3;2;1;2;0;2;1;0;1;3;3;3;3;3;3;3;3;3;2;2;2;2;2;2;2;3;3;3;1;2;1;3;1;1;3;3;4;7;5;3;5;7;8;1;2;2;2;2;4;2;7;8;3;2;2;5;3;4;3;2;2;4;4;5;6;7;4;5;2;2;3;3;4;4;7;3;3;3;2;2;5;2;2;1;3;1;2;1;1;2;1;2;2;1;2;1;1;1;2;2;2;2;410002;410002;410002;2;2;2;2;3;3;2;3;2;2;2;2;2;2;3;3;4;7;3;9;7;2;9;4;3;8;9;8;8;2;2;2;2;3;3;3;1;1980;37;3;2;1;1;1;410;410;410;1;3;1;2390;1;1;6;3;6;3;3;2;3;2;1;5;3;-5;4;2;1;2;3;5;2;0;100000020;410004;2;1;1;0.8025000000000001;0.7750000000000001;0.5544444444444444;0.5255555555555556;1.0;0.33;0.66;0.6633333333333334;0.66;1.0;1.0;0.8866666666666667;1.0;1.0;1.0;1.0;0.66;0.66;0.66;0.66;1.0;0.0;1.0;0.6666666666666666;0.5;0.66;0.66;0.6066666666666668;0.3333333333333333;0.4444444444444444;0.5555555555555556;0.4444444444444444;0.0;1.0;0.5;0.5;1.0;1.0;1.0;1.0;1.0;1.0;1.0;1.0;1.0;1.0;1.0;1.0;1;0;0;1;0;5;6;6;7;5;3;4;4;5;5;4;5;5;6;4;7;1;4;3;300;35000;10000;5;5;2;4;5;4;7;3;1;3;3;3;7;2;2;3;3;2;1;3;2;2;3;5;2;3;4
"1-5-0 (2020-11-16)";"doi.org/10.14281/18241.1";2018;410;"KOR";732;"ROK";410070403;20180106;201712;201801;16.08;16.28;21;1;410011;410001;8;5;1;1;403;2390;"ko";3;1;1.0;0.8032128514056225;41453.815261044176;1;1;1;3;1;3;1;2;1;1;1;1;2;2;2;2;2;1;2;1;1;1;2;1;1;2;2;1;2;3;3;2;4;2;2;1;3;3;4;4;4;2;4;4;2;2;1;1;2;2;7;8;8;4;4;4;4;4;1;2;2;3;3;4;3;3;4;2;3;3;3;3;3;3;3;3;3;2;2;2;2;2;2;2;2;2;2;2;2;2;2;2;2;8;3;2;2;0;2;0;0;0;0;0;0;0;0;0;0;7;7;6;5;4;2;6;2;2;3;3;4;1;4;5;2;0;0;2;0;1;0;0;1;3;1;4;4;4;4;4;4;4;2;2;2;4;4;2;2;3;3;3;1;1;2;1;2;3;1;1;4;7;5;5;4;4;6;2;2;2;2;2;4;4;7;8;3;2;2;6;3;3;1;1;1;5;2;4;7;5;4;7;1;1;1;1;1;1;10;2;4;4;3;3;3;2;2;3;3;3;3;3;2;2;2;2;2;2;2;2;2;2;2;2;1;1;8;8;8;2;3;3;3;2;2;2;3;4;2;1;3;4;4;3;4;5;6;5;6;6;1;6;7;5;5;9;7;6;2;2;2;2;2;2;2;2;1957;60;5;3;1;1;1;410;410;410;1;2;1;2390;1;2;3;2;3;2;1;1;1;1;5;3;-3;10;6;-3;2;1;2;8;3;0;100000020;410004;0;1;0;0.4975;0.5533333333333333;0.432037037037037;0.5307407407407407;0.0;0.33;0.33;0.22;0.66;1.0;1.0;0.8866666666666667;1.0;0.0;0.0;0.3333333333333333;0.33;0.66;0.66;0.55;0.0;1.0;1.0;0.6666666666666666;0.75;0.33;0.66;0.5800000000000001;0.4444444444444444;0.3333333333333333;0.6666666666666666;0.48148148148148145;0.0;0.0;0.0;0.0;1.0;1.0;1.0;1.0;1.0;1.0;1.0;1.0;1.0;1.0;1.0;1.0;0;0;0;0;0;8;8;7;7;7;6;6;6;7;7;6;8;6;5;7;7;-3;-3;2;500;200000;40000;-3;8;1;-3;-3;-3;8;9;1;2;4;2;4;1;2;1;1;2;1;2;2;1;3;5;1;3;4
"1-5-0 (2020-11-16)";"doi.org/10.14281/18241.1";2018;410;"KOR";732;"ROK";410070404;20180106;201712;201801;16.13;17.0;47;1;410048;410014;7;4;3;1;404;2390;"ko";2;1;1.0;0.8032128514056225;41453.815261044176;1;2;2;2;2;2;1;1;1;1;1;2;2;2;2;2;2;1;2;1;2;1;2;1;2;2;3;2;2;2;2;2;2;1;2;1;2;1;4;2;2;2;2;2;2;3;1;3;2;3;5;5;5;4;4;4;4;4;1;2;2;2;2;3;3;3;3;3;3;3;3;3;3;4;4;4;3;3;3;3;3;3;3;3;3;3;3;3;3;3;3;3;3;5;2;1;2;0;0;0;0;0;0;0;0;0;0;0;0;8;6;4;3;4;2;5;2;2;2;2;2;2;4;9;2;2;1;2;2;2;2;2;2;3;3;4;2;4;4;4;4;4;1;1;2;2;2;2;2;2;2;3;1;2;2;2;1;3;1;1;4;8;8;8;5;5;7;5;1;1;1;1;3;3;3;4;2;2;2;5;3;3;3;3;3;3;3;3;3;3;3;3;3;3;3;3;3;3;8;3;3;4;3;2;5;1;5;2;5;2;5;1;1;3;3;3;1;1;2;2;2;2;2;2;1;1;410001;410001;410001;2;4;2;4;3;2;4;4;1;1;2;1;4;4;4;4;8;3;3;9;3;3;8;6;3;8;9;9;7;2;2;2;2;1;2;2;2;1945;72;6;3;1;1;1;410;410;410;1;2;1;2390;1;3;1;1;1;1;0;1;0;1;1;1;6;6;10;2;1;2;3;5;2;7;70000000;410004;0;1;1;0.7194444444444446;0.6088888888888889;0.3813888888888889;0.2627777777777778;1.0;0.33;0.66;0.6633333333333334;0.33;1.0;0.3333333333333333;0.5544444444444444;1.0;1.0;1.0;1.0;0.66;0.66;0.66;0.66;1.0;1.0;1.0;1.0;0.25;0.33;0.33;0.3033333333333334;0.2222222222222222;0.2222222222222222;0.2222222222222222;0.2222222222222222;0.0;0.0;0.0;0.0;1.0;1.0;1.0;1.0;1.0;1.0;1.0;1.0;1.0;1.0;1.0;1.0;0;0;0;0;0;5;5;5;5;5;3;3;3;8;5;3;5;3;5;8;5;4;1;3;200;35000;0;7;5;1;7;7;7;8;5;1;1;2;2;3;7;3;2;2;2;2;2;4;1;4;3;8;5;4
"1-5-0 (2020-11-16)";"doi.org/10.14281/18241.1";2018;410;"KOR";732;"ROK";410070405;20180106;201712;201801;16.21;16.42;21;1;410041;410007;8;5;2;1;405;2390;"ko";1;1;1.0;0.8032128514056225;41453.815261044176;1;2;2;2;1;3;2;2;1;2;1;2;1;1;2;2;1;2;2;2;2;2;2;1;2;2;1;2;2;2;4;3;3;3;2;1;1;1;2;2;3;3;2;3;1;1;2;2;2;1;6;5;6;4;4;4;4;4;1;2;1;3;2;4;4;4;4;3;2;2;3;3;4;4;4;4;2;3;3;2;2;2;2;2;2;2;1;1;1;1;1;2;2;8;2;2;2;0;0;0;0;0;0;0;0;0;0;0;0;7;5;6;7;5;1;6;2;1;2;3;3;2;2;6;4;0;2;2;2;2;2;2;2;1;2;4;4;4;4;4;3;4;2;2;2;2;2;2;2;4;3;3;1;1;1;4;3;4;1;2;1;7;5;6;8;6;8;1;2;2;2;2;4;4;7;7;3;2;2;7;6;1;1;1;1;8;6;8;8;6;1;1;1;1;1;6;5;4;10;2;1;2;2;1;3;1;2;1;1;1;1;1;3;3;3;3;3;3;3;3;3;3;3;3;1;1;410002;410002;410002;1;4;3;4;2;2;4;4;1;1;2;4;3;4;4;4;6;6;1;7;5;1;5;7;4;7;10;6;5;2;2;3;2;2;3;3;1;1991;26;2;1;1;1;2;410;410;-2;1;4;2;2390;6;0;5;3;-3;-3;3;2;3;2;1;-3;3;-3;3;2;2;1;3;5;2;0;100000020;410004;3;2;0;0.4841666666666667;0.5816666666666667;0.5194444444444445;0.5822222222222222;0.5;0.33;0.0;0.27666666666666667;0.66;1.0;1.0;0.8866666666666667;0.0;0.0;0.0;0.0;0.66;0.66;1.0;0.7733333333333334;0.0;1.0;0.0;0.3333333333333333;0.5;0.33;0.33;0.3866666666666667;0.7777777777777778;0.7777777777777778;0.7777777777777778;0.7777777777777778;0.66;0.5;0.5800000000000001;0.5800000000000001;1.0;1.0;1.0;1.0;1.0;1.0;1.0;1.0;1.0;1.0;1.0;1.0;1;1;0;1;0;6;5;3;4;3;7;2;3;4;7;5;7;4;6;7;6;1;4;3;680;39000;1580;8;6;1;7;5;8;7;5;1;3;3;1;3;3;3;2;2;1;1;3;2;1;1;7;3;5;-3
"1-5-0 (2020-11-16)";"doi.org/10.14281/18241.1";2018;410;"KOR";732;"ROK";410070406;20180106;201712;201801;16.22;16.42;20;1;410011;410001;8;5;1;1;406;2390;"ko";1;1;1.0;0.8032128514056225;41453.815261044176;1;1;2;3;3;3;1;2;2;1;2;1;1;1;2;2;2;1;1;1;1;1;2;2;2;2;2;2;2;3;2;3;2;1;1;1;2;1;4;2;2;1;2;3;1;1;2;2;2;2;8;6;5;4;4;4;4;4;1;1;1;2;1;3;4;4;3;4;3;3;4;3;2;3;3;2;2;2;1;2;1;3;3;2;3;3;4;3;2;3;2;3;2;4;3;2;1;0;1;1;0;0;0;0;0;0;2;0;0;5;8;2;5;4;1;5;3;2;3;2;2;2;2;6;3;0;2;2;1;1;2;1;1;3;2;4;4;4;4;4;3;4;1;1;2;2;2;2;2;2;3;3;2;2;1;2;1;3;1;1;4;6;7;5;6;5;7;6;1;1;2;2;3;4;6;7;2;1;1;6;6;5;4;3;4;4;1;2;4;3;2;4;2;2;4;2;1;3;5;4;3;3;3;2;5;1;4;1;5;1;5;2;2;3;3;3;1;3;3;1;2;3;3;3;2;2;410001;410001;410001;2;3;2;3;2;1;4;4;1;2;1;1;3;4;2;4;7;4;2;9;2;4;8;3;2;7;8;7;7;2;2;1;2;1;3;3;2;1957;60;5;3;1;1;1;410;410;410;1;2;1;2390;1;3;3;2;3;2;2;1;2;1;5;3;-3;7;6;-3;2;1;2;5;2;0;100000020;410004;0;1;1;0.7202777777777778;0.608888888888889;0.2514814814814815;0.3362962962962963;0.5;0.33;0.33;0.3866666666666667;0.66;1.0;0.8333333333333334;0.8311111111111112;1.0;1.0;1.0;1.0;1.0;0.66;0.33;0.6633333333333333;0.0;0.0;1.0;0.3333333333333333;0.25;0.33;0.66;0.41333333333333333;0.3333333333333333;0.1111111111111111;0.3333333333333333;0.25925925925925924;0.0;0.0;0.0;0.0;1.0;1.0;1.0;1.0;1.0;1.0;1.0;1.0;1.0;1.0;1.0;1.0;0;0;0;0;0;7;6;7;5;4;4;4;5;4;5;6;6;6;5;7;6;-3;-3;3;370;52000;0;-3;6;1;-3;-3;-3;6;7;1;1;5;4;5;7;5;6;5;3;2;1;2;1;3;5;7;4;4
"1-5-0 (2020-11-16)";"doi.org/10.14281/18241.1";2018;410;"KOR";732;"ROK";410070407;20180106;201712;201801;16.28;17.21;53;1;410047;410013;6;3;4;1;407;2390;"ko";3;1;1.0;0.8032128514056225;41453.815261044176;1;2;1;3;1;3;1;1;1;1;1;2;2;2;2;2;2;1;2;1;2;1;2;1;2;2;2;3;3;3;2;3;2;1;2;1;2;1;5;2;2;2;2;2;1;2;1;1;3;1;4;4;3;3;4;4;4;3;2;2;1;3;4;4;3;3;3;3;2;3;3;3;3;3;3;3;3;2;3;2;2;2;2;2;2;2;2;3;3;3;3;3;3;4;1;1;1;0;0;0;0;0;0;0;0;0;0;0;0;4;4;3;3;4;1;8;3;3;3;3;3;3;3;3;1;0;0;0;0;0;0;2;1;4;3;4;2;3;3;4;2;2;1;2;2;2;2;2;2;4;4;4;1;1;2;1;2;1;3;1;4;6;6;7;6;7;6;2;2;2;2;2;3;3;6;7;3;2;1;3;2;2;1;2;2;1;5;2;3;2;4;3;4;1;3;3;3;2;7;4;4;4;3;3;5;2;2;1;2;2;2;2;3;3;3;2;3;3;3;3;2;2;3;3;2;2;410002;410002;410002;2;2;2;2;2;2;2;3;3;3;1;3;3;4;3;3;4;7;4;7;6;2;5;6;4;4;5;6;7;2;3;2;2;2;2;3;1;1995;22;1;1;1;1;1;410;410;410;1;4;2;2390;6;0;6;3;-3;-3;3;2;3;2;6;-3;-3;-3;9;-3;2;2;3;3;1;0;100000020;410004;0;1;1;0.7052777777777779;0.5805555555555556;0.4086111111111111;0.3172222222222222;0.0;0.66;0.33;0.33;0.66;1.0;0.8333333333333334;0.8311111111111112;1.0;1.0;1.0;1.0;0.66;0.66;0.66;0.66;1.0;1.0;1.0;1.0;0.25;0.66;0.66;0.5233333333333333;0.0;0.1111111111111111;0.2222222222222222;0.1111111111111111;0.0;0.0;0.0;0.0;1.0;1.0;1.0;1.0;1.0;1.0;1.0;1.0;1.0;1.0;1.0;1.0;0;0;0;0;0;3;2;3;5;2;2;3;3;4;3;3;3;2;3;3;3;-3;-3;3;400;30000;10000;-3;3;1;-3;-3;-3;6;2;2;4;4;4;10;6;5;5;4;2;1;4;4;1;3;9;4;6;-3
"1-5-0 (2020-11-16)";"doi.org/10.14281/18241.1";2018;410;"KOR";732;"ROK";410070408;20180106;201712;201801;16.34;17.06;31;1;410011;410001;8;5;1;1;408;2390;"ko";2;1;1.0;0.8032128514056225;41453.815261044176;1;2;2;1;1;1;2;1;1;1;2;1;1;2;2;2;2;1;2;1;1;2;2;2;2;2;3;3;4;2;1;3;2;1;2;1;3;3;3;2;2;2;2;2;1;2;2;3;2;2;9;7;7;4;4;4;4;4;1;1;2;2;2;3;2;2;2;2;1;1;2;2;1;2;1;2;2;2;2;2;1;2;2;2;2;2;2;2;2;2;2;2;2;3;2;3;2;2;0;0;0;0;0;0;0;0;0;0;0;3;7;9;7;3;1;5;1;1;2;2;2;1;1;9;4;2;2;0;1;1;2;1;1;2;2;4;3;4;4;4;4;4;2;2;2;4;4;2;2;3;3;3;2;2;2;1;2;3;2;1;2;9;8;7;8;9;7;2;2;2;2;2;2;3;1;4;1;1;2;7;1;3;2;3;2;2;3;2;6;7;3;2;2;2;1;2;4;2;3;2;3;3;2;2;1;1;2;1;5;5;5;1;3;3;3;3;3;3;3;3;3;3;3;3;1;1;410001;410001;410001;1;3;2;3;2;2;2;3;3;1;2;3;1;4;2;3;8;1;3;2;7;2;8;10;8;9;7;7;7;2;2;1;1;1;2;4;1;1942;75;6;3;1;1;1;410;410;410;1;2;1;2390;1;2;3;2;3;2;1;1;1;1;1;5;8;-5;3;2;1;2;3;5;2;1;10100000;410004;2;2;1;0.4708333333333334;0.3316666666666667;0.4043981481481482;0.392962962962963;1.0;0.33;0.66;0.6633333333333334;0.0;0.0;0.0;0.0;1.0;1.0;1.0;1.0;0.33;0.33;0.0;0.22;1.0;0.0;1.0;0.6666666666666666;0.25;1.0;0.33;0.5266666666666667;0.1111111111111111;0.1111111111111111;0.5555555555555556;0.2592592592592593;0.33;0.0;0.165;0.165;1.0;1.0;1.0;1.0;1.0;1.0;1.0;1.0;1.0;1.0;1.0;1.0;0;0;1;0;1;6;7;5;5;2;7;6;8;7;8;7;6;5;5;7;6;2;4;3;150;45000;0;8;5;1;5;3;2;8;7;1;1;3;4;5;7;3;3;3;3;2;3;2;2;1;5;7;5;4
"1-5-0 (2020-11-16)";"doi.org/10.14281/18241.1";2018;410;"KOR";732;"ROK";410070409;20180106;201712;201801;16.44;17.11;27;1;410041;410007;8;5;2;1;409;2390;"ko";2;1;1.0;0.8032128514056225;41453.815261044176;1;1;2;2;1;2;1;1;1;1;2;2;2;1;2;2;2;1;2;1;2;1;2;1;2;2;1;2;3;3;3;3;3;3;3;3;3;3;5;3;2;3;2;4;2;2;2;3;3;2;7;5;6;4;4;4;4;4;2;2;1;2;2;3;3;3;2;2;2;3;3;2;3;3;3;4;3;2;2;3;3;2;2;2;2;2;2;1;1;2;2;1;1;7;3;1;2;1;1;0;0;0;0;0;0;0;0;0;1;6;6;8;4;6;1;6;2;2;2;2;3;2;3;7;2;1;1;0;1;1;0;0;1;2;3;2;2;4;4;4;3;2;1;2;2;2;2;2;2;2;2;3;1;2;1;2;1;2;1;2;1;6;7;9;7;7;7;4;1;1;1;1;3;2;2;2;2;1;2;3;2;1;1;1;2;3;1;4;5;3;1;4;1;1;1;1;2;2;5;3;3;3;2;2;1;1;5;1;5;1;5;1;2;2;2;2;2;2;2;2;1;2;2;3;3;3;410002;410002;410002;2;3;2;4;2;2;4;4;2;1;1;2;2;3;2;3;3;6;7;7;8;4;9;9;6;7;8;8;6;3;3;1;1;1;2;2;2;1992;25;2;1;1;1;1;410;410;410;1;4;1;2390;6;0;3;2;-3;-3;5;3;5;3;6;-3;-3;-3;3;-3;2;3;3;4;2;2;20000000;410004;2;2;2;0.4563888888888889;0.5261111111111112;0.48416666666666663;0.4700000000000001;1.0;0.66;0.0;0.5533333333333333;0.33;1.0;0.16666666666666666;0.49888888888888894;0.0;0.0;1.0;0.3333333333333333;0.33;0.33;0.66;0.44;1.0;0.0;1.0;0.6666666666666666;0.5;0.66;0.66;0.6066666666666668;0.2222222222222222;0.3333333333333333;0.4444444444444444;0.3333333333333333;0.66;0.0;0.33;0.33;1.0;1.0;1.0;1.0;1.0;1.0;1.0;1.0;1.0;1.0;1.0;1.0;0;1;0;1;0;5;5;6;6;6;6;6;4;5;4;4;6;3;6;7;5;-3;-3;3;450;30000;2000;-3;4;1;-3;-3;-3;7;1;1;2;3;4;6;3;2;2;3;2;1;2;4;1;2;7;2;5;-3
"1-5-0 (2020-11-16)";"doi.org/10.14281/18241.1";2018;410;"KOR";732;"ROK";410070410;20180106;201712;201801;16.48;17.32;44;1;410041;410007;8;5;2;1;410;2390;"ko";2;1;1.0;0.8032128514056225;41453.815261044176;2;1;2;3;3;3;1;1;2;1;1;1;2;2;2;2;2;1;2;1;2;1;2;2;2;2;3;3;2;2;2;2;2;1;1;1;2;1;3;2;2;2;2;2;2;1;2;3;2;2;6;7;7;4;4;4;4;4;1;2;2;2;3;3;3;3;2;2;2;2;3;2;2;2;3;3;3;3;3;3;3;3;3;3;3;3;3;3;3;3;3;3;3;7;3;2;2;0;0;0;0;0;0;0;0;0;0;0;0;8;3;8;2;5;1;6;2;2;3;3;2;1;2;6;3;2;1;2;1;2;2;2;2;2;2;3;2;3;3;3;2;2;2;2;2;3;3;2;2;3;3;3;1;1;1;2;3;1;2;1;3;6;5;5;4;5;7;7;1;1;1;1;4;3;4;5;2;1;1;6;1;1;1;1;1;8;7;7;8;7;8;9;1;7;2;4;2;2;8;2;3;3;3;2;4;1;2;1;5;5;5;1;2;2;2;2;2;2;2;2;2;2;2;2;2;2;410002;410002;410002;2;2;3;2;3;3;2;2;3;3;3;4;2;4;3;4;7;6;2;9;8;2;6;7;8;8;9;8;8;2;2;1;2;2;3;3;2;1956;61;5;3;1;1;1;410;410;410;1;3;1;2390;1;2;3;2;3;2;1;1;1;1;5;1;-3;6;9;-3;2;2;3;5;2;0;100000020;410004;3;2;1;0.4283333333333334;0.6916666666666668;0.6147685185185185;0.5220370370370371;1.0;0.33;0.66;0.6633333333333334;0.66;1.0;0.5;0.7200000000000001;0.0;0.0;0.0;0.0;0.33;0.33;0.33;0.33;1.0;1.0;1.0;1.0;0.25;0.33;0.33;0.3033333333333334;0.7777777777777778;0.6666666666666666;0.7777777777777778;0.7407407407407408;0.33;0.5;0.41500000000000004;0.41500000000000004;1.0;1.0;1.0;1.0;1.0;1.0;1.0;1.0;1.0;1.0;1.0;1.0;1;0;1;0;1;6;7;6;7;7;7;6;7;6;7;6;7;6;7;7;7;-3;-3;3;400;100000;5000;-3;6;1;-3;-3;-3;7;7;2;1;2;2;8;3;2;2;2;2;1;2;2;1;2;8;2;3;4
"1-5-0 (2020-11-16)";"doi.org/10.14281/18241.1";2018;410;"KOR";732;"ROK";410070411;20180106;201712;201801;16.49;17.17;29;1;410048;410014;7;4;3;1;411;2390;"ko";2;1;1.0;0.8032128514056225;41453.815261044176;1;1;2;2;1;4;1;2;2;1;1;1;2;1;2;2;2;1;2;1;1;2;2;1;2;2;2;1;2;2;2;2;2;1;1;1;3;3;4;1;1;1;1;2;2;2;2;2;2;1;7;7;7;4;4;4;4;4;3;2;1;2;3;3;3;3;2;3;2;2;3;3;3;2;3;3;2;2;2;3;2;3;3;3;3;3;2;2;2;3;2;2;3;8;3;3;2;0;0;0;0;0;0;0;0;0;2;0;0;7;3;4;4;9;1;5;2;2;2;2;2;1;4;7;3;2;1;2;2;2;2;2;2;3;2;4;4;3;3;4;4;4;1;2;2;1;1;2;2;2;2;2;1;1;1;1;2;3;1;1;4;8;8;7;7;6;6;3;2;2;2;2;3;4;5;8;3;1;1;4;1;1;1;1;1;5;1;5;7;5;1;8;1;1;1;1;2;1;5;2;4;4;2;2;1;1;2;2;2;2;5;1;2;2;2;2;2;2;2;2;2;2;2;2;1;1;410009;410009;410009;2;2;2;3;2;2;3;4;1;2;1;3;4;4;1;4;3;6;2;10;6;6;6;7;5;5;9;6;7;2;2;1;1;2;3;4;1;1980;37;3;2;1;1;1;410;410;410;1;4;1;2390;1;2;6;3;5;3;1;1;3;2;1;5;3;-5;3;2;1;2;3;6;2;0;100000020;410004;0;1;1;0.4838888888888889;0.6377777777777778;0.3721296296296296;0.4109259259259259;0.5;0.33;0.33;0.3866666666666667;1.0;1.0;0.6666666666666666;0.8888888888888888;0.0;0.0;0.0;0.0;0.66;0.66;0.66;0.66;0.0;1.0;1.0;0.6666666666666666;0.25;0.33;0.33;0.3033333333333334;0.4444444444444444;0.4444444444444444;0.6666666666666666;0.5185185185185185;0.0;0.0;0.0;0.0;1.0;1.0;1.0;1.0;1.0;1.0;1.0;1.0;1.0;1.0;1.0;1.0;0;0;0;0;0;7;5;4;7;3;5;2;2;2;3;3;8;3;8;5;5;1;8;3;400;35000;2000;8;6;1;8;7;7;8;3;1;1;5;5;5;3;5;5;5;2;1;1;1;1;3;7;3;5;4
"1-5-0 (2020-11-16)";"doi.org/10.14281/18241.1";2018;410;"KOR";732;"ROK";410070412;20180106;201712;201801;16.55;17.21;26;1;410026;410002;8;5;2;1;412;2390;"ko";3;2;1.0;0.8032128514056225;41453.815261044176;1;2;2;2;2;3;1;2;1;1;2;2;1;1;2;2;2;1;2;2;2;2;2;2;2;1;1;4;2;2;1;2;1;1;1;1;2;1;2;1;2;2;2;2;2;2;2;2;2;2;9;9;9;4;4;4;4;4;1;2;1;3;2;4;3;4;3;2;4;4;3;3;3;2;3;3;2;3;2;3;2;2;3;2;2;2;2;2;2;2;2;2;2;6;3;3;2;0;1;0;0;0;0;0;0;0;0;0;0;8;7;8;8;8;2;6;2;2;3;2;3;2;2;4;4;2;2;1;1;2;2;1;1;3;2;3;4;4;3;3;3;3;1;1;2;1;3;2;2;2;2;3;1;2;1;2;1;1;2;1;2;8;9;8;8;8;8;1;2;2;2;2;4;4;7;8;3;2;2;8;8;1;2;3;1;1;6;7;9;9;3;6;6;8;6;1;6;5;10;1;3;3;2;1;1;2;2;2;3;2;4;2;1;2;1;2;2;1;2;2;2;2;2;2;1;1;410001;410001;410001;1;3;2;3;3;2;2;2;2;3;2;4;4;3;4;4;8;8;1;8;5;3;7;2;5;7;8;8;8;2;3;1;1;1;2;3;1;1954;63;5;3;1;1;1;410;410;410;1;2;1;2390;1;3;3;2;3;2;0;1;1;1;3;5;6;-5;9;2;1;2;2;7;2;0;100000020;410004;2;2;1;0.5391666666666667;0.6366666666666667;0.30921296296296297;0.36925925925925923;0.5;0.66;0.0;0.3866666666666667;0.66;1.0;1.0;0.8866666666666667;0.0;1.0;0.0;0.3333333333333333;0.33;0.66;0.66;0.55;0.0;0.0;1.0;0.3333333333333333;0.0;0.33;0.33;0.22;0.0;0.6666666666666666;0.8888888888888888;0.5185185185185185;0.33;0.0;0.165;0.165;1.0;1.0;1.0;1.0;1.0;1.0;1.0;1.0;1.0;1.0;1.0;1.0;0;0;1;0;1;8;5;5;5;3;5;4;5;6;7;7;8;5;7;3;3;3;2;3;500;100000;5000;9;5;1;9;9;8;8;8;1;1;3;3;4;5;4;3;3;2;2;2;2;2;2;5;7;4;4
"1-5-0 (2020-11-16)";"doi.org/10.14281/18241.1";2018;410;"KOR";732;"ROK";410070413;20180106;201712;201801;16.56;17.33;37;1;410041;410007;8;5;2;1;413;2390;"ko";1;1;1.0;0.8032128514056225;41453.815261044176;1;3;1;1;1;3;1;2;1;1;1;1;2;2;2;2;2;1;2;1;2;1;2;2;2;2;2;4;2;1;3;3;1;1;1;1;1;1;4;2;3;2;2;1;2;2;2;1;1;1;8;8;7;4;4;4;4;4;1;1;1;1;2;3;2;2;2;1;1;2;2;2;2;2;3;3;2;2;2;2;2;2;2;1;1;1;1;1;1;1;1;1;1;5;3;1;2;0;0;0;0;0;0;0;0;0;0;0;0;7;4;7;4;4;1;6;2;2;2;2;2;1;3;4;3;2;2;2;2;2;2;1;2;2;2;4;4;4;4;4;4;4;1;2;2;3;3;2;2;3;3;3;1;2;1;2;1;1;3;1;2;10;10;8;4;4;10;5;1;2;2;2;4;4;7;8;3;2;2;4;3;4;2;1;1;2;3;6;8;8;3;7;1;1;1;1;4;2;9;2;4;4;2;2;1;1;2;2;2;1;2;1;2;2;2;2;2;2;2;2;2;2;2;2;1;1;410002;410002;410002;1;3;2;3;2;4;4;4;4;4;1;1;2;4;4;4;4;7;1;10;8;1;8;3;1;9;9;8;8;2;1;1;1;1;1;1;1;1949;68;6;3;1;1;1;410;410;410;1;2;1;2390;1;1;7;3;3;2;3;2;5;3;1;5;1;-5;3;2;1;3;3;5;2;0;100000020;410004;1;1;0;0.3875;0.49833333333333335;0.31453703703703706;0.2957407407407408;0.0;0.0;0.33;0.11;0.66;1.0;1.0;0.8866666666666667;1.0;0.0;0.0;0.3333333333333333;0.0;0.33;0.33;0.22;0.0;1.0;1.0;0.6666666666666666;0.0;0.33;0.0;0.11;0.1111111111111111;0.5555555555555556;0.7777777777777778;0.48148148148148157;0.0;0.0;0.0;0.0;1.0;1.0;1.0;1.0;1.0;1.0;1.0;1.0;1.0;1.0;1.0;1.0;0;0;0;0;1;10;5;4;8;4;6;5;5;6;7;7;10;7;8;8;7;1;2;3;300;40000;0;9;5;1;9;8;8;8;7;1;2;2;5;10;1;5;7;7;2;1;2;2;2;2;10;1;2;4
"1-5-0 (2020-11-16)";"doi.org/10.14281/18241.1";2018;410;"KOR";732;"ROK";410070414;20180106;201712;201801;16.59;18.35;96;1;410011;410001;8;5;1;1;414;2390;"ko";2;2;1.0;0.8032128514056225;41453.815261044176;1;2;1;3;4;2;1;2;2;1;1;2;1;1;2;2;2;1;2;1;1;1;2;1;2;2;3;2;4;4;4;3;5;2;1;1;2;1;5;2;2;2;2;2;2;3;1;3;2;3;7;6;6;4;4;4;4;4;1;1;1;2;2;3;2;2;2;3;2;2;2;3;2;2;4;4;2;1;2;4;2;2;1;2;2;2;1;2;2;1;2;2;1;6;3;1;2;1;1;0;0;0;0;0;0;0;0;0;0;7;8;6;6;5;2;5;2;4;2;2;3;2;4;6;4;2;2;2;2;2;2;0;2;2;3;3;3;3;4;4;4;3;1;1;2;2;3;2;1;2;3;4;1;1;1;1;2;3;1;1;2;7;8;3;8;5;8;8;1;1;1;1;3;4;3;3;2;2;1;7;3;3;2;3;3;1;1;7;7;7;4;8;1;7;2;2;1;3;5;3;3;3;3;2;5;1;5;1;5;1;5;2;2;2;2;2;1;2;2;2;2;2;2;2;1;1;410002;410002;410002;2;3;2;3;2;2;3;4;2;2;1;3;3;4;1;4;4;7;1;10;7;1;9;6;4;10;8;7;6;2;3;1;1;2;3;3;2;1955;62;5;3;1;1;1;410;410;410;1;2;1;2390;1;2;3;2;6;3;0;1;2;1;5;4;-3;-5;3;-3;2;2;3;6;2;7;70000000;410004;1;1;1;0.7194444444444444;0.663888888888889;0.5277777777777778;0.7222222222222222;1.0;0.66;0.66;0.7733333333333334;0.33;1.0;0.3333333333333333;0.5544444444444444;1.0;1.0;1.0;1.0;0.66;0.66;0.33;0.5499999999999999;0.0;1.0;1.0;0.6666666666666666;1.0;1.0;1.0;1.0;0.0;0.6666666666666666;0.6666666666666666;0.4444444444444444;0.0;0.0;0.0;0.0;1.0;1.0;1.0;1.0;1.0;1.0;1.0;1.0;1.0;1.0;1.0;1.0;0;0;0;0;1;7;6;5;7;6;5;4;4;4;6;5;6;6;4;9;4;-3;-3;3;330;90000;0;-3;5;1;-3;-3;-3;8;7;1;2;5;6;7;2;6;5;2;2;1;1;1;1;2;9;2;6;4
"1-5-0 (2020-11-16)";"doi.org/10.14281/18241.1";2018;410;"KOR";732;"ROK";410070415;20180106;201712;201801;17.0;17.25;25;1;410048;410014;7;4;3;1;415;2390;"ko";2;1;1.0;0.8032128514056225;41453.815261044176;1;2;2;2;1;3;1;1;1;1;2;2;2;1;2;2;2;1;2;1;2;1;2;1;2;2;3;2;2;3;3;3;2;1;1;1;2;1;4;2;2;2;2;2;2;3;1;3;2;2;7;5;5;4;4;4;4;4;1;2;1;3;3;3;3;3;3;3;3;3;3;4;3;3;3;4;3;3;3;3;3;3;3;3;3;3;3;3;3;3;3;3;3;3;2;2;2;0;0;0;0;0;0;0;0;0;0;0;0;8;5;8;3;3;2;7;3;2;2;2;2;2;4;8;2;2;2;2;2;2;2;2;2;3;3;4;2;3;4;4;4;4;2;2;2;2;2;2;2;2;2;3;1;1;1;1;2;3;1;2;1;8;8;3;5;3;8;3;2;2;2;2;3;3;7;8;3;2;2;3;2;2;1;2;2;5;7;7;8;5;3;8;5;2;2;3;3;3;8;3;3;4;3;2;5;1;2;2;5;1;3;1;1;2;2;2;1;1;2;2;1;2;2;2;1;2;410008;410008;410008;1;4;2;2;3;2;2;4;1;1;1;2;3;3;3;3;5;5;5;8;3;3;8;5;3;8;9;8;8;2;2;2;2;1;2;2;1;1972;45;4;2;1;1;1;410;410;410;1;4;1;2390;1;2;3;2;3;2;3;2;3;2;1;5;5;-5;9;2;1;2;3;3;1;0;100000020;410004;1;1;2;0.8308333333333334;0.7750000000000001;0.42740740740740735;0.5214814814814814;1.0;0.33;0.66;0.6633333333333334;0.66;1.0;1.0;0.8866666666666667;1.0;1.0;1.0;1.0;0.66;1.0;0.66;0.7733333333333334;1.0;0.0;1.0;0.6666666666666666;0.25;0.33;0.66;0.41333333333333333;0.4444444444444444;0.6666666666666666;0.7777777777777778;0.6296296296296297;0.0;0.0;0.0;0.0;1.0;1.0;1.0;1.0;1.0;1.0;1.0;1.0;1.0;1.0;1.0;1.0;0;0;0;1;0;5;5;5;5;3;3;3;3;3;5;5;5;3;5;5;4;4;1;3;300;25000;5000;5;3;1;5;5;7;7;3;1;1;5;5;3;5;6;3;3;3;3;2;4;2;4;3;5;7;4
"1-5-0 (2020-11-16)";"doi.org/10.14281/18241.1";2018;410;"KOR";732;"ROK";410070416;20180106;201712;201801;17.05;17.46;41;1;410041;410007;8;5;2;1;416;2390;"ko";1;1;1.0;0.8032128514056225;41453.815261044176;1;1;1;2;2;2;2;2;1;1;2;1;1;2;1;2;2;1;2;1;2;1;1;1;1;2;2;2;1;2;2;2;3;3;2;1;1;1;2;2;3;3;2;2;2;1;1;1;1;1;9;8;9;4;4;4;4;4;3;1;1;2;2;3;3;3;1;3;2;3;3;2;2;1;2;2;2;3;2;3;1;3;2;3;2;2;1;1;2;1;1;1;2;8;2;2;2;2;1;0;0;0;0;0;0;0;0;0;0;8;3;6;3;2;1;8;2;2;3;3;4;2;2;8;3;2;1;1;1;1;1;1;1;2;1;4;4;4;4;4;4;4;2;2;2;3;1;2;2;4;3;4;1;1;1;2;4;1;3;4;2;9;6;5;8;6;7;8;1;1;1;1;1;2;2;1;2;1;1;7;3;3;2;1;1;2;2;2;2;1;1;2;2;1;1;1;1;2;1;1;3;3;3;3;3;1;2;2;5;2;3;2;2;2;2;2;2;2;2;2;2;2;2;2;1;1;-2;-2;-2;2;2;2;2;3;2;3;4;1;1;1;1;2;4;2;3;7;7;7;9;6;3;9;5;6;6;8;8;8;2;2;2;1;1;2;2;1;1975;42;3;2;1;1;1;410;410;410;1;4;1;2390;1;1;6;3;6;3;3;2;3;2;1;1;3;3;4;2;1;1;3;7;2;2;20000000;410004;1;1;-1;0.37305555555555553;0.35944444444444446;0.18027777777777776;0.1938888888888889;0.0;0.33;0.33;0.22;0.33;1.0;0.16666666666666666;0.49888888888888894;1.0;0.0;0.0;0.3333333333333333;0.66;0.33;0.33;0.44;0.0;0.0;1.0;0.3333333333333333;0.5;0.0;0.33;0.27666666666666667;0.1111111111111111;0.1111111111111111;0.1111111111111111;0.1111111111111111;0.0;0.0;0.0;0.0;1.0;1.0;1.0;1.0;1.0;1.0;1.0;1.0;1.0;1.0;1.0;1.0;0;0;0;0;1;9;7;5;5;5;6;4;4;5;7;8;9;5;4;8;7;1;3;3;550;20000;3000;7;6;2;8;8;8;8;5;1;2;5;5;5;2;3;3;3;2;1;3;3;2;3;8;3;5;4
"1-5-0 (2020-11-16)";"doi.org/10.14281/18241.1";2018;410;"KOR";732;"ROK";410070417;20180106;201712;201801;17.1;17.3;20;1;410041;410007;8;5;2;1;417;2390;"ko";2;1;1.0;0.8032128514056225;41453.815261044176;1;1;1;3;1;3;1;1;2;2;1;1;2;1;2;2;2;1;2;2;2;2;2;1;2;2;2;1;1;2;1;2;2;1;1;1;1;1;1;1;2;2;2;2;2;2;1;1;2;2;8;6;4;4;4;4;4;4;1;1;1;3;2;4;3;3;4;4;1;1;2;3;2;3;3;2;3;2;1;3;2;2;1;1;1;1;1;1;1;1;1;1;2;7;1;2;3;0;0;0;0;0;0;0;0;0;0;0;0;7;6;5;8;5;1;6;2;2;2;2;2;2;4;5;1;2;2;0;0;0;0;0;0;3;2;4;4;3;4;4;3;3;2;2;2;2;2;2;2;4;3;3;1;2;1;3;4;2;4;3;2;7;5;7;6;4;6;1;2;2;2;2;1;2;7;8;3;2;2;5;6;1;1;1;1;7;5;7;7;5;2;8;1;1;1;5;7;5;7;3;2;3;1;2;3;1;2;1;1;1;5;5;3;3;3;3;3;3;3;3;3;3;3;3;1;1;410002;410002;410002;1;4;4;4;2;2;3;4;1;1;2;4;4;3;3;4;7;6;1;7;8;1;4;4;3;4;8;6;7;1;2;2;2;3;2;2;2;1959;58;5;3;1;1;1;410;410;410;1;4;1;2390;1;2;3;2;6;3;1;1;1;1;1;1;3;3;9;2;2;1;3;7;2;7;70000000;410004;5;3;2;0.4425;0.5533333333333333;0.715;0.43;0.0;0.33;0.33;0.22;0.66;1.0;1.0;0.8866666666666667;0.0;0.0;0.0;0.0;1.0;0.66;0.33;0.6633333333333333;1.0;1.0;1.0;1.0;0.25;0.0;0.33;0.19333333333333336;0.6666666666666666;0.6666666666666666;0.6666666666666666;0.6666666666666666;1.0;1.0;1.0;1.0;1.0;1.0;1.0;1.0;1.0;1.0;1.0;1.0;1.0;1.0;1.0;1.0;1;1;1;1;1;6;6;5;8;4;7;6;4;5;6;4;5;5;8;6;7;1;3;3;630;43000;5000;7;10;1;6;9;7;7;5;2;4;5;2;5;3;3;3;3;2;1;2;1;2;1;7;5;5;4
"1-5-0 (2020-11-16)";"doi.org/10.14281/18241.1";2018;410;"KOR";732;"ROK";410070418;20180106;201712;201801;17.16;17.36;20;1;410047;410013;7;4;3;1;418;2390;"ko";3;2;1.0;0.8032128514056225;41453.815261044176;1;1;1;3;1;4;1;1;2;1;2;2;1;1;2;2;2;1;2;2;2;2;2;2;2;2;1;2;3;3;3;3;3;3;2;1;3;3;4;3;3;2;2;2;2;3;2;3;1;1;10;10;10;4;4;4;4;4;1;2;1;3;2;4;4;4;4;3;3;3;3;3;3;4;4;4;2;2;3;3;2;2;2;2;2;2;2;2;2;2;2;2;2;6;3;3;2;0;0;0;0;0;0;0;0;0;0;0;0;6;8;8;6;7;2;4;3;3;2;3;3;2;2;4;2;1;2;1;2;1;2;2;1;2;2;4;4;4;4;4;4;4;1;1;2;2;2;2;2;2;2;2;2;2;2;2;3;1;2;2;1;7;4;8;7;6;7;1;2;2;2;2;4;1;7;8;3;2;2;5;2;2;1;1;1;1;1;1;3;2;1;1;1;1;1;1;1;1;1;3;3;3;3;3;5;2;5;1;2;1;1;1;3;3;3;3;3;3;3;3;3;3;3;3;1;1;-2;-2;-2;2;3;3;3;2;3;2;2;2;2;1;2;1;3;2;3;5;7;2;7;7;4;6;5;4;6;8;7;6;2;2;2;2;2;3;3;2;1994;23;1;1;1;1;1;410;410;410;1;1;1;2390;6;0;6;3;-3;-3;3;2;3;2;1;-3;3;-3;3;1;1;1;3;5;2;0;100000020;410004;3;2;2;0.6091666666666666;0.7216666666666667;0.44060185185185186;0.34037037037037043;1.0;0.33;0.0;0.44333333333333336;1.0;1.0;1.0;1.0;1.0;0.0;0.0;0.3333333333333333;0.66;0.66;0.66;0.66;1.0;0.0;1.0;0.6666666666666666;0.5;0.66;0.66;0.6066666666666668;0.0;0.0;0.2222222222222222;0.07407407407407407;0.33;0.5;0.41500000000000004;0.41500000000000004;1.0;1.0;1.0;1.0;1.0;1.0;1.0;1.0;1.0;1.0;1.0;1.0;1;0;1;1;0;10;5;6;4;5;5;6;6;6;7;7;10;7;3;8;5;1;6;2;190;500;0;7;5;3;8;8;8;10;2;1;1;2;2;3;3;3;3;3;3;1;4;4;4;4;5;3;2;-3
"1-5-0 (2020-11-16)";"doi.org/10.14281/18241.1";2018;410;"KOR";732;"ROK";410070419;20180106;201712;201801;17.22;18.09;47;1;410011;410001;8;5;1;1;419;2390;"ko";2;1;1.0;0.8032128514056225;41453.815261044176;1;2;2;3;1;3;1;2;1;1;1;2;2;1;2;2;2;1;2;1;2;1;2;1;2;2;2;3;3;3;3;3;3;3;2;1;3;3;4;2;2;2;2;2;2;3;2;2;2;2;9;8;8;4;4;4;4;4;1;2;1;3;2;3;3;3;3;3;3;2;2;3;2;3;3;3;2;2;2;3;2;2;2;2;2;2;2;2;2;2;3;2;2;8;3;1;2;1;2;0;0;0;0;0;0;0;0;0;0;7;7;8;4;6;2;8;3;3;3;2;2;2;3;5;3;2;2;2;2;2;2;2;2;3;2;3;3;3;3;3;3;3;1;2;2;3;3;2;2;2;2;3;2;2;1;2;3;3;4;2;1;7;7;4;4;7;7;4;1;2;2;2;3;3;5;7;2;1;1;8;1;2;1;1;2;3;3;5;5;5;3;5;2;1;1;2;3;2;4;3;4;4;2;1;2;1;2;1;2;1;2;1;2;1;2;2;1;1;2;2;2;2;2;2;1;1;410002;410002;410002;2;3;3;3;3;2;3;4;2;2;1;1;3;4;2;3;3;7;5;10;7;2;9;7;2;9;9;7;6;3;2;2;2;2;2;2;1;1973;44;3;2;1;1;1;410;410;410;1;4;1;2390;1;2;7;3;5;3;1;1;3;2;1;1;3;3;10;1;1;1;3;6;2;7;70000000;410004;3;2;1;0.5947222222222222;0.5811111111111111;0.5146759259259259;0.4885185185185186;0.5;0.33;0.33;0.3866666666666667;0.66;1.0;0.6666666666666666;0.7755555555555556;1.0;0.0;1.0;0.6666666666666666;0.66;0.66;0.33;0.5499999999999999;0.0;1.0;1.0;0.6666666666666666;0.5;0.66;0.66;0.6066666666666668;0.2222222222222222;0.4444444444444444;0.4444444444444444;0.3703703703703704;0.33;0.5;0.41500000000000004;0.41500000000000004;1.0;1.0;1.0;1.0;1.0;1.0;1.0;1.0;1.0;1.0;1.0;1.0;1;0;1;1;0;8;6;6;7;6;4;4;4;5;4;5;8;4;6;7;4;1;7;3;650;42000;0;9;4;1;9;9;8;9;8;1;2;4;3;7;2;3;4;4;1;1;2;2;2;2;7;1;3;4
"1-5-0 (2020-11-16)";"doi.org/10.14281/18241.1";2018;410;"KOR";732;"ROK";410070420;20180106;201712;201801;17.23;18.36;73;1;410048;410014;7;4;3;1;420;2390;"ko";3;1;1.0;0.8032128514056225;41453.815261044176;1;2;2;2;2;3;1;1;1;2;1;1;2;2;2;2;2;1;2;1;1;1;1;1;2;2;1;3;3;3;3;3;3;3;2;1;4;2;4;3;3;2;3;3;2;2;2;2;3;2;6;6;5;4;4;4;3;4;3;2;1;2;2;3;2;3;3;3;3;3;3;3;2;2;3;3;2;2;2;3;2;3;3;3;2;2;2;2;2;2;3;2;2;5;3;1;2;1;2;0;0;0;0;0;0;0;0;0;0;6;4;5;5;7;2;7;2;2;2;2;2;2;3;5;2;0;0;2;0;0;0;0;2;3;3;3;2;3;4;4;4;4;1;2;2;2;2;2;2;2;3;4;1;1;1;2;4;3;2;1;3;7;8;3;5;2;7;5;1;2;2;2;3;4;7;8;3;2;2;7;5;6;1;1;1;1;1;5;5;4;2;4;1;1;1;1;1;1;4;3;4;4;2;2;2;1;4;1;4;4;2;2;2;2;2;2;2;3;3;3;2;2;3;3;2;2;410002;410002;410002;2;4;3;4;2;2;4;4;2;1;2;3;3;4;2;4;6;6;2;7;6;1;7;6;1;8;7;7;8;2;2;2;2;2;2;2;1;1995;22;1;1;1;1;1;410;410;410;1;4;2;2390;6;0;3;2;-3;-3;3;2;3;2;6;-3;-3;-3;6;-3;2;2;3;6;2;0;100000020;410004;2;2;1;0.5116666666666666;0.5816666666666667;0.5169907407407408;0.45148148148148154;0.5;0.33;0.0;0.27666666666666667;0.66;1.0;1.0;0.8866666666666667;1.0;0.0;0.0;0.3333333333333333;0.66;0.66;0.33;0.5499999999999999;1.0;1.0;1.0;1.0;0.5;0.66;0.66;0.6066666666666668;0.0;0.4444444444444444;0.4444444444444444;0.2962962962962963;0.33;0.0;0.165;0.165;1.0;1.0;1.0;1.0;1.0;1.0;1.0;1.0;1.0;1.0;1.0;1.0;0;0;1;0;1;5;6;6;7;4;4;5;5;6;5;6;5;5;5;6;6;-3;-3;3;500;25000;0;-3;6;1;-3;-3;-3;7;5;2;2;6;6;7;4;5;5;5;2;1;3;2;2;3;7;3;5;-3
"1-5-0 (2020-11-16)";"doi.org/10.14281/18241.1";2018;410;"KOR";732;"ROK";410070421;20180106;201712;201801;17.24;18.11;48;1;410011;410001;8;5;1;1;421;2390;"ko";2;1;1.0;0.8032128514056225;41453.815261044176;2;2;2;2;2;2;1;1;1;1;2;1;2;2;2;2;2;1;2;2;2;2;2;2;2;2;3;4;4;4;4;4;5;2;4;2;5;2;1;2;3;3;4;4;3;2;2;2;2;2;7;7;5;4;4;4;4;4;1;1;2;2;2;4;3;4;2;3;2;1;1;2;2;1;2;2;2;3;2;2;2;2;2;2;2;2;2;2;2;2;2;2;2;3;3;3;3;0;0;0;0;0;0;0;0;0;1;0;0;7;3;2;3;2;2;4;1;1;1;2;1;2;2;8;3;2;2;2;1;0;1;1;2;3;2;4;4;4;4;4;3;4;2;2;2;2;4;2;2;4;4;4;1;2;2;4;1;3;1;4;1;6;7;7;4;3;8;2;2;2;1;1;2;3;7;8;3;2;1;7;3;2;1;2;2;3;5;3;3;7;3;8;2;3;2;3;4;5;3;2;4;3;3;3;5;1;5;1;5;5;5;2;3;3;3;3;2;2;3;2;3;3;3;3;1;1;410002;410002;410002;2;3;3;4;1;2;3;2;2;3;1;4;2;3;2;2;7;8;8;9;7;5;9;7;7;6;7;5;6;2;2;1;1;1;2;2;2;1954;63;5;3;1;1;1;410;410;410;1;2;1;2390;1;2;3;2;3;2;1;1;1;1;1;1;5;6;9;2;2;1;3;4;2;0;100000020;410004;0;1;1;0.6783333333333333;0.6366666666666667;0.4722222222222222;0.6111111111111112;0.5;0.33;0.66;0.49666666666666676;0.33;1.0;1.0;0.7766666666666667;1.0;1.0;1.0;1.0;0.66;0.33;0.33;0.44;1.0;0.0;1.0;0.6666666666666666;1.0;1.0;1.0;1.0;0.2222222222222222;0.2222222222222222;0.2222222222222222;0.2222222222222222;0.0;0.0;0.0;0.0;1.0;1.0;1.0;1.0;1.0;1.0;1.0;1.0;1.0;1.0;1.0;1.0;0;0;0;0;0;8;7;4;6;8;8;5;6;5;8;7;8;3;2;7;8;2;4;3;300;55000;0;2;6;1;7;6;8;6;7;1;1;4;7;7;2;2;2;3;3;1;3;2;2;2;8;2;2;4
"1-5-0 (2020-11-16)";"doi.org/10.14281/18241.1";2018;410;"KOR";732;"ROK";410070422;20180106;201712;201801;17.25;17.45;20;1;410044;410010;7;4;3;1;422;2390;"ko";2;1;1.0;0.8032128514056225;41453.815261044176;1;1;1;2;1;3;2;1;2;1;2;1;1;1;2;2;2;1;2;1;2;1;2;2;2;2;1;2;2;3;3;2;2;1;2;1;4;2;4;1;4;2;2;4;2;1;2;3;2;2;4;7;6;4;4;4;4;4;1;2;1;2;2;3;2;3;2;3;3;2;3;3;2;2;3;4;2;2;1;3;2;2;2;3;2;2;2;2;2;2;2;2;2;3;3;3;2;1;1;0;1;0;0;0;0;0;2;0;0;8;7;4;4;3;1;4;2;3;2;2;3;2;2;8;4;2;1;2;1;1;2;0;0;2;2;3;3;3;3;4;4;4;1;2;2;2;3;2;2;2;2;4;1;2;1;2;3;1;2;1;2;9;9;3;9;6;9;9;1;1;1;1;3;3;6;7;2;1;2;8;4;3;2;1;1;1;1;3;4;6;2;6;2;1;2;1;1;1;3;2;3;3;1;1;1;1;2;1;1;1;2;2;2;2;2;2;1;1;3;2;2;2;2;2;1;1;410002;410002;410002;1;4;3;3;1;2;4;4;1;1;1;1;2;4;1;3;3;8;3;9;9;2;8;7;6;8;9;7;7;2;2;3;3;2;3;3;1;1958;59;5;3;1;1;1;410;410;410;1;4;1;2390;1;2;3;2;3;2;1;1;3;2;1;5;3;-5;0;1;1;1;2;4;2;2;20000000;410004;3;2;2;0.5394444444444445;0.6372222222222224;0.4200462962962963;0.2992592592592593;1.0;0.33;0.0;0.44333333333333336;0.66;1.0;0.8333333333333334;0.8311111111111112;1.0;0.0;0.0;0.3333333333333333;0.66;0.66;0.33;0.5499999999999999;1.0;0.0;1.0;0.6666666666666666;0.25;0.33;0.66;0.41333333333333333;0.0;0.2222222222222222;0.3333333333333333;0.1851851851851852;0.33;0.5;0.41500000000000004;0.41500000000000004;1.0;1.0;1.0;1.0;1.0;1.0;1.0;1.0;1.0;1.0;1.0;1.0;1;0;1;0;1;7;6;5;7;6;5;5;4;3;4;7;8;4;6;5;8;1;8;2;850;18000;0;7;2;1;8;6;7;8;6;1;1;8;7;10;2;7;7;6;2;1;2;2;1;2;10;5;5;4
"1-5-0 (2020-11-16)";"doi.org/10.14281/18241.1";2018;410;"KOR";732;"ROK";410070423;20180106;201712;201801;17.26;17.46;20;1;410048;410014;7;4;3;1;423;2390;"ko";2;1;1.0;0.8032128514056225;41453.815261044176;1;1;2;3;2;3;1;1;1;1;1;2;2;2;2;2;2;1;2;1;2;1;2;1;2;2;3;2;2;3;3;3;4;2;2;1;4;2;3;3;2;1;2;2;3;3;1;3;2;2;8;8;5;4;4;4;4;4;1;1;1;2;2;2;2;2;3;3;3;3;3;3;3;3;4;4;3;3;3;3;3;3;3;3;3;3;3;3;3;3;3;3;3;8;3;1;2;0;0;0;0;0;0;0;0;0;0;0;0;7;7;3;3;5;2;7;3;3;2;2;2;2;4;8;2;2;2;2;0;2;2;2;2;3;3;3;2;3;3;3;3;3;1;2;2;2;2;2;2;2;2;3;1;1;1;1;2;3;1;2;1;8;8;6;5;3;8;3;2;2;2;2;3;3;7;8;3;2;2;3;2;3;3;5;5;5;8;8;8;8;3;8;2;2;3;3;5;2;8;2;3;4;3;2;5;2;5;1;2;1;2;1;1;2;2;2;1;1;2;2;1;2;2;2;2;2;410002;410002;410002;2;4;3;4;2;1;3;4;1;1;1;1;2;3;3;3;3;3;3;8;3;3;8;3;2;8;8;7;7;2;2;2;2;2;3;3;1;1989;28;2;1;1;1;1;410;410;410;1;3;2;2390;6;0;6;3;-3;-3;3;2;3;2;1;-3;4;-3;3;2;1;2;3;6;2;0;100000020;410004;1;1;1;0.8025000000000001;0.7750000000000001;0.5616666666666666;0.6233333333333333;1.0;0.33;0.66;0.6633333333333334;0.66;1.0;1.0;0.8866666666666667;1.0;1.0;1.0;1.0;0.66;0.66;0.66;0.66;1.0;1.0;1.0;1.0;0.75;0.33;0.66;0.5800000000000001;0.4444444444444444;0.7777777777777778;0.7777777777777778;0.6666666666666666;0.0;0.0;0.0;0.0;1.0;1.0;1.0;1.0;1.0;1.0;1.0;1.0;1.0;1.0;1.0;1.0;0;0;0;1;0;8;3;3;5;3;3;5;3;8;7;3;8;3;8;5;3;1;2;3;550;40000;0;5;6;1;5;5;8;7;3;1;1;3;3;5;3;3;3;3;2;1;2;4;2;4;7;3;3;-3
"1-5-0 (2020-11-16)";"doi.org/10.14281/18241.1";2018;410;"KOR";732;"ROK";410070424;20180106;201712;201801;17.36;18.12;36;1;410027;410003;8;5;2;1;424;2390;"ko";2;1;1.0;0.8032128514056225;41453.815261044176;1;2;2;3;1;3;2;1;1;1;2;1;1;2;2;2;2;1;2;1;2;2;2;1;2;2;1;2;3;3;3;2;2;1;2;1;3;3;3;2;2;2;2;2;2;3;1;2;2;2;6;7;5;4;4;4;4;4;2;2;1;3;2;3;3;3;2;2;3;2;3;3;3;3;3;3;3;2;2;2;3;3;2;3;3;3;3;3;2;2;2;3;3;7;3;1;2;1;0;0;0;0;0;0;0;0;1;0;0;4;4;8;4;7;2;8;3;4;3;4;3;3;4;8;4;2;2;1;1;1;1;2;2;2;3;3;2;3;3;3;2;3;1;1;2;2;2;2;2;2;2;3;2;1;1;2;1;3;1;1;2;8;7;6;7;3;7;7;1;1;1;1;3;3;3;4;1;1;2;7;1;1;1;1;1;5;1;4;5;5;1;4;1;1;1;2;1;1;4;2;4;4;2;2;2;1;2;1;2;2;1;2;2;3;2;3;2;2;3;3;2;3;3;3;1;1;410002;410002;410002;1;4;2;3;2;1;3;4;1;1;2;3;3;3;2;3;7;7;4;8;7;3;6;7;4;7;8;7;7;2;2;2;2;2;3;3;2;1969;48;4;2;1;1;1;410;410;410;1;4;1;2390;1;2;3;2;3;2;1;1;1;1;1;1;4;3;10;2;2;1;3;5;2;7;70000000;410004;1;1;1;0.28944444444444445;0.3038888888888889;0.39935185185185185;0.4653703703703703;0.5;0.33;0.0;0.27666666666666667;0.66;0.0;0.3333333333333333;0.33111111111111113;0.0;0.0;0.0;0.0;0.33;0.66;0.66;0.55;1.0;0.0;1.0;0.6666666666666666;0.25;0.66;0.66;0.5233333333333333;0.4444444444444444;0.3333333333333333;0.4444444444444444;0.4074074074074074;0.0;0.0;0.0;0.0;1.0;1.0;1.0;1.0;1.0;1.0;1.0;1.0;1.0;1.0;1.0;1.0;0;0;0;0;1;7;5;6;6;4;4;4;5;4;5;4;6;3;4;5;3;1;1;2;400;30000;5000;8;4;1;8;7;6;8;6;2;1;3;2;6;4;3;2;1;3;1;3;4;1;2;7;6;3;4
"1-5-0 (2020-11-16)";"doi.org/10.14281/18241.1";2018;410;"KOR";732;"ROK";410070425;20180106;201712;201801;17.41;18.09;28;1;410047;410013;6;3;4;1;425;2390;"ko";3;1;1.0;0.8032128514056225;41453.815261044176;1;2;1;2;1;3;1;1;1;1;1;2;2;2;2;2;2;1;1;1;2;1;2;1;2;2;3;2;3;2;2;3;2;1;1;1;3;3;5;2;2;2;2;2;2;1;1;1;2;1;6;6;6;3;4;4;3;3;2;2;1;3;4;4;3;3;3;3;3;2;2;4;4;4;3;3;3;3;3;3;3;3;3;3;3;3;3;3;3;3;3;3;3;6;1;1;1;1;0;0;0;0;0;0;0;0;1;0;0;9;7;3;3;2;1;8;3;3;3;3;2;3;3;4;2;0;0;0;1;0;0;2;1;4;3;4;3;3;3;4;2;2;1;1;2;2;2;2;2;3;3;3;1;1;2;1;2;3;2;1;4;7;7;7;6;6;7;2;2;2;2;2;4;4;4;5;2;1;2;4;5;2;2;2;2;1;2;3;6;3;4;3;4;1;3;3;3;2;7;4;4;4;3;3;5;1;5;1;2;2;2;2;3;3;3;3;3;3;3;3;2;2;3;3;2;2;410002;410002;410002;2;2;2;2;3;3;2;3;3;3;2;2;3;4;3;3;4;7;1;8;7;1;6;6;6;5;8;5;4;3;3;2;2;2;2;3;2;1984;33;2;2;1;1;1;410;410;410;1;4;2;2390;1;2;3;2;3;2;1;1;1;1;5;1;-3;9;9;-3;2;2;3;3;1;7;70000000;410004;1;2;1;0.7616666666666667;0.5800000000000001;0.45939814814814817;0.3362962962962963;0.0;0.66;0.66;0.44;0.66;1.0;0.5;0.7200000000000001;1.0;1.0;1.0;1.0;0.66;1.0;1.0;0.8866666666666667;1.0;1.0;1.0;1.0;0.25;0.66;0.33;0.4133333333333334;0.0;0.2222222222222222;0.5555555555555556;0.25925925925925924;0.33;0.0;0.165;0.165;1.0;1.0;1.0;1.0;1.0;1.0;1.0;1.0;1.0;1.0;1.0;1.0;0;0;1;0;0;6;3;5;6;4;4;4;3;4;3;3;7;2;3;3;2;-3;-3;3;400;30000;10000;5;3;1;5;5;5;6;6;1;3;5;5;8;6;6;5;4;2;1;4;4;1;4;8;6;6;4
"1-5-0 (2020-11-16)";"doi.org/10.14281/18241.1";2018;410;"KOR";732;"ROK";410070426;20180106;201712;201801;17.53;19.51;118;1;410041;410007;8;5;2;1;426;2390;"ko";2;1;1.0;0.8032128514056225;41453.815261044176;1;2;2;3;4;2;2;1;2;2;1;1;2;1;1;2;2;1;2;1;2;1;2;1;2;2;2;1;2;1;3;2;2;1;3;3;3;3;2;1;3;2;2;3;1;2;2;2;2;2;7;6;5;4;4;4;4;4;3;1;1;1;2;2;2;4;1;1;2;2;1;2;2;1;2;2;2;2;2;2;3;1;2;2;1;1;2;2;1;1;2;1;2;7;2;3;3;1;0;0;0;0;0;0;0;0;0;0;0;7;6;4;5;7;1;6;2;2;2;1;1;2;3;5;4;1;1;2;2;2;1;2;1;2;2;3;3;4;3;4;2;3;1;1;2;4;4;2;2;2;2;3;1;2;2;1;2;3;1;1;3;4;4;7;5;5;3;6;1;1;1;1;2;2;2;2;2;2;1;4;2;3;3;1;1;1;2;3;2;2;3;2;1;1;1;2;2;1;2;2;1;1;2;2;3;1;2;5;5;2;5;5;2;3;2;2;2;3;2;2;3;2;2;2;2;2;410002;410002;410002;2;3;3;2;1;3;1;3;2;2;1;3;3;2;2;3;3;7;7;5;6;6;6;6;6;7;5;7;6;2;2;1;1;1;2;3;2;1950;67;6;3;1;1;1;410;410;410;1;2;1;2390;1;3;3;2;3;2;0;1;0;1;5;4;-3;-5;10;-3;2;3;3;5;2;1;10100000;410004;1;1;1;0.3597222222222222;0.4427777777777778;0.32611111111111113;0.15222222222222223;0.5;0.33;0.33;0.3866666666666667;0.33;1.0;0.16666666666666666;0.49888888888888894;1.0;0.0;0.0;0.3333333333333333;0.0;0.33;0.33;0.22;1.0;1.0;1.0;1.0;0.25;0.33;0.0;0.19333333333333336;0.0;0.2222222222222222;0.1111111111111111;0.1111111111111111;0.0;0.0;0.0;0.0;1.0;1.0;1.0;1.0;1.0;1.0;1.0;1.0;1.0;1.0;1.0;1.0;0;0;0;0;1;7;7;6;7;7;8;8;7;7;5;7;7;6;3;8;6;-3;-3;3;200;120000;0;-3;7;1;-3;-3;-3;8;5;1;2;5;2;8;6;5;5;3;2;1;2;1;2;1;8;5;5;4
"1-5-0 (2020-11-16)";"doi.org/10.14281/18241.1";2018;410;"KOR";732;"ROK";410070427;20180106;201712;201801;17.54;18.14;20;1;410026;410002;8;5;2;1;427;2390;"ko";3;1;1.0;0.8032128514056225;41453.815261044176;1;1;2;2;1;2;2;1;1;1;2;2;1;2;2;2;1;1;2;1;2;1;2;1;2;2;2;3;3;3;2;2;3;3;1;1;4;2;3;2;1;1;2;2;2;3;1;2;2;2;8;8;7;4;4;4;4;4;1;2;1;1;2;2;2;2;2;2;2;2;2;2;2;3;3;3;3;2;2;2;2;2;2;2;2;2;2;2;2;2;2;2;2;5;3;3;1;0;0;0;0;0;0;0;0;0;0;0;0;8;6;4;6;5;2;6;2;2;2;2;2;2;2;6;3;2;2;2;1;1;1;1;1;3;2;4;4;4;4;4;4;4;2;2;2;3;3;2;2;3;3;3;1;1;2;1;3;1;3;2;1;8;8;7;5;5;7;5;2;2;2;2;3;3;3;4;2;2;2;4;2;2;2;1;2;3;2;3;6;6;2;3;2;2;1;2;1;2;1;4;4;4;3;2;5;1;5;5;5;5;5;5;3;3;3;3;2;3;3;3;2;3;3;3;1;1;410001;410001;410001;2;3;3;3;2;2;2;3;2;2;2;2;1;2;2;2;9;7;6;8;7;6;7;7;5;5;7;7;7;2;2;2;1;1;2;3;2;1970;47;4;2;1;1;1;410;410;410;1;3;1;2390;1;1;3;2;6;3;2;1;2;1;7;3;-3;3;6;-3;2;2;3;5;2;7;70000000;410004;2;1;0;0.48444444444444446;0.47055555555555556;0.3808333333333333;0.4700000000000001;0.5;0.33;0.33;0.3866666666666667;0.33;1.0;0.3333333333333333;0.5544444444444444;1.0;0.0;1.0;0.6666666666666666;0.33;0.33;0.33;0.33;1.0;0.0;0.0;0.3333333333333333;0.5;0.66;0.66;0.6066666666666668;0.2222222222222222;0.2222222222222222;0.5555555555555556;0.3333333333333333;0.0;0.5;0.25;0.25;1.0;1.0;1.0;1.0;1.0;1.0;1.0;1.0;1.0;1.0;1.0;1.0;1;0;0;1;0;7;6;5;7;6;7;6;6;5;5;6;8;4;8;8;7;-3;-3;3;600;27000;0;9;5;2;8;8;7;9;8;1;1;6;2;3;8;6;5;2;3;2;2;2;3;3;3;8;6;4
"1-5-0 (2020-11-16)";"doi.org/10.14281/18241.1";2018;410;"KOR";732;"ROK";410070428;20180106;201712;201801;17.54;18.17;23;1;410041;410007;8;5;2;1;428;2390;"ko";2;1;1.0;0.8032128514056225;41453.815261044176;1;2;2;1;2;2;1;2;1;1;2;1;2;2;1;2;2;1;2;1;1;1;2;1;2;1;3;2;2;3;3;3;3;3;2;1;3;3;3;2;2;2;2;4;3;1;2;3;2;2;8;8;4;4;4;4;4;4;1;1;1;2;2;2;3;3;2;2;3;2;3;2;2;2;3;3;2;2;2;3;3;2;2;3;3;3;2;2;2;3;3;2;2;3;3;3;2;2;2;0;0;0;0;0;0;0;0;0;0;8;7;3;4;5;1;7;2;2;3;2;2;3;2;7;4;2;2;1;1;2;2;1;1;2;2;3;3;3;3;3;3;3;2;2;2;3;3;2;2;3;3;3;1;2;2;3;4;1;3;4;1;7;8;5;7;8;8;6;1;1;1;1;2;2;2;3;2;1;2;6;3;4;3;2;3;3;3;4;5;5;3;3;2;2;2;4;3;4;4;3;3;2;2;2;5;1;2;1;5;5;5;1;2;2;2;3;3;1;2;2;2;3;2;3;1;1;410001;410001;410001;3;3;2;2;2;2;2;2;2;2;2;2;2;2;2;3;8;7;6;8;8;5;9;3;4;8;9;8;8;2;2;2;2;3;3;3;1;1937;80;6;3;1;1;1;410;410;410;1;2;1;2390;1;3;0;1;0;1;0;1;0;1;4;5;-3;-5;10;-3;2;3;3;3;1;2;20000000;410004;1;1;-1;0.6230555555555556;0.5811111111111111;0.41583333333333333;0.41500000000000004;1.0;0.33;0.66;0.6633333333333334;0.33;1.0;0.16666666666666666;0.49888888888888894;1.0;1.0;1.0;1.0;0.33;0.33;0.33;0.33;0.0;0.0;1.0;0.3333333333333333;0.5;0.33;0.66;0.49666666666666676;0.2222222222222222;0.3333333333333333;0.4444444444444444;0.3333333333333333;0.0;1.0;0.5;0.5;1.0;1.0;1.0;1.0;1.0;1.0;1.0;1.0;1.0;1.0;1.0;1.0;1;0;0;0;0;7;4;4;5;3;2;3;3;7;4;6;7;6;4;6;7;-3;-3;3;150;45000;0;-3;5;1;-3;-3;-3;8;3;1;1;2;3;5;5;3;2;3;2;2;2;3;2;2;3;7;2;4
"1-5-0 (2020-11-16)";"doi.org/10.14281/18241.1";2018;410;"KOR";732;"ROK";410070429;20180106;201712;201801;17.55;18.18;23;1;410026;410002;8;5;2;1;429;2390;"ko";2;1;1.0;0.8032128514056225;41453.815261044176;1;1;2;2;2;4;2;1;2;1;1;2;1;1;2;2;2;1;2;2;2;2;2;2;2;2;1;4;1;2;2;2;1;1;1;1;2;1;4;3;3;1;2;2;2;1;1;2;2;1;8;3;8;4;4;4;4;4;1;2;1;4;2;4;3;3;2;1;2;3;3;3;2;2;2;3;3;2;3;3;3;3;3;2;3;3;3;3;3;3;3;3;3;7;3;3;2;0;0;1;0;0;0;0;0;0;0;0;0;8;3;5;3;7;2;8;3;2;3;2;2;1;2;8;3;2;2;2;1;2;2;1;1;3;2;3;3;2;3;3;3;3;1;1;2;2;2;1;1;2;2;2;1;2;1;2;1;1;3;1;2;8;8;8;3;8;8;9;2;2;2;2;4;4;7;8;3;2;2;3;6;1;1;1;1;5;6;7;7;8;7;7;8;5;5;1;6;5;8;2;2;2;2;2;2;2;3;2;3;2;3;3;1;2;2;2;2;2;2;2;1;1;1;2;2;2;410002;410002;410002;2;4;4;3;2;2;3;2;2;2;2;1;3;4;1;3;2;8;1;9;6;2;6;7;7;8;8;6;6;2;3;1;2;2;3;3;1;1993;24;1;1;2;1;1;-2;410;410;1;5;2;2390;6;0;3;2;-3;-3;3;2;6;3;2;-3;5;-3;3;2;2;2;2;8;3;0;100000020;-5;1;1;2;0.4291666666666667;0.6933333333333334;0.4256481481481481;0.3512962962962963;0.5;0.66;0.0;0.3866666666666667;1.0;1.0;1.0;1.0;0.0;0.0;0.0;0.0;0.0;0.66;0.33;0.33;1.0;1.0;1.0;1.0;0.0;0.0;0.33;0.11;0.4444444444444444;0.6666666666666666;0.6666666666666666;0.5925925925925926;0.0;0.0;0.0;0.0;1.0;1.0;1.0;1.0;1.0;1.0;1.0;1.0;1.0;1.0;1.0;1.0;0;0;0;0;1;7;6;6;6;3;2;6;7;7;5;5;9;8;8;3;7;2;4;2;650;150000;10000;6;7;1;9;7;3;8;1;1;1;5;2;6;4;5;4;5;2;1;1;1;1;4;6;4;5;-3
"1-5-0 (2020-11-16)";"doi.org/10.14281/18241.1";2018;410;"KOR";732;"ROK";410070430;20180106;201712;201801;18.1;18.54;44;1;410041;410007;8;5;2;1;430;2390;"ko";2;1;1.0;0.8032128514056225;41453.815261044176;1;2;2;2;3;1;1;1;2;1;1;1;2;2;2;2;2;1;2;1;2;2;2;2;2;2;2;1;2;2;2;2;2;1;2;1;3;3;1;3;2;2;2;2;2;2;2;3;2;2;7;8;7;4;4;4;4;4;1;2;1;2;3;3;3;3;1;2;2;2;3;2;2;2;3;4;3;3;3;3;3;3;3;2;2;2;3;3;3;3;3;3;3;7;3;3;2;2;1;0;0;0;0;0;0;0;0;0;0;8;4;6;2;4;1;6;3;2;2;2;2;2;2;7;3;2;1;2;2;2;2;2;2;2;2;2;2;3;3;3;2;2;2;2;2;3;3;2;2;3;3;3;1;2;1;3;2;2;1;1;2;7;6;5;5;6;6;9;1;1;1;1;2;3;1;1;1;1;1;8;1;1;1;1;1;2;3;6;6;7;5;7;1;1;2;5;3;2;8;2;3;3;2;1;2;1;1;1;5;1;5;1;2;2;1;2;2;1;2;2;2;2;2;2;1;1;-2;-2;-2;2;3;3;2;2;3;3;3;3;3;2;2;2;1;2;2;7;8;6;6;7;2;5;5;2;6;5;6;7;2;2;1;2;2;3;3;2;1969;48;4;2;1;1;1;410;410;410;1;7;1;2390;1;3;3;2;3;2;1;1;1;1;5;1;-3;3;9;-3;2;2;3;6;2;2;20000000;410004;3;2;1;0.22083333333333333;0.27666666666666667;0.6351851851851853;0.35537037037037045;1.0;0.33;0.33;0.5533333333333333;0.0;0.0;0.0;0.0;0.0;0.0;0.0;0.0;0.33;0.33;0.33;0.33;1.0;1.0;1.0;1.0;0.25;0.33;0.33;0.3033333333333334;0.1111111111111111;0.5555555555555556;0.5555555555555556;0.40740740740740744;0.66;1.0;0.8300000000000001;0.8300000000000001;1.0;1.0;1.0;1.0;1.0;1.0;1.0;1.0;1.0;1.0;1.0;1.0;1;1;0;0;1;7;7;8;8;7;6;7;7;7;7;6;8;7;7;6;8;-3;-3;3;700;80000;3000;8;6;1;9;8;7;7;8;1;1;2;2;8;3;2;2;2;2;1;2;2;2;3;8;3;3;4
"1-5-0 (2020-11-16)";"doi.org/10.14281/18241.1";2018;410;"KOR";732;"ROK";410070431;20180106;201712;201801;18.2;18.58;37;1;410041;410007;8;5;2;1;431;2390;"ko";1;1;1.0;0.8032128514056225;41453.815261044176;1;1;3;2;2;2;1;1;1;1;2;1;2;2;2;2;2;1;2;1;2;1;2;1;2;2;2;3;2;3;3;3;3;3;2;1;3;3;4;3;3;2;2;2;2;2;2;3;2;2;7;7;6;4;4;4;4;4;1;1;1;2;2;3;2;2;1;2;2;2;3;2;2;3;3;3;2;2;2;2;2;2;2;2;2;2;2;2;2;2;2;2;2;6;2;3;2;2;1;0;0;0;0;0;0;0;0;0;0;6;7;4;4;4;1;6;2;2;2;2;2;2;2;6;3;1;2;1;1;1;1;1;1;2;2;4;2;2;3;4;3;3;2;2;2;3;2;2;2;2;3;3;1;1;1;1;3;3;1;2;1;6;6;6;4;5;6;8;1;1;1;1;3;3;1;1;1;1;1;5;5;3;2;2;2;1;1;1;2;2;1;1;2;2;2;1;2;2;1;3;3;3;3;3;5;1;4;2;5;5;5;5;2;3;2;3;3;3;3;3;3;3;3;3;1;1;410008;410008;410008;3;3;3;3;3;3;3;3;3;3;2;4;2;3;2;3;7;3;5;3;4;4;4;5;5;7;6;6;6;2;2;2;2;1;2;2;2;1945;72;6;3;1;1;1;410;410;410;1;2;1;2390;1;2;1;1;1;1;0;1;0;1;5;4;-3;-5;9;-3;2;3;3;4;2;1;10100000;410004;2;1;1;0.49833333333333335;0.33166666666666667;0.3625925925925926;0.2668518518518519;1.0;0.33;0.33;0.5533333333333333;0.33;0.0;0.0;0.11;1.0;1.0;1.0;1.0;0.33;0.33;0.33;0.33;1.0;0.0;1.0;0.6666666666666666;0.5;0.33;0.66;0.49666666666666676;0.0;0.0;0.1111111111111111;0.037037037037037035;0.0;0.5;0.25;0.25;1.0;1.0;1.0;1.0;1.0;1.0;1.0;1.0;1.0;1.0;1.0;1.0;1;0;0;1;0;8;6;6;6;5;6;5;5;5;6;7;7;5;5;6;7;-3;-3;3;100;30000;0;-3;4;1;-3;-3;-3;8;5;1;1;5;5;5;5;7;4;5;3;3;2;2;2;2;5;4;8;4
"1-5-0 (2020-11-16)";"doi.org/10.14281/18241.1";2018;410;"KOR";732;"ROK";410070432;20180106;201712;201801;18.2;19.16;56;1;410048;410014;6;3;4;1;432;2390;"ko";3;1;1.0;0.8032128514056225;41453.815261044176;1;2;1;2;2;2;1;2;1;1;2;1;2;1;2;2;2;1;2;1;2;1;2;2;2;2;2;2;1;3;2;2;3;3;1;1;2;1;4;4;2;4;3;3;2;3;2;3;2;2;7;6;6;4;4;4;4;4;3;1;1;2;2;3;2;3;2;2;4;3;3;2;3;4;4;4;2;2;2;3;2;3;3;2;2;2;2;2;2;2;2;2;2;8;3;1;2;0;0;0;0;0;0;0;0;0;0;0;0;8;4;7;5;6;1;5;4;3;4;3;3;2;0;3;3;2;2;0;1;0;2;0;0;3;2;4;4;4;4;4;4;4;1;2;2;4;4;2;2;3;3;4;1;2;1;2;1;1;3;1;2;8;8;3;7;4;8;7;1;1;1;1;3;4;1;2;1;1;1;5;5;3;1;3;2;1;3;4;5;5;1;5;1;5;5;5;5;5;5;2;4;4;2;1;2;1;2;1;5;1;5;1;3;3;3;3;3;3;3;3;3;3;3;3;1;1;-2;-2;-2;1;3;2;3;4;1;3;3;2;2;2;3;4;3;4;3;5;8;3;7;8;4;5;4;5;7;8;8;6;2;2;1;1;1;2;2;1;1964;53;4;3;1;1;1;410;410;410;1;4;2;2390;1;2;3;2;3;2;0;1;1;1;1;5;9;-5;9;2;1;2;3;4;2;2;20000000;410004;1;1;1;0.5258333333333334;0.33166666666666667;0.24481481481481482;0.322962962962963;1.0;0.33;0.33;0.5533333333333333;0.33;0.0;0.0;0.11;1.0;1.0;1.0;1.0;0.33;0.33;0.66;0.44;0.0;0.0;1.0;0.3333333333333333;0.5;0.0;0.66;0.3866666666666667;0.0;0.3333333333333333;0.4444444444444444;0.25925925925925924;0.0;0.0;0.0;0.0;1.0;1.0;1.0;1.0;1.0;1.0;1.0;1.0;1.0;1.0;1.0;1.0;0;0;0;0;1;7;5;5;5;5;5;5;5;5;7;7;7;7;7;7;4;1;2;3;400;40000;0;7;3;1;7;7;7;8;6;1;2;3;3;4;2;2;2;2;3;1;4;4;2;2;5;3;2;4
"1-5-0 (2020-11-16)";"doi.org/10.14281/18241.1";2018;410;"KOR";732;"ROK";410070433;20180106;201712;201801;18.22;18.42;20;1;410048;410014;7;4;3;1;433;2390;"ko";2;1;1.0;0.8032128514056225;41453.815261044176;1;1;2;3;2;3;1;1;1;1;1;2;2;2;2;2;2;1;2;1;2;1;2;1;2;2;3;1;3;3;3;3;4;2;2;1;4;2;4;3;2;1;2;2;2;3;1;3;2;2;7;7;5;4;4;4;4;4;1;1;2;2;2;2;2;2;2;2;2;2;2;3;3;2;3;3;2;2;2;2;2;2;2;2;2;2;2;2;2;2;2;2;2;3;3;1;2;0;0;0;0;0;0;0;0;0;0;0;0;8;3;8;3;3;2;5;2;2;2;2;2;2;4;5;3;2;2;2;2;2;2;2;1;2;3;3;2;3;3;3;3;3;1;2;2;2;2;2;2;2;2;3;1;1;1;1;2;3;4;2;1;8;8;3;3;3;8;3;2;2;2;2;3;3;7;8;3;2;2;2;2;4;1;3;3;6;7;7;8;8;3;8;2;2;2;3;3;3;3;3;3;4;2;2;2;1;2;1;2;1;2;1;1;2;2;2;2;2;2;2;1;2;2;2;1;1;410002;410002;410002;1;4;2;4;2;2;4;4;1;1;1;2;3;3;3;3;3;7;4;9;6;2;8;8;3;9;8;8;8;2;2;2;2;1;3;3;1;1980;37;3;2;1;1;1;410;410;410;1;3;1;2390;1;1;6;3;6;3;3;2;3;2;1;5;3;-5;3;2;1;1;3;5;2;0;100000020;410004;2;2;1;0.7750000000000001;0.7750000000000001;0.6304166666666666;0.6783333333333333;1.0;0.33;0.66;0.6633333333333334;0.66;1.0;1.0;0.8866666666666667;1.0;1.0;1.0;1.0;0.33;0.66;0.66;0.55;1.0;1.0;1.0;1.0;0.75;0.66;0.66;0.6900000000000001;0.5555555555555556;0.6666666666666666;0.7777777777777778;0.6666666666666666;0.33;0.0;0.165;0.165;1.0;1.0;1.0;1.0;1.0;1.0;1.0;1.0;1.0;1.0;1.0;1.0;0;0;1;1;0;8;5;5;7;5;5;5;5;5;5;4;8;3;8;6;5;1;5;3;350;25000;3000;8;5;1;8;8;7;8;4;1;2;4;5;8;3;3;4;5;2;1;2;3;2;3;8;2;3;4
"1-5-0 (2020-11-16)";"doi.org/10.14281/18241.1";2018;410;"KOR";732;"ROK";410070434;20180106;201712;201801;18.28;18.48;20;1;410041;410007;8;5;2;1;434;2390;"ko";3;1;1.0;0.8032128514056225;41453.815261044176;1;1;2;3;2;3;1;1;1;1;1;2;2;2;2;2;2;1;2;1;1;2;2;2;2;2;2;2;3;3;2;2;4;2;2;1;3;3;3;4;4;4;4;4;2;2;2;2;2;1;8;8;8;4;4;4;4;4;3;2;1;2;2;3;3;3;3;2;3;3;2;2;2;2;3;4;3;2;2;2;3;2;3;3;3;3;3;3;3;2;2;2;2;4;3;1;2;0;2;0;1;0;0;0;0;0;0;0;0;5;5;6;6;6;2;6;2;2;3;3;3;2;4;5;3;1;1;2;0;1;1;1;1;3;2;4;4;4;4;4;4;4;2;2;2;3;3;2;2;3;3;3;1;1;2;1;3;1;3;1;2;7;5;3;5;3;7;2;2;2;2;2;4;4;7;8;3;2;1;6;3;3;2;2;2;4;2;2;6;6;3;6;2;2;2;2;2;2;2;1;4;4;3;2;2;1;4;2;2;2;2;3;2;2;2;2;2;3;3;2;3;2;2;3;1;1;-2;-2;-2;2;2;3;3;3;3;2;3;2;2;1;4;4;4;3;3;5;5;2;8;6;2;6;6;5;7;7;7;7;2;2;2;2;2;2;2;1;1985;32;2;2;1;1;1;410;410;410;1;4;2;2390;6;0;6;3;-3;-3;3;2;6;3;1;-3;3;-3;1;2;2;1;2;7;2;0;100000020;410004;2;1;1;0.6508333333333334;0.6366666666666667;0.5683333333333334;0.5116666666666667;0.5;0.33;0.33;0.3866666666666667;0.66;1.0;1.0;0.8866666666666667;1.0;1.0;1.0;1.0;0.33;0.33;0.33;0.33;1.0;1.0;1.0;1.0;0.75;0.66;0.66;0.6900000000000001;0.3333333333333333;0.1111111111111111;0.5555555555555556;0.3333333333333333;0.0;0.5;0.25;0.25;1.0;1.0;1.0;1.0;1.0;1.0;1.0;1.0;1.0;1.0;1.0;1.0;1;0;0;0;1;8;6;6;6;6;4;6;6;6;5;5;8;6;8;8;7;1;6;2;800;120000;0;7;6;1;8;8;7;8;6;1;4;4;2;5;1;2;2;2;2;1;2;2;2;3;7;2;2;-3
"1-5-0 (2020-11-16)";"doi.org/10.14281/18241.1";2018;410;"KOR";732;"ROK";410070435;20180106;201712;201801;18.3;19.06;35;1;410011;410001;8;5;1;1;435;2390;"ko";2;1;1.0;0.8032128514056225;41453.815261044176;1;2;3;3;2;4;2;1;1;1;2;2;1;1;2;2;2;1;1;1;1;1;1;1;2;1;3;2;3;3;3;2;3;3;2;1;4;2;5;3;2;2;2;2;2;1;1;3;3;2;8;4;4;4;4;4;4;4;1;2;1;3;2;4;3;4;3;2;2;2;2;2;3;2;4;4;3;2;2;2;2;2;2;2;2;2;2;2;2;2;1;1;1;6;3;1;2;0;0;0;0;0;0;0;0;0;0;0;0;5;7;5;4;8;2;6;2;2;2;2;2;2;2;6;2;2;1;0;1;1;2;0;1;3;3;3;2;2;3;4;3;2;1;2;2;1;2;2;2;1;2;3;1;2;2;2;3;2;3;2;1;6;5;5;5;5;5;3;2;2;2;2;4;3;7;7;3;2;2;6;2;2;1;1;2;3;2;4;6;6;2;5;1;1;1;1;1;3;5;4;4;4;3;2;5;1;5;1;5;1;5;1;2;3;2;2;2;1;2;2;2;3;2;2;1;1;-2;-2;-2;1;3;2;3;2;2;1;2;2;2;2;1;2;4;2;4;7;6;4;8;6;6;7;6;6;6;7;6;6;2;2;2;2;2;3;3;2;1965;52;4;3;1;1;1;410;410;410;1;6;2;2390;1;3;3;2;3;2;0;1;0;1;1;1;5;3;9;2;2;2;3;5;2;0;100000020;410004;3;2;2;0.6925;0.8316666666666668;0.5559259259259259;0.4885185185185186;1.0;0.33;0.66;0.6633333333333334;1.0;1.0;1.0;1.0;1.0;0.0;1.0;0.6666666666666666;0.33;0.33;0.66;0.44;1.0;0.0;1.0;0.6666666666666666;0.5;0.66;0.66;0.6066666666666668;0.2222222222222222;0.3333333333333333;0.5555555555555556;0.3703703703703704;0.66;0.5;0.5800000000000001;0.5800000000000001;1.0;1.0;1.0;1.0;1.0;1.0;1.0;1.0;1.0;1.0;1.0;1.0;1;1;0;1;0;3;4;3;3;2;3;3;2;3;2;2;5;3;3;3;7;1;5;3;220;38000;0;7;5;1;7;7;7;6;3;1;2;3;5;5;1;3;4;6;2;1;2;2;1;2;6;2;3;4
"1-5-0 (2020-11-16)";"doi.org/10.14281/18241.1";2018;410;"KOR";732;"ROK";410070436;20180106;201712;201801;18.34;18.54;20;1;410041;410007;8;5;2;1;436;2390;"ko";1;1;1.0;0.8032128514056225;41453.815261044176;1;1;1;2;1;3;1;1;2;2;1;1;2;2;2;2;1;1;2;2;2;2;2;1;2;2;1;1;2;2;2;2;2;1;1;1;2;1;2;3;3;3;3;2;1;2;1;1;2;1;5;6;5;4;4;4;4;4;1;2;1;3;1;2;4;3;4;3;2;2;3;3;4;3;3;3;2;3;2;3;3;2;3;2;1;1;1;2;2;1;1;2;1;7;1;1;1;0;0;0;0;0;0;0;0;0;0;0;0;7;6;7;6;5;1;7;3;2;2;2;1;2;2;3;3;2;2;2;2;0;0;0;0;3;1;4;4;4;4;4;4;4;2;2;2;2;2;2;2;4;3;3;1;2;1;4;3;2;4;3;2;8;6;1;7;5;6;1;2;2;2;2;2;1;7;8;3;2;2;4;4;1;1;1;1;8;5;7;9;6;8;7;1;1;1;5;6;5;7;2;1;2;2;2;3;2;3;1;1;1;1;1;3;3;3;3;3;3;3;3;3;3;3;3;1;1;410002;410002;410002;2;4;3;3;2;2;3;4;1;1;2;3;3;4;3;3;8;7;1;9;5;1;6;7;1;9;10;7;5;2;2;3;3;4;3;4;2;1995;22;1;1;1;1;1;410;410;410;1;4;2;2390;6;0;5;3;-3;-3;3;2;3;2;1;-3;3;-3;3;2;2;2;3;7;2;0;100000020;410004;5;3;0;0.4425;0.49833333333333335;0.6244444444444445;0.5405555555555556;0.0;0.33;0.0;0.11;0.66;1.0;1.0;0.8866666666666667;0.0;0.0;0.0;0.0;0.66;0.66;1.0;0.7733333333333334;1.0;1.0;0.0;0.6666666666666666;0.25;0.33;0.33;0.3033333333333334;0.7777777777777778;0.6666666666666666;0.8888888888888888;0.7777777777777777;1.0;0.5;0.75;0.75;1.0;1.0;1.0;1.0;1.0;1.0;1.0;1.0;1.0;1.0;1.0;1.0;1;1;1;1;1;6;8;6;7;5;8;6;5;6;8;6;4;4;4;3;6;1;2;3;700;53000;5000;6;5;1;7;6;5;6;5;3;3;2;2;5;5;3;3;3;1;3;2;1;1;2;6;6;7;-3
"1-5-0 (2020-11-16)";"doi.org/10.14281/18241.1";2018;410;"KOR";732;"ROK";410070437;20180106;201712;201801;18.36;19.04;28;1;410047;410013;6;3;4;1;437;2390;"ko";3;1;1.0;0.8032128514056225;41453.815261044176;1;2;1;2;1;3;1;1;1;1;1;2;2;2;2;2;2;1;2;1;2;1;2;2;2;2;3;3;2;3;2;3;2;1;1;1;3;3;5;2;2;2;2;2;1;2;2;1;2;2;8;8;9;3;4;4;3;3;1;2;1;3;3;4;4;3;3;3;2;2;2;4;4;4;4;4;4;3;3;3;3;3;3;3;3;3;3;3;3;3;3;3;3;7;1;1;1;1;0;0;0;0;0;0;0;0;0;0;0;9;8;2;2;2;1;9;3;3;3;3;2;4;4;4;1;0;0;0;0;0;0;2;1;4;2;4;3;3;3;4;2;2;2;2;2;2;2;2;2;4;4;4;1;1;2;1;2;3;1;4;1;6;7;6;7;7;6;4;2;2;2;2;3;3;4;5;2;2;1;4;2;3;1;2;2;1;2;2;4;2;3;3;4;1;3;3;3;3;6;4;4;4;2;2;4;1;4;1;4;4;4;2;2;2;2;2;2;2;2;2;2;2;2;2;1;1;410001;410001;410001;2;2;2;2;2;2;2;3;3;3;1;3;4;4;2;4;8;8;2;7;7;2;6;7;6;4;4;4;6;3;3;2;2;2;2;3;1;1972;45;4;2;1;1;1;410;410;410;1;4;2;2390;1;2;3;2;3;2;1;1;1;1;1;1;6;9;9;2;1;2;3;2;1;7;70000000;410004;0;1;1;0.7616666666666667;0.5800000000000001;0.39037037037037037;0.28074074074074074;0.0;0.66;0.66;0.44;0.66;1.0;0.5;0.7200000000000001;1.0;1.0;1.0;1.0;0.66;1.0;1.0;0.8866666666666667;1.0;1.0;1.0;1.0;0.25;0.33;0.66;0.41333333333333333;0.0;0.1111111111111111;0.3333333333333333;0.14814814814814814;0.0;0.0;0.0;0.0;1.0;1.0;1.0;1.0;1.0;1.0;1.0;1.0;1.0;1.0;1.0;1.0;0;0;0;0;0;7;3;2;7;3;3;2;3;4;2;2;8;3;3;4;4;1;5;3;400;30000;10000;6;3;1;7;8;7;8;8;1;4;5;3;6;9;6;4;4;2;2;4;3;1;4;6;9;6;4
"1-5-0 (2020-11-16)";"doi.org/10.14281/18241.1";2018;410;"KOR";732;"ROK";410070438;20180106;201712;201801;18.43;19.04;21;1;410048;410014;7;4;3;1;438;2390;"ko";2;1;1.0;0.8032128514056225;41453.815261044176;1;2;2;2;2;2;1;1;1;1;1;2;2;2;2;2;2;1;2;1;2;1;2;1;2;2;3;2;2;3;2;3;4;2;2;1;2;1;4;2;2;2;2;2;2;3;1;3;2;2;5;5;3;4;4;4;4;4;1;2;2;2;2;2;2;2;2;2;2;2;2;2;2;2;3;3;2;2;2;2;2;2;2;2;2;2;2;2;2;2;2;2;2;8;3;1;2;0;0;0;0;0;0;0;0;0;0;0;0;7;5;3;3;3;2;5;2;2;2;2;2;2;4;8;4;2;2;2;2;2;1;1;1;2;2;4;3;4;4;4;4;4;1;2;2;2;2;2;2;2;2;3;1;1;1;1;2;1;3;1;2;8;8;4;8;3;8;8;1;1;1;1;2;2;1;1;1;1;1;4;3;3;3;3;3;6;3;2;5;4;2;5;2;2;2;2;2;2;2;2;3;4;2;2;2;1;2;1;2;1;2;1;1;2;2;2;2;2;2;2;1;2;2;2;1;1;410002;410002;410002;2;4;2;2;2;2;4;4;1;1;1;2;3;3;3;3;3;3;5;5;8;3;8;5;5;8;8;8;8;2;2;2;2;2;2;2;1;1963;54;4;3;1;1;1;410;410;410;1;4;1;2390;1;2;3;2;3;2;1;1;1;1;1;1;3;3;-5;2;1;1;3;6;2;2;20000000;410004;1;1;1;0.5258333333333334;0.3866666666666667;0.48759259259259263;0.47518518518518527;1.0;0.33;0.66;0.6633333333333334;0.33;0.0;0.0;0.11;1.0;1.0;1.0;1.0;0.33;0.33;0.33;0.33;1.0;1.0;1.0;1.0;0.75;0.33;0.66;0.5800000000000001;0.5555555555555556;0.1111111111111111;0.4444444444444444;0.3703703703703704;0.0;0.0;0.0;0.0;1.0;1.0;1.0;1.0;1.0;1.0;1.0;1.0;1.0;1.0;1.0;1.0;0;0;0;0;1;5;5;5;8;5;7;5;5;5;5;5;5;3;7;6;9;1;5;3;700;50000;0;5;6;1;5;6;6;7;3;1;3;5;5;7;3;3;3;5;2;1;2;3;2;3;8;3;5;4
"1-5-0 (2020-11-16)";"doi.org/10.14281/18241.1";2018;410;"KOR";732;"ROK";410070439;20180106;201712;201801;18.43;19.18;35;1;410048;410014;7;4;3;1;439;2390;"ko";2;1;1.0;0.8032128514056225;41453.815261044176;1;2;2;2;1;3;1;2;1;1;2;1;2;1;2;2;2;1;2;1;1;1;1;1;2;2;2;3;3;3;3;3;4;2;2;1;4;2;3;4;4;2;4;4;2;2;1;2;2;2;7;7;7;4;4;4;3;4;1;2;1;3;2;3;3;3;2;3;3;3;3;3;2;2;3;3;2;3;2;2;2;3;3;3;2;2;2;2;2;2;2;2;2;6;3;1;2;0;0;0;0;0;0;0;0;0;1;0;0;7;5;3;5;7;1;6;1;2;2;2;1;2;3;5;2;1;0;0;0;0;0;0;1;3;3;3;2;4;4;4;3;3;2;2;2;2;2;2;2;2;3;4;1;1;1;2;3;3;1;1;3;7;7;3;4;3;8;6;1;1;1;1;3;3;2;2;2;2;2;7;3;3;1;1;1;1;1;2;6;3;1;3;1;1;1;1;1;1;3;3;4;4;2;2;2;1;4;1;4;4;2;2;2;2;3;3;2;3;3;3;3;3;3;3;2;2;410002;410002;410002;2;4;4;4;2;2;4;4;2;2;2;3;3;4;2;3;7;7;2;8;6;1;8;6;1;6;8;7;7;2;2;2;2;2;2;2;2;1987;30;2;2;1;1;1;410;410;410;1;3;1;2390;1;1;6;3;6;3;3;2;3;2;3;1;4;6;4;2;2;1;3;7;2;2;20000000;410004;2;1;1;0.46972222222222226;0.4977777777777778;0.3738888888888889;0.45611111111111113;0.5;0.33;0.33;0.3866666666666667;0.66;1.0;0.16666666666666666;0.6088888888888889;1.0;0.0;0.0;0.3333333333333333;0.66;0.66;0.33;0.5499999999999999;0.0;0.0;1.0;0.3333333333333333;0.75;0.66;0.66;0.6900000000000001;0.0;0.1111111111111111;0.5555555555555556;0.22222222222222224;0.0;0.5;0.25;0.25;1.0;1.0;1.0;1.0;1.0;1.0;1.0;1.0;1.0;1.0;1.0;1.0;1;0;0;0;1;7;6;7;7;5;5;5;6;6;6;6;7;5;7;7;6;4;1;3;550;20000;5000;7;6;2;7;7;7;8;5;1;1;6;6;7;5;5;5;5;2;1;2;2;2;3;8;6;5;4
"1-5-0 (2020-11-16)";"doi.org/10.14281/18241.1";2018;410;"KOR";732;"ROK";410070440;20180106;201712;201801;18.57;19.22;25;1;410041;410007;8;5;2;1;440;2390;"ko";2;1;1.0;0.8032128514056225;41453.815261044176;2;2;2;2;3;2;1;1;2;1;2;1;1;2;2;2;2;1;2;1;2;1;2;1;2;1;2;3;3;2;3;2;2;1;2;1;2;1;2;2;3;2;2;4;2;1;2;2;2;2;8;7;3;4;4;4;4;4;1;1;1;2;2;3;3;3;2;2;2;2;3;2;2;2;3;3;2;2;2;2;2;2;2;2;3;3;3;2;2;2;2;2;2;4;2;3;3;1;1;0;0;0;0;0;0;0;0;0;0;7;4;7;4;7;1;6;2;2;3;3;2;2;2;7;2;2;1;2;2;2;1;1;2;2;3;3;3;3;3;3;3;3;2;2;2;4;4;2;2;3;3;3;1;1;2;4;1;3;1;2;4;7;8;4;7;7;8;6;1;1;1;1;3;2;2;3;2;1;1;5;3;4;3;3;3;2;3;5;5;5;3;3;2;3;3;3;2;3;4;2;2;2;3;2;5;1;5;1;5;5;5;2;3;3;3;3;3;1;2;2;2;3;3;3;1;1;-2;-2;-2;2;2;3;3;2;2;2;3;3;2;2;2;2;2;2;3;5;8;5;9;8;5;10;4;3;8;9;8;8;2;2;2;2;2;3;3;2;1941;76;6;3;1;1;1;410;410;410;1;3;1;2390;5;3;1;1;-3;-3;0;1;0;1;5;-3;-3;-5;10;-3;2;3;3;5;2;2;20000000;410004;1;1;1;0.5538888888888889;0.4427777777777778;0.35333333333333333;0.37333333333333335;0.5;0.33;0.33;0.3866666666666667;0.33;1.0;0.16666666666666666;0.49888888888888894;1.0;1.0;1.0;1.0;0.33;0.33;0.33;0.33;1.0;0.0;1.0;0.6666666666666666;0.25;0.66;0.33;0.4133333333333334;0.1111111111111111;0.4444444444444444;0.4444444444444444;0.3333333333333333;0.0;0.0;0.0;0.0;1.0;1.0;1.0;1.0;1.0;1.0;1.0;1.0;1.0;1.0;1.0;1.0;0;0;0;1;0;5;5;6;5;4;3;2;3;6;4;3;5;6;4;6;6;-3;-3;3;350;75000;10000;-3;5;1;-3;-3;-3;7;3;1;1;3;5;7;2;2;2;3;2;1;2;2;3;3;5;3;4;-5
"1-5-0 (2020-11-16)";"doi.org/10.14281/18241.1";2018;410;"KOR";732;"ROK";410070441;20180106;201712;201801;18.59;19.19;20;1;410011;410001;8;5;1;1;441;2390;"ko";1;1;1.0;0.8032128514056225;41453.815261044176;1;1;2;1;2;1;1;1;1;1;2;1;2;2;2;2;2;1;2;1;2;1;2;2;2;2;2;3;1;1;2;2;2;1;1;1;2;1;2;3;2;3;2;2;2;2;2;2;2;2;8;7;7;4;4;4;4;4;3;2;1;2;2;3;3;3;2;1;2;1;2;2;3;2;2;3;2;2;3;3;2;2;2;3;3;3;2;2;2;3;2;2;2;8;1;2;2;0;0;0;0;0;0;0;0;0;0;0;0;7;8;7;8;7;1;7;3;2;3;2;3;1;2;8;4;0;2;0;1;0;1;0;1;2;2;2;1;3;3;3;3;3;2;2;2;2;2;2;2;3;3;3;2;1;1;1;3;3;2;1;3;8;9;8;6;8;8;9;1;1;2;2;2;2;7;8;2;1;2;7;3;2;2;3;2;3;2;3;2;2;2;2;2;1;2;1;1;1;8;2;2;2;2;2;1;2;1;2;3;2;1;2;2;3;3;3;3;3;3;3;3;1;2;3;1;1;410002;410002;410002;1;3;2;3;3;3;3;3;2;3;1;1;2;3;2;2;7;8;8;7;7;8;7;7;8;7;8;7;8;2;2;2;1;2;1;2;1;1979;38;3;2;1;1;1;410;410;410;1;5;1;2390;1;3;5;3;5;3;3;2;3;2;1;5;3;-5;5;2;1;1;3;5;2;0;100000020;410004;3;2;1;0.5958333333333333;0.5266666666666666;0.3375462962962963;0.13425925925925927;0.5;0.33;0.33;0.3866666666666667;0.0;1.0;1.0;0.6666666666666666;1.0;1.0;1.0;1.0;0.0;0.33;0.66;0.33;1.0;0.0;1.0;0.6666666666666666;0.25;0.0;0.0;0.08333333333333333;0.2222222222222222;0.2222222222222222;0.1111111111111111;0.1851851851851852;0.33;0.5;0.41500000000000004;0.41500000000000004;1.0;1.0;1.0;1.0;1.0;1.0;1.0;1.0;1.0;1.0;1.0;1.0;1;0;1;0;1;6;8;7;8;8;8;7;8;7;7;8;7;7;8;7;7;1;4;2;350;15000;31000;7;6;2;8;8;7;7;8;1;1;2;2;8;2;2;2;2;1;1;3;3;2;4;9;2;2;4
"1-5-0 (2020-11-16)";"doi.org/10.14281/18241.1";2018;410;"KOR";732;"ROK";410070442;20180106;201712;201801;19.03;19.39;36;1;410027;410003;8;5;2;1;442;2390;"ko";3;1;1.0;0.8032128514056225;41453.815261044176;1;2;2;2;1;2;2;1;2;1;1;1;1;2;2;2;2;1;2;1;2;1;2;1;2;2;1;2;3;3;2;1;2;1;2;1;3;3;2;2;2;2;2;2;1;3;1;3;3;2;6;6;7;4;4;4;4;4;2;2;1;3;2;3;3;3;2;2;2;2;3;3;3;3;3;3;2;2;2;3;3;2;2;3;2;2;3;3;2;2;3;3;3;6;3;1;2;1;0;0;0;0;0;0;0;0;1;0;0;7;5;4;3;7;1;8;3;3;2;3;2;3;0;7;4;2;2;1;0;1;0;2;1;2;2;3;2;3;3;3;2;3;1;1;2;2;2;2;2;2;2;3;2;1;1;2;3;3;1;1;3;8;8;4;8;2;8;5;1;2;2;2;4;3;4;5;2;2;2;8;1;1;1;1;2;5;1;4;6;6;2;5;2;2;2;3;1;1;4;2;4;4;2;2;1;1;1;1;2;1;1;1;2;3;2;3;2;2;3;3;2;3;3;3;1;1;410002;410002;410002;1;4;3;3;2;1;3;4;1;1;2;3;2;2;2;3;3;8;3;8;7;8;8;6;2;8;8;6;7;2;2;2;2;2;3;3;1;1991;26;2;1;1;1;1;410;410;410;1;3;2;2390;6;3;5;3;-3;-3;3;2;3;2;1;-3;5;-3;4;2;2;2;3;5;2;1;10100000;410004;2;1;1;0.48416666666666663;0.5266666666666666;0.5544444444444444;0.48388888888888887;1.0;0.33;0.0;0.44333333333333336;0.33;1.0;0.5;0.61;0.0;0.0;1.0;0.3333333333333333;0.33;0.66;0.66;0.55;1.0;1.0;1.0;1.0;0.25;0.66;0.66;0.5233333333333333;0.4444444444444444;0.3333333333333333;0.5555555555555556;0.4444444444444444;0.0;0.5;0.25;0.25;1.0;1.0;1.0;1.0;1.0;1.0;1.0;1.0;1.0;1.0;1.0;1.0;1;0;0;0;1;6;5;5;5;4;4;5;4;5;4;4;6;4;5;5;4;1;2;3;500;40000;10000;8;4;1;8;7;7;8;4;2;1;2;1;5;6;4;2;1;2;1;3;4;1;2;6;5;3;-3
"1-5-0 (2020-11-16)";"doi.org/10.14281/18241.1";2018;410;"KOR";732;"ROK";410070443;20180106;201712;201801;19.03;20.08;64;1;410048;410014;7;4;3;1;443;2390;"ko";3;1;1.0;0.8032128514056225;41453.815261044176;1;2;2;2;1;3;2;1;2;2;1;1;2;1;2;1;2;1;2;1;1;2;2;1;2;2;3;1;3;3;3;3;3;3;1;1;4;2;4;2;3;1;1;3;2;2;2;2;2;1;5;6;6;4;4;4;4;4;3;2;1;2;2;3;3;3;2;3;2;2;3;2;2;2;3;3;2;2;2;3;2;2;2;2;2;2;2;2;2;2;2;2;2;8;3;3;2;0;0;0;0;0;0;0;0;0;2;0;0;8;4;3;7;8;1;5;2;2;2;2;2;2;4;8;3;2;1;2;2;1;2;2;2;2;2;4;3;3;3;4;3;4;1;1;2;1;1;2;2;1;1;2;1;2;1;1;2;3;1;1;4;8;7;6;7;7;7;5;2;2;2;2;3;4;7;8;3;1;1;6;1;1;1;2;2;5;2;8;8;6;2;6;1;1;1;1;3;1;5;2;4;4;3;2;2;1;2;2;5;2;5;2;2;2;2;2;2;2;2;2;2;2;2;2;1;1;-2;-2;-2;1;3;2;3;2;2;3;4;3;3;1;2;3;4;1;4;4;7;1;10;7;1;9;5;5;10;10;7;7;2;2;1;1;1;3;4;2;1980;37;3;2;1;1;1;410;410;410;1;4;1;2390;1;2;6;3;6;3;1;1;3;2;1;1;3;3;3;2;2;2;3;6;2;0;100000020;410004;0;1;2;0.6225;0.6916666666666668;0.5683333333333334;0.6366666666666667;0.5;0.33;0.66;0.49666666666666676;0.66;1.0;1.0;0.8866666666666667;0.0;1.0;1.0;0.6666666666666666;0.66;0.33;0.33;0.44;1.0;1.0;1.0;1.0;0.5;0.66;0.66;0.6066666666666668;0.4444444444444444;0.7777777777777778;0.7777777777777778;0.6666666666666666;0.0;0.0;0.0;0.0;1.0;1.0;1.0;1.0;1.0;1.0;1.0;1.0;1.0;1.0;1.0;1.0;0;0;0;0;0;7;6;5;6;4;5;3;2;4;3;3;7;3;3;7;6;1;6;2;650;45000;5002;8;5;1;8;8;5;8;3;1;1;5;5;5;5;3;3;3;2;2;1;1;1;3;6;5;5;4
"1-5-0 (2020-11-16)";"doi.org/10.14281/18241.1";2018;410;"KOR";732;"ROK";410070444;20180106;201712;201801;19.08;19.29;22;1;410048;410014;7;4;3;1;444;2390;"ko";2;1;1.0;0.8032128514056225;41453.815261044176;2;2;2;2;3;3;1;1;1;1;1;2;2;2;2;2;2;1;2;1;2;1;2;1;2;2;3;2;3;3;3;3;4;2;2;1;4;2;4;3;2;2;2;2;2;3;1;3;2;2;7;7;5;4;4;4;4;4;1;1;2;2;2;2;2;2;3;3;3;3;3;4;4;4;4;4;3;3;3;3;3;3;3;3;3;3;3;3;3;3;3;3;3;8;3;1;2;0;0;0;0;0;0;0;0;0;0;0;0;5;5;8;3;3;2;5;2;2;2;2;2;2;3;8;2;2;2;2;2;2;1;1;1;3;2;4;4;4;4;4;4;4;1;2;2;2;2;2;2;2;3;3;1;2;2;2;1;1;3;2;1;5;8;4;7;5;7;5;1;2;2;2;3;3;4;5;2;2;2;5;3;3;3;3;3;5;7;7;8;5;3;8;3;2;2;2;2;2;6;3;3;4;3;2;5;1;5;1;3;1;3;1;2;2;3;3;1;1;2;2;2;2;2;2;1;1;410008;410008;410008;2;4;2;4;2;2;4;4;1;1;2;2;3;3;3;3;5;3;3;8;3;3;8;3;3;8;8;8;8;2;2;2;2;2;2;2;2;1980;37;3;2;1;1;1;410;410;410;1;3;1;2390;1;1;6;3;6;3;3;2;6;3;5;1;-3;3;3;-3;2;1;3;5;2;7;70000000;410004;1;1;1;0.8175000000000001;0.6916666666666668;0.5799074074074074;0.6598148148148149;1.0;0.33;0.66;0.6633333333333334;0.66;1.0;0.5;0.7200000000000001;1.0;1.0;1.0;1.0;0.66;1.0;1.0;0.8866666666666667;1.0;1.0;1.0;1.0;0.75;0.66;0.66;0.6900000000000001;0.4444444444444444;0.6666666666666666;0.7777777777777778;0.6296296296296297;0.0;0.0;0.0;0.0;1.0;1.0;1.0;1.0;1.0;1.0;1.0;1.0;1.0;1.0;1.0;1.0;0;0;0;1;0;8;5;5;5;3;3;3;3;3;5;3;8;3;7;5;5;-3;-3;3;400;30000;0;-3;5;1;-3;-3;-3;8;5;1;1;6;7;3;3;5;5;5;2;3;2;3;2;3;3;3;7;4
"1-5-0 (2020-11-16)";"doi.org/10.14281/18241.1";2018;410;"KOR";732;"ROK";410070445;20180106;201712;201801;19.17;19.47;30;1;410041;410007;8;5;2;1;445;2390;"ko";1;1;1.0;0.8032128514056225;41453.815261044176;1;1;1;2;2;3;1;2;1;2;2;1;1;1;2;2;2;1;2;2;2;2;2;1;2;2;2;1;1;2;2;2;2;1;1;1;1;1;2;3;3;2;3;3;1;3;3;3;2;2;3;6;7;4;4;4;4;4;1;1;1;3;1;2;4;4;4;4;1;2;1;2;2;3;3;2;3;3;2;3;3;4;3;3;3;3;2;2;2;2;3;3;2;9;1;1;1;0;0;0;0;0;0;0;0;0;0;0;0;5;6;7;4;5;1;6;3;2;2;2;2;2;2;5;3;2;2;2;2;2;0;1;2;3;2;4;4;4;4;4;4;4;2;2;2;2;2;2;2;4;4;4;2;1;1;3;4;2;4;2;4;6;6;1;4;6;8;1;2;2;2;2;1;2;7;8;3;2;2;6;8;1;1;1;1;8;6;7;7;4;1;5;1;1;5;7;4;7;6;2;1;2;2;2;2;1;2;1;1;1;1;2;3;3;3;3;3;3;3;3;3;3;3;3;1;1;410002;410002;410002;1;4;3;3;2;1;4;4;1;1;2;4;4;4;4;4;6;5;7;6;3;5;6;7;5;7;8;6;5;2;1;2;2;3;2;2;2;1961;56;5;3;1;1;1;410;410;410;1;4;1;2390;1;4;3;2;3;2;0;1;1;1;1;1;3;3;10;2;2;1;3;5;2;0;100000020;410004;4;3;1;0.4708333333333333;0.665;0.5575925925925926;0.44851851851851854;1.0;0.0;0.33;0.44333333333333336;0.66;1.0;1.0;0.8866666666666667;0.0;0.0;0.0;0.0;1.0;0.33;0.33;0.5533333333333333;0.0;0.0;1.0;0.3333333333333333;0.25;0.0;0.33;0.19333333333333336;0.7777777777777778;0.6666666666666666;0.6666666666666666;0.7037037037037037;1.0;1.0;1.0;1.0;1.0;1.0;1.0;1.0;1.0;1.0;1.0;1.0;1.0;1.0;1.0;1.0;1;1;1;1;0;8;6;7;8;4;6;4;3;7;5;4;5;3;7;6;6;1;2;3;720;47800;3200;8;5;1;5;4;6;7;5;2;2;3;3;5;3;3;2;2;1;1;2;2;2;2;5;5;5;4
"1-5-0 (2020-11-16)";"doi.org/10.14281/18241.1";2018;410;"KOR";732;"ROK";410070446;20180106;201712;201801;19.17;19.37;20;1;410041;410007;8;5;2;1;446;2390;"ko";3;1;1.0;0.8032128514056225;41453.815261044176;1;2;2;3;2;4;1;1;1;1;1;2;2;2;2;2;2;1;2;1;1;1;2;2;2;2;3;2;2;3;3;3;4;2;3;3;4;2;3;4;3;3;4;4;2;3;2;3;2;2;7;7;7;4;4;4;4;4;3;2;1;2;3;4;3;3;3;2;2;2;2;2;2;2;3;3;2;2;2;2;2;2;3;3;2;2;2;2;3;2;2;2;2;3;3;2;2;0;0;0;0;0;0;0;0;0;0;0;0;5;6;5;5;5;2;6;2;2;3;2;2;1;4;5;4;2;2;2;1;2;1;1;1;2;2;4;4;4;4;4;4;4;2;2;2;3;3;2;2;3;3;3;1;1;1;1;2;3;1;1;4;7;7;5;4;4;6;3;2;2;2;2;4;4;7;7;3;1;2;4;3;2;1;1;1;5;4;5;6;5;3;6;1;1;1;1;1;1;7;1;4;4;2;2;3;1;1;2;3;2;3;2;2;2;1;2;2;3;3;2;2;2;2;3;1;1;8;8;8;2;3;3;2;2;2;3;3;2;2;2;3;3;4;3;4;4;6;1;10;7;1;8;6;3;10;10;7;6;2;2;2;2;2;2;2;1;1960;57;5;3;1;1;1;410;410;410;1;3;1;2390;1;1;6;3;6;3;6;3;6;3;3;1;1;5;1;2;1;1;3;6;2;0;100000020;410004;0;1;1;0.5816666666666667;0.8316666666666668;0.5153703703703704;0.5307407407407407;1.0;0.33;0.66;0.6633333333333334;1.0;1.0;1.0;1.0;1.0;0.0;0.0;0.3333333333333333;0.33;0.33;0.33;0.33;1.0;1.0;1.0;1.0;0.75;0.33;0.66;0.5800000000000001;0.4444444444444444;0.4444444444444444;0.5555555555555556;0.48148148148148145;0.0;0.0;0.0;0.0;1.0;1.0;1.0;1.0;1.0;1.0;1.0;1.0;1.0;1.0;1.0;1.0;0;0;0;0;0;8;7;7;6;6;6;6;5;5;5;6;8;6;5;6;7;3;2;2;680;70000;7000;7;5;1;8;8;8;8;5;1;5;2;1;4;1;1;1;1;2;1;2;2;2;3;5;1;1;4
"1-5-0 (2020-11-16)";"doi.org/10.14281/18241.1";2018;410;"KOR";732;"ROK";410070447;20180106;201712;201801;19.18;19.47;29;1;410048;410014;6;3;4;1;447;2390;"ko";3;1;1.0;0.8032128514056225;41453.815261044176;1;2;2;3;2;2;1;2;1;1;2;1;2;1;2;2;2;1;2;1;2;1;2;2;2;2;2;1;1;4;2;3;3;3;2;1;3;3;4;4;2;4;4;2;2;3;2;3;2;2;7;6;4;4;4;4;4;4;2;2;2;2;2;3;3;3;3;3;4;3;3;2;3;3;4;4;2;2;2;3;2;3;3;2;3;3;2;2;2;3;2;2;2;8;3;1;2;0;0;0;0;0;0;0;0;0;0;0;0;7;4;7;5;6;2;6;3;3;3;3;3;2;3;4;4;2;2;0;1;0;1;2;1;2;2;4;4;4;4;4;4;4;1;2;2;2;2;2;2;3;3;3;2;2;2;2;1;1;3;1;4;9;9;3;8;8;7;5;1;1;1;1;2;2;3;4;2;1;1;5;4;3;2;3;3;1;3;4;5;5;1;3;1;6;1;1;5;3;4;2;4;4;3;2;5;1;4;1;5;5;5;2;3;3;3;3;3;3;3;3;3;3;3;3;1;1;410001;410001;410001;2;3;2;2;3;3;3;3;2;2;2;3;4;3;3;4;7;7;3;8;8;7;7;3;7;8;9;7;7;3;4;2;2;2;2;3;2;1946;71;6;3;1;1;1;410;410;410;1;4;1;2390;1;3;1;1;1;1;0;1;0;1;5;4;-3;-5;9;-3;2;2;5;3;1;7;70000000;410004;0;1;1;0.7202777777777778;0.6655555555555556;0.27314814814814814;0.37962962962962965;1.0;1.0;0.33;0.7766666666666667;0.33;1.0;0.3333333333333333;0.5544444444444444;1.0;1.0;1.0;1.0;0.66;0.33;0.66;0.5499999999999999;0.0;0.0;1.0;0.3333333333333333;0.5;0.0;1.0;0.5;0.0;0.3333333333333333;0.4444444444444444;0.25925925925925924;0.0;0.0;0.0;0.0;1.0;1.0;1.0;1.0;1.0;1.0;1.0;1.0;1.0;1.0;1.0;1.0;0;0;0;0;0;6;6;4;4;5;6;4;4;5;5;5;5;5;7;4;4;-3;-3;5;60;15000;0;-3;3;1;-3;-3;-3;7;5;1;1;3;3;5;5;3;3;2;4;2;4;4;2;3;5;6;3;4
"1-5-0 (2020-11-16)";"doi.org/10.14281/18241.1";2018;410;"KOR";732;"ROK";410070448;20180106;201712;201801;19.32;20.17;45;1;410026;410002;8;5;2;1;448;2390;"ko";2;1;1.0;0.8032128514056225;41453.815261044176;1;2;2;2;1;2;1;1;2;1;2;2;1;1;2;2;2;1;2;2;2;2;2;2;2;2;2;4;3;3;2;2;2;1;1;1;3;3;2;1;2;2;2;3;2;2;2;3;3;2;5;5;5;4;4;4;4;4;2;2;1;2;4;4;4;4;3;3;4;3;3;3;3;3;3;4;3;2;3;3;3;3;3;3;3;3;3;3;3;3;3;3;3;7;3;2;2;1;0;0;0;0;0;0;0;0;0;0;0;8;7;7;6;7;2;6;2;3;2;2;3;3;3;7;2;1;2;1;1;1;1;1;1;2;3;3;3;3;3;3;3;3;2;2;2;2;3;2;2;2;3;3;1;2;1;1;2;1;3;1;2;9;8;8;8;9;8;9;2;2;2;2;3;3;4;4;2;2;2;3;5;1;1;1;1;5;4;5;5;7;8;7;7;5;5;1;5;3;7;1;3;2;3;2;4;2;5;2;5;4;5;4;1;2;2;2;3;3;3;3;2;2;2;2;1;1;-2;-2;-2;2;1;3;3;3;3;4;3;3;3;3;1;2;3;3;4;9;9;3;9;5;3;3;8;7;9;9;8;8;2;2;1;2;3;3;3;2;1955;62;5;3;1;1;1;410;410;410;1;2;1;2390;1;2;3;2;3;2;1;1;1;1;1;7;4;-5;9;2;1;2;3;5;2;7;70000000;410004;1;1;2;0.4558333333333333;0.5816666666666667;0.4086111111111111;0.48388888888888887;1.0;0.33;0.33;0.5533333333333333;0.33;1.0;0.5;0.61;0.0;0.0;0.0;0.0;0.66;0.66;0.66;0.66;1.0;0.0;1.0;0.6666666666666666;0.25;0.66;0.66;0.5233333333333333;0.4444444444444444;0.4444444444444444;0.4444444444444444;0.4444444444444444;0.0;0.0;0.0;0.0;1.0;1.0;1.0;1.0;1.0;1.0;1.0;1.0;1.0;1.0;1.0;1.0;0;0;0;0;1;5;8;9;8;8;6;6;7;7;7;8;5;6;8;8;7;4;1;3;250;20000;2000;7;3;2;8;8;7;6;6;2;1;4;6;5;5;5;5;6;2;2;2;1;2;3;4;5;4;4
"1-5-0 (2020-11-16)";"doi.org/10.14281/18241.1";2018;410;"KOR";732;"ROK";410070449;20180106;201712;201801;19.34;19.56;21;1;410028;410004;8;5;2;1;449;2390;"ko";2;1;1.0;0.8032128514056225;41453.815261044176;1;2;2;2;2;3;2;1;1;1;1;1;2;2;2;2;2;1;2;1;2;1;2;1;2;2;2;2;3;3;2;2;2;1;2;1;3;3;3;2;3;3;3;2;3;3;1;3;3;2;5;5;3;4;4;4;4;4;3;1;1;2;2;3;3;3;2;2;3;3;3;2;2;3;3;4;3;2;3;3;3;3;3;3;3;3;2;2;3;3;2;3;3;7;3;1;2;0;0;0;0;0;0;0;0;0;0;0;0;2;4;3;3;8;2;7;2;3;2;2;3;2;2;4;3;2;2;2;2;2;2;2;2;2;2;2;2;3;3;3;3;2;2;2;2;2;2;2;2;3;3;3;1;2;1;1;2;1;2;1;2;4;4;6;6;6;7;6;2;2;2;2;3;3;7;8;3;1;1;3;3;3;2;3;2;2;3;3;3;3;3;4;2;1;2;1;1;1;6;3;3;3;3;2;5;1;5;2;5;2;3;3;3;3;3;3;3;3;3;3;3;3;3;3;3;3;-2;-2;-2;2;3;2;2;2;2;3;2;2;2;1;3;2;3;2;4;4;9;1;9;9;1;8;7;1;8;10;6;6;3;3;3;3;2;3;3;1;1980;37;3;2;1;1;1;410;410;410;1;4;2;2390;6;0;5;3;-3;-3;1;1;2;1;1;-3;3;-3;6;2;2;2;3;4;2;0;100000020;410004;2;2;1;0.7200000000000001;0.7750000000000001;0.46837962962962965;0.3542592592592593;1.0;0.66;0.33;0.6633333333333334;0.66;1.0;1.0;0.8866666666666667;1.0;1.0;1.0;1.0;0.33;0.33;0.33;0.33;1.0;1.0;1.0;1.0;0.25;0.66;0.66;0.5233333333333333;0.1111111111111111;0.2222222222222222;0.2222222222222222;0.1851851851851852;0.33;0.0;0.165;0.165;1.0;1.0;1.0;1.0;1.0;1.0;1.0;1.0;1.0;1.0;1.0;1.0;0;0;1;0;1;6;4;6;3;1;2;1;3;2;2;2;6;2;5;5;3;1;2;3;400;20000;0;5;3;1;5;5;5;7;2;1;1;3;3;5;3;3;3;3;2;7;3;2;3;3;5;3;3;-3
"1-5-0 (2020-11-16)";"doi.org/10.14281/18241.1";2018;410;"KOR";732;"ROK";410070450;20180106;201712;201801;19.37;20.17;40;1;410041;410007;8;5;2;1;450;2390;"ko";2;1;1.0;0.8032128514056225;41453.815261044176;1;2;2;2;3;1;1;1;2;1;1;1;2;2;2;2;2;1;2;1;2;2;2;2;2;2;2;1;2;2;2;2;2;1;3;3;3;3;2;2;1;2;2;3;2;3;2;3;2;3;6;7;7;4;4;4;4;4;1;2;2;2;2;3;3;3;1;2;2;2;3;3;3;2;4;4;2;3;3;3;3;2;3;3;3;3;3;3;3;3;3;3;3;7;3;1;2;2;1;0;0;0;0;0;0;0;0;0;0;9;7;6;6;5;1;6;2;2;3;2;2;2;2;7;3;2;1;1;1;2;2;2;2;2;2;2;2;3;3;3;2;2;2;2;2;3;2;2;2;3;3;3;1;2;1;2;1;2;3;2;3;7;7;8;7;8;6;9;1;1;1;1;3;3;1;1;1;1;1;6;1;1;1;1;1;2;2;2;7;7;6;7;1;7;1;2;5;2;7;3;3;3;3;1;1;1;2;1;5;5;5;1;2;2;2;2;2;1;2;2;2;2;2;2;1;1;-2;-2;-2;3;2;2;3;3;3;3;2;2;3;2;2;3;3;2;2;7;6;7;8;7;2;5;8;8;8;8;7;8;2;2;1;2;2;3;3;1;1943;74;6;3;1;1;1;410;410;410;1;2;1;2390;1;2;6;3;6;3;1;1;1;1;4;5;-3;-5;9;-3;1;2;3;6;2;1;10100000;410004;3;2;1;0.2758333333333334;0.27666666666666667;0.48240740740740745;0.29981481481481487;1.0;0.33;0.33;0.5533333333333333;0.0;0.0;0.0;0.0;0.0;0.0;0.0;0.0;0.33;0.66;0.66;0.55;1.0;1.0;1.0;1.0;0.25;0.33;0.33;0.3033333333333334;0.1111111111111111;0.1111111111111111;0.6666666666666666;0.2962962962962963;0.66;0.0;0.33;0.33;1.0;1.0;1.0;1.0;1.0;1.0;1.0;1.0;1.0;1.0;1.0;1.0;0;1;0;1;1;7;6;7;7;5;5;6;6;6;6;7;8;7;7;8;8;-3;-3;3;250;70000;2000;-3;7;1;-3;-3;-3;8;7;1;1;3;2;5;3;2;2;2;2;2;2;2;2;3;3;6;3;4
"1-5-0 (2020-11-16)";"doi.org/10.14281/18241.1";2018;410;"KOR";732;"ROK";410070451;20180106;201712;201801;19.39;20.04;25;1;410041;410007;8;5;2;1;451;2390;"ko";1;2;1.0;0.8032128514056225;41453.815261044176;1;2;2;1;1;3;1;1;2;1;2;2;1;1;2;2;2;1;2;1;2;2;2;1;2;2;2;3;3;2;3;3;3;3;4;2;3;3;4;3;2;2;3;3;2;2;2;3;2;2;8;8;6;4;4;4;4;4;1;2;1;1;2;3;3;3;3;3;2;3;3;3;3;3;2;4;3;2;2;2;2;1;2;2;2;2;1;1;2;2;2;1;2;6;3;2;2;0;0;0;0;0;0;0;0;0;0;0;0;5;6;4;4;5;1;5;2;3;3;2;3;2;3;5;2;1;0;0;1;1;1;1;1;2;2;2;3;4;4;4;4;2;1;1;2;2;2;2;2;2;2;3;2;2;1;1;2;1;3;1;3;7;8;8;8;8;8;4;2;2;2;2;3;3;7;8;3;2;2;3;1;3;1;3;3;4;1;4;5;4;1;4;1;1;1;1;1;1;1;3;4;4;2;2;3;1;5;1;5;1;5;1;2;2;2;2;1;2;2;2;1;2;2;2;1;1;-2;-2;-2;2;4;3;2;2;1;4;4;1;1;1;2;2;3;2;4;4;7;3;7;8;8;9;8;9;7;7;8;8;2;2;1;1;1;2;2;2;1976;41;3;2;1;1;1;410;410;410;1;4;2;2390;1;2;6;3;6;3;3;2;3;2;5;1;-3;3;7;-3;2;2;3;5;2;0;100000020;410004;1;1;2;0.775;0.72;0.38342592592592595;0.4335185185185185;1.0;0.33;0.33;0.5533333333333333;0.66;1.0;1.0;0.8866666666666667;1.0;1.0;1.0;1.0;0.66;0.66;0.66;0.66;1.0;0.0;1.0;0.6666666666666666;0.5;0.66;0.33;0.49666666666666676;0.3333333333333333;0.3333333333333333;0.4444444444444444;0.3703703703703703;0.0;0.0;0.0;0.0;1.0;1.0;1.0;1.0;1.0;1.0;1.0;1.0;1.0;1.0;1.0;1.0;0;0;0;0;1;7;6;7;7;6;6;7;4;5;4;5;7;5;7;7;6;-3;-3;3;450;35000;0;-3;5;1;-3;-3;-3;8;4;1;1;2;4;5;3;3;2;3;2;3;2;4;1;3;7;3;5;4
"1-5-0 (2020-11-16)";"doi.org/10.14281/18241.1";2018;410;"KOR";732;"ROK";410070452;20180106;201712;201801;19.4;20.05;26;1;410047;410013;6;3;4;1;452;2390;"ko";3;1;1.0;0.8032128514056225;41453.815261044176;1;2;1;2;1;3;1;1;1;1;1;2;2;2;2;2;2;1;2;1;2;1;2;1;2;2;2;2;3;2;2;3;2;1;1;1;3;3;5;2;2;2;2;2;1;1;1;1;2;2;7;7;7;3;4;4;3;3;2;2;1;3;3;4;4;4;3;3;3;2;2;4;4;4;4;4;4;3;2;2;2;2;2;2;3;3;3;3;3;3;3;3;3;7;1;1;1;1;0;0;0;0;0;0;0;0;1;0;0;8;8;3;3;2;2;8;3;3;3;3;3;3;3;4;2;0;0;0;0;1;1;2;1;4;3;4;4;4;3;2;2;2;2;2;2;2;2;2;2;3;3;3;1;1;2;1;2;3;1;4;1;7;6;7;7;7;6;2;2;2;2;2;3;3;4;5;2;1;1;3;2;3;1;2;2;1;2;2;4;3;2;3;4;1;4;3;3;2;6;4;4;4;3;2;5;1;5;1;2;2;2;2;3;3;3;3;3;3;3;3;2;2;2;2;2;2;410002;410002;410002;2;2;2;2;2;3;3;3;3;3;1;3;3;4;4;4;8;7;2;6;7;2;3;7;7;3;7;4;5;3;3;3;3;2;2;3;2;1971;46;4;2;1;1;1;410;410;410;1;4;2;2390;1;0;3;2;3;2;1;1;1;1;1;1;5;9;9;2;2;2;3;3;1;7;70000000;410004;0;1;1;0.7341666666666666;0.525;0.39037037037037037;0.28074074074074074;0.0;0.66;0.33;0.33;0.66;1.0;0.5;0.7200000000000001;1.0;1.0;1.0;1.0;0.66;1.0;1.0;0.8866666666666667;1.0;1.0;1.0;1.0;0.25;0.66;0.33;0.4133333333333334;0.0;0.1111111111111111;0.3333333333333333;0.14814814814814814;0.0;0.0;0.0;0.0;1.0;1.0;1.0;1.0;1.0;1.0;1.0;1.0;1.0;1.0;1.0;1.0;0;0;0;0;0;6;3;6;6;3;3;3;2;4;2;2;7;3;3;4;3;4;2;3;400;30000;5000;8;3;1;8;8;9;8;7;1;3;5;3;9;6;6;5;4;2;1;4;4;4;4;9;6;6;4
"1-5-0 (2020-11-16)";"doi.org/10.14281/18241.1";2018;410;"KOR";732;"ROK";410070453;20180106;201712;201801;19.43;20.4;56;1;410028;410004;8;5;2;1;453;2390;"ko";2;1;1.0;0.8032128514056225;41453.815261044176;1;1;2;2;1;3;1;2;2;1;1;1;2;1;2;2;2;1;2;1;2;1;2;1;2;2;2;3;2;4;2;2;4;2;2;1;3;3;2;1;2;2;3;2;2;1;1;3;3;1;6;5;3;2;1;3;1;2;2;2;1;1;2;3;2;2;3;2;3;2;2;2;3;3;2;3;3;3;3;3;2;2;3;2;2;2;2;2;2;2;2;2;3;5;3;3;2;0;0;0;0;0;0;0;0;0;0;0;0;6;5;5;6;5;1;5;2;2;2;3;3;2;4;7;2;1;1;1;1;2;1;2;2;2;2;3;3;3;4;4;4;3;1;2;2;2;2;2;2;2;2;3;1;1;1;1;2;2;3;1;3;5;7;4;6;4;6;7;2;2;2;2;3;3;5;8;3;2;2;4;4;4;4;3;4;4;3;6;6;7;2;7;2;3;4;5;3;4;4;2;3;3;3;2;5;2;2;1;3;2;3;3;3;3;3;3;3;3;3;3;2;2;3;3;2;2;410001;410001;410001;2;2;3;2;2;3;3;3;2;2;2;3;2;2;3;3;5;7;4;9;7;4;6;7;6;6;7;6;6;2;3;2;3;3;3;3;1;1992;25;2;1;1;1;1;410;410;410;1;4;2;2390;6;0;3;2;-3;-3;3;2;3;2;6;-3;-3;-3;4;-3;2;2;3;5;2;0;100000020;410004;2;2;1;0.7197222222222223;0.7194444444444446;0.5428703703703703;0.5874074074074074;1.0;0.66;0.33;0.6633333333333334;0.66;1.0;0.6666666666666666;0.7755555555555556;1.0;1.0;1.0;1.0;0.33;0.33;0.66;0.44;0.0;1.0;1.0;0.6666666666666666;0.75;0.33;1.0;0.6933333333333334;0.3333333333333333;0.5555555555555556;0.5555555555555556;0.48148148148148145;0.66;0.0;0.33;0.33;1.0;1.0;1.0;1.0;1.0;1.0;1.0;1.0;1.0;1.0;1.0;1.0;0;1;0;0;1;4;6;5;5;6;7;5;6;6;6;5;5;6;7;6;3;-3;-3;3;450;30000;2500;5;4;1;4;6;6;5;3;1;1;3;3;3;5;3;3;3;2;7;2;3;3;3;5;2;2;-3
"1-5-0 (2020-11-16)";"doi.org/10.14281/18241.1";2018;410;"KOR";732;"ROK";410070454;20180106;201712;201801;19.49;20.29;41;1;410048;410014;7;4;3;1;454;2390;"ko";3;1;1.0;0.8032128514056225;41453.815261044176;1;2;2;2;1;3;1;2;1;1;2;1;1;2;2;2;2;1;2;1;1;1;2;2;2;2;2;2;2;3;2;3;2;1;2;1;2;1;4;2;2;2;2;3;2;2;2;2;2;2;7;6;6;4;4;4;3;4;3;2;1;3;2;3;2;3;2;2;2;2;3;3;3;3;3;3;3;3;2;2;2;3;3;3;2;2;2;2;2;2;2;2;2;5;2;3;2;1;0;0;0;0;0;0;0;0;2;0;0;6;5;5;7;7;2;7;1;3;2;2;1;2;3;6;2;1;0;0;0;0;0;1;0;2;3;3;2;4;4;4;4;4;2;2;2;2;2;2;2;2;3;3;2;2;1;2;3;2;3;2;3;6;7;2;4;4;7;6;1;1;2;2;3;4;6;7;2;2;2;6;5;5;1;1;1;5;1;4;7;6;3;4;1;1;1;1;1;1;5;3;4;4;2;1;2;1;4;1;5;4;5;2;2;3;3;3;2;3;3;3;3;3;3;3;2;1;-2;-2;-2;2;4;4;4;2;4;4;4;2;2;2;3;2;3;2;3;8;5;2;8;7;1;7;7;2;7;8;8;8;2;2;2;2;2;2;2;1;1958;59;5;3;1;1;1;410;410;410;1;2;1;2390;1;2;3;2;3;2;1;1;2;1;3;2;4;5;9;2;1;2;3;5;2;7;70000000;410004;4;2;0;0.5252777777777778;0.608888888888889;0.452037037037037;0.44740740740740736;0.5;0.33;0.33;0.3866666666666667;0.66;1.0;0.8333333333333334;0.8311111111111112;1.0;0.0;0.0;0.3333333333333333;0.33;0.66;0.66;0.55;0.0;0.0;1.0;0.3333333333333333;0.25;0.33;0.66;0.41333333333333333;0.4444444444444444;0.3333333333333333;0.6666666666666666;0.48148148148148145;0.66;0.5;0.5800000000000001;0.5800000000000001;1.0;1.0;1.0;1.0;1.0;1.0;1.0;1.0;1.0;1.0;1.0;1.0;1;1;0;1;1;7;5;5;5;5;5;5;5;5;6;6;6;5;6;6;6;4;1;3;300;30000;3000;6;6;1;7;7;7;6;6;2;1;6;5;6;6;5;5;5;2;2;2;2;2;4;6;7;5;4
"1-5-0 (2020-11-16)";"doi.org/10.14281/18241.1";2018;410;"KOR";732;"ROK";410070455;20180106;201712;201801;19.53;20.26;33;1;410041;410007;8;5;2;1;455;2390;"ko";2;1;1.0;0.8032128514056225;41453.815261044176;1;2;2;2;1;2;1;2;2;1;1;2;1;1;2;2;2;1;2;1;1;1;2;1;2;2;2;2;1;2;1;3;2;1;3;3;2;1;3;2;3;1;2;2;2;3;1;1;2;2;9;7;5;4;4;4;4;4;1;1;1;2;2;4;2;3;2;2;2;2;3;2;2;2;2;3;2;2;2;3;2;2;2;2;3;3;2;2;2;3;3;2;2;5;3;1;2;0;0;0;0;0;0;0;0;0;0;0;0;7;7;4;3;7;1;7;2;3;3;2;2;3;2;6;4;2;2;2;2;1;2;2;1;3;2;3;2;3;3;3;2;3;1;1;2;1;2;2;2;2;2;3;2;2;1;2;1;1;4;1;2;8;7;4;2;3;8;5;2;2;2;2;3;3;7;8;3;1;1;8;3;2;2;1;2;3;2;3;3;3;1;3;1;2;2;2;1;2;1;3;3;4;2;1;2;1;2;1;2;1;3;1;2;2;2;3;2;2;2;2;2;2;2;3;1;1;410002;410002;410002;2;2;3;2;3;2;2;2;3;3;1;2;2;3;2;4;5;5;3;7;5;3;7;5;5;5;8;7;7;2;2;1;1;1;2;3;1;1967;50;4;3;1;1;1;410;410;410;1;4;1;2390;1;2;6;3;6;3;3;2;6;3;1;5;3;-5;3;2;1;1;3;6;2;0;100000020;410004;2;2;1;0.49833333333333335;0.49833333333333335;0.31180555555555556;0.20777777777777778;0.0;0.33;0.33;0.22;0.33;1.0;1.0;0.7766666666666667;1.0;0.0;1.0;0.6666666666666666;0.33;0.33;0.33;0.33;0.0;1.0;1.0;0.6666666666666666;0.25;0.0;0.33;0.19333333333333336;0.2222222222222222;0.2222222222222222;0.2222222222222222;0.2222222222222222;0.33;0.0;0.165;0.165;1.0;1.0;1.0;1.0;1.0;1.0;1.0;1.0;1.0;1.0;1.0;1.0;0;0;1;0;1;8;8;6;8;5;4;3;5;4;3;5;9;3;8;8;7;1;6;2;500;85000;2500;8;7;1;7;7;8;8;6;1;1;4;3;8;3;5;5;4;3;1;2;3;2;3;7;2;5;4
"1-5-0 (2020-11-16)";"doi.org/10.14281/18241.1";2018;410;"KOR";732;"ROK";410070456;20180106;201712;201801;19.54;20.14;20;1;410011;410001;8;5;1;1;456;2390;"ko";3;1;1.0;0.8032128514056225;41453.815261044176;1;2;2;3;2;4;2;1;1;1;2;2;1;1;2;2;2;1;2;1;1;1;2;1;2;1;2;3;3;3;2;3;2;1;1;1;2;1;3;2;3;2;2;2;2;1;1;2;2;2;6;6;6;4;4;4;4;4;1;2;1;3;2;3;4;4;4;2;2;2;2;2;3;2;3;4;2;2;2;2;2;2;2;2;1;1;1;1;1;1;1;1;1;7;3;1;2;0;0;0;0;0;0;0;0;0;0;0;0;8;6;7;4;7;2;8;2;2;2;2;2;2;3;6;2;2;1;2;1;0;2;1;2;3;2;3;2;2;3;4;3;2;1;2;2;2;2;1;2;1;3;4;2;2;1;3;1;2;3;2;3;7;6;6;6;6;6;4;2;2;2;2;4;4;7;8;3;2;2;3;2;2;2;2;1;4;3;5;6;6;4;6;1;1;1;2;2;3;5;4;4;4;2;2;5;1;1;1;5;1;4;4;2;2;2;2;1;1;3;3;1;2;2;2;2;1;-2;-2;-2;2;2;1;3;2;2;2;2;2;2;2;2;2;4;2;4;4;7;2;6;6;5;5;7;7;6;6;6;6;2;2;2;2;2;3;3;1;1976;41;3;2;1;1;1;410;410;410;1;4;1;2390;1;2;5;3;3;2;1;1;2;1;1;1;6;4;10;2;1;2;3;4;2;0;100000020;410004;4;2;2;0.6233333333333333;0.6933333333333334;0.616111111111111;0.48388888888888887;0.5;0.33;0.33;0.3866666666666667;1.0;1.0;1.0;1.0;1.0;1.0;0.0;0.6666666666666666;0.33;0.33;0.66;0.44;1.0;0.0;1.0;0.6666666666666666;0.25;0.66;0.66;0.5233333333333333;0.3333333333333333;0.4444444444444444;0.5555555555555556;0.4444444444444444;0.66;1.0;0.8300000000000001;0.8300000000000001;1.0;1.0;1.0;1.0;1.0;1.0;1.0;1.0;1.0;1.0;1.0;1.0;1;1;0;1;1;6;4;5;6;6;3;2;3;3;2;3;7;3;3;4;6;1;4;3;300;25000;700;7;4;2;7;7;7;7;4;1;1;4;6;4;1;2;2;4;2;1;2;2;2;2;7;1;3;4
"1-5-0 (2020-11-16)";"doi.org/10.14281/18241.1";2018;410;"KOR";732;"ROK";410070457;20180106;201712;201801;19.54;20.32;38;1;410041;410007;8;5;2;1;457;2390;"ko";2;1;1.0;0.8032128514056225;41453.815261044176;1;2;2;2;3;3;1;1;2;1;2;1;2;1;2;2;2;1;2;1;2;1;2;2;2;2;3;3;3;3;3;3;3;3;2;1;4;2;4;4;4;3;2;4;2;1;2;2;2;2;8;7;4;4;4;4;4;4;1;1;1;2;2;2;3;2;3;2;2;2;3;2;2;2;2;3;2;2;2;3;2;2;2;2;2;2;3;2;3;2;2;2;2;6;3;2;2;0;0;0;0;0;0;0;0;0;2;0;0;7;3;7;4;4;1;7;2;3;3;2;2;2;2;8;3;2;1;2;2;1;1;2;2;2;2;3;3;3;3;3;3;3;2;2;2;3;3;2;2;3;3;3;1;2;1;2;1;1;3;2;1;7;6;4;7;8;8;2;2;2;2;2;3;3;7;8;3;2;2;7;3;3;2;3;3;2;2;4;6;6;3;3;2;3;3;2;4;4;5;2;2;2;3;2;5;1;2;1;5;1;5;2;2;3;2;3;2;1;3;2;2;2;2;3;1;1;410002;410002;410002;2;2;2;3;2;2;3;3;2;2;2;2;2;3;2;3;5;7;3;7;7;3;7;7;4;9;8;8;8;2;2;2;2;2;3;3;2;1955;62;5;3;1;1;1;410;410;410;1;4;1;2390;1;2;3;2;3;2;0;1;0;1;5;1;-3;6;6;-3;2;2;3;5;2;0;100000020;410004;1;1;2;0.6783333333333335;0.6916666666666668;0.4016666666666667;0.4700000000000001;0.5;0.33;0.66;0.49666666666666676;0.66;1.0;1.0;0.8866666666666667;1.0;1.0;1.0;1.0;0.33;0.33;0.33;0.33;1.0;0.0;1.0;0.6666666666666666;0.5;0.66;0.66;0.6066666666666668;0.1111111111111111;0.3333333333333333;0.5555555555555556;0.3333333333333333;0.0;0.0;0.0;0.0;1.0;1.0;1.0;1.0;1.0;1.0;1.0;1.0;1.0;1.0;1.0;1.0;0;0;0;1;0;7;4;3;5;7;4;3;3;5;3;3;7;5;6;5;8;-3;-3;3;500;40000;5000;-3;4;1;-3;-3;-3;7;4;1;1;4;4;7;2;2;3;3;2;3;2;3;2;2;7;3;3;4
"1-5-0 (2020-11-16)";"doi.org/10.14281/18241.1";2018;410;"KOR";732;"ROK";410070458;20180106;201712;201801;19.54;20.25;31;1;410048;410014;6;3;4;1;458;2390;"ko";3;1;1.0;0.8032128514056225;41453.815261044176;2;2;2;3;2;3;1;2;1;1;2;1;1;2;2;2;2;1;2;1;2;1;2;2;2;2;3;2;2;3;2;3;2;1;2;1;2;1;4;4;2;2;2;2;2;2;2;3;2;2;8;7;5;4;4;4;4;4;2;2;2;2;3;3;3;3;3;2;4;3;3;2;3;4;4;4;2;2;2;3;2;3;3;3;3;3;2;2;2;2;2;3;3;7;3;1;2;0;0;0;0;0;0;0;0;0;0;0;0;7;4;7;5;7;2;6;4;4;4;3;3;2;3;3;3;2;2;0;1;0;1;2;1;2;2;4;4;4;4;4;4;4;1;2;2;4;4;2;2;3;3;3;1;2;2;2;1;1;3;4;1;8;7;6;6;3;8;5;2;2;2;2;2;3;7;8;3;1;1;3;4;3;1;3;2;1;4;4;7;6;1;5;1;1;4;3;5;5;2;3;4;4;3;2;3;1;1;1;2;1;3;2;3;3;3;3;3;3;3;3;2;3;3;3;1;1;410002;410002;410002;2;3;2;3;4;3;2;4;2;2;2;2;4;3;4;4;4;8;2;8;7;5;6;4;3;8;8;8;8;2;2;2;2;2;3;3;2;1990;27;2;1;1;1;1;410;410;410;1;4;2;2390;6;0;3;2;-3;-3;3;2;3;2;6;-3;-3;-3;4;-3;2;2;3;4;2;0;100000020;410004;0;1;0;0.7475;0.7750000000000001;0.26999999999999996;0.3733333333333333;1.0;0.33;0.66;0.6633333333333334;0.66;1.0;1.0;0.8866666666666667;1.0;1.0;1.0;1.0;0.33;0.33;0.66;0.44;0.0;0.0;1.0;0.3333333333333333;0.25;0.33;0.66;0.41333333333333333;0.0;0.3333333333333333;0.6666666666666666;0.3333333333333333;0.0;0.0;0.0;0.0;1.0;1.0;1.0;1.0;1.0;1.0;1.0;1.0;1.0;1.0;1.0;1.0;0;0;0;0;0;8;6;6;5;5;5;5;5;5;7;5;8;7;3;7;6;-3;-3;3;400;20000;1000;-3;4;1;-3;-3;-3;7;4;2;1;4;4;6;2;2;2;2;4;1;3;3;2;2;7;3;2;-3
"1-5-0 (2020-11-16)";"doi.org/10.14281/18241.1";2018;410;"KOR";732;"ROK";410070459;20180106;201712;201801;19.56;20.27;32;1;410041;410007;8;5;2;1;459;2390;"ko";3;1;1.0;0.8032128514056225;41453.815261044176;1;2;1;3;4;2;2;1;1;2;2;1;1;1;2;2;2;1;2;2;2;1;2;1;2;2;1;1;3;3;2;1;3;3;3;3;2;1;4;3;2;2;1;2;3;2;2;2;1;2;7;7;7;4;4;4;4;4;3;1;1;1;2;3;3;3;1;2;2;1;2;2;3;1;2;2;2;3;3;2;2;2;2;3;2;2;2;1;3;1;2;1;2;7;1;3;2;2;0;0;0;0;0;0;0;0;0;0;0;7;6;6;5;6;1;5;2;3;2;2;2;2;3;6;3;1;2;1;2;1;1;1;1;3;1;3;4;3;3;3;4;3;1;1;2;4;4;2;2;2;3;4;1;1;1;2;1;2;1;1;3;6;7;7;7;6;7;8;1;1;1;1;2;2;2;2;1;1;1;5;2;3;2;2;1;5;2;2;6;6;2;1;1;1;1;1;1;2;2;1;1;2;1;2;3;1;3;5;5;5;5;5;1;3;3;3;2;3;3;2;3;2;3;3;1;1;-2;-2;-2;3;1;2;2;3;2;1;2;2;2;1;2;3;2;3;2;6;7;7;7;9;6;7;6;8;7;4;5;6;1;1;1;1;1;2;3;2;1955;62;5;3;1;1;1;410;410;410;1;1;1;2390;5;1;2;1;-3;-3;0;1;0;1;1;-3;5;-5;10;2;1;2;3;7;2;7;70000000;410004;2;2;2;0.3597222222222222;0.1661111111111111;0.49342592592592593;0.4885185185185186;0.5;0.0;0.0;0.16666666666666666;0.33;0.0;0.16666666666666666;0.16555555555555557;1.0;1.0;0.0;0.6666666666666666;0.33;0.33;0.66;0.44;1.0;0.0;1.0;0.6666666666666666;0.5;0.66;0.66;0.6066666666666668;0.4444444444444444;0.1111111111111111;0.5555555555555556;0.3703703703703704;0.66;0.0;0.33;0.33;1.0;1.0;1.0;1.0;1.0;1.0;1.0;1.0;1.0;1.0;1.0;1.0;0;1;0;0;1;7;8;7;7;6;7;6;6;7;6;7;6;6;6;7;6;2;3;3;180;28000;0;7;5;1;8;8;7;8;7;1;1;3;3;7;4;3;3;2;2;1;2;1;1;2;7;3;3;-5
"1-5-0 (2020-11-16)";"doi.org/10.14281/18241.1";2018;410;"KOR";732;"ROK";410070460;20180106;201712;201801;20.01;20.25;24;1;410029;410005;8;5;2;1;460;2390;"ko";1;1;1.0;0.8032128514056225;41453.815261044176;1;2;1;2;1;2;1;1;1;1;2;2;2;1;2;2;2;1;2;1;2;1;2;2;2;2;2;2;3;3;2;3;2;1;2;1;3;3;3;2;4;2;2;3;2;2;2;3;2;2;8;7;6;4;4;4;4;4;3;2;1;2;2;3;3;3;2;3;3;3;3;3;3;3;3;3;3;3;3;3;3;3;3;3;3;3;2;2;2;2;2;2;2;7;3;3;2;0;0;0;0;0;0;0;0;0;0;0;0;7;4;6;6;6;1;7;2;2;2;2;2;2;3;8;3;2;2;2;1;1;1;2;1;1;2;3;3;3;3;3;3;3;1;2;2;2;2;2;2;1;2;2;1;2;1;1;2;3;2;1;2;7;7;6;7;6;6;6;2;2;2;2;3;3;7;8;3;2;2;6;2;2;2;2;2;2;2;2;4;3;1;2;2;3;3;3;3;2;2;2;3;3;2;2;1;1;2;1;1;1;2;2;2;2;2;2;2;2;2;2;2;2;2;2;1;1;410002;410002;410002;2;2;2;2;2;2;2;2;2;2;2;3;2;3;2;2;4;8;7;7;7;3;8;7;5;7;7;6;7;2;2;1;1;1;2;2;1;1976;41;3;2;1;1;1;410;410;410;1;4;1;2390;1;2;6;3;6;3;2;1;2;1;3;3;4;4;9;2;1;1;3;6;2;0;100000020;410004;2;2;2;0.7475;0.665;0.3850462962962963;0.3542592592592593;1.0;0.33;0.33;0.5533333333333333;0.33;1.0;1.0;0.7766666666666667;1.0;1.0;1.0;1.0;0.66;0.66;0.66;0.66;1.0;0.0;1.0;0.6666666666666666;0.25;0.66;0.66;0.5233333333333333;0.1111111111111111;0.1111111111111111;0.3333333333333333;0.1851851851851852;0.33;0.0;0.165;0.165;1.0;1.0;1.0;1.0;1.0;1.0;1.0;1.0;1.0;1.0;1.0;1.0;0;0;1;0;1;7;7;7;7;7;6;6;6;7;7;7;7;6;6;4;7;3;2;3;500;25000;5000;7;6;1;7;7;8;8;6;1;1;6;6;8;4;5;5;5;2;1;2;2;2;2;8;5;6;4
"1-5-0 (2020-11-16)";"doi.org/10.14281/18241.1";2018;410;"KOR";732;"ROK";410070461;20180106;201712;201801;20.06;20.26;21;1;410041;410007;8;5;2;1;461;2390;"ko";3;1;1.0;0.8032128514056225;41453.815261044176;1;1;2;2;1;4;1;1;1;1;1;2;2;2;2;2;2;1;2;1;2;1;2;2;2;2;2;2;3;3;2;2;4;2;3;3;3;3;3;4;4;4;4;4;2;1;1;3;2;2;7;6;6;4;4;4;4;4;1;1;1;2;2;3;3;3;3;2;3;2;2;2;2;2;3;4;2;2;2;2;2;2;2;2;2;2;2;2;2;2;2;2;2;3;3;1;2;0;2;0;0;0;0;0;0;0;0;0;0;6;6;5;5;5;2;6;2;2;3;2;2;1;4;5;3;2;1;2;0;1;0;0;1;2;2;4;4;4;4;4;4;4;2;2;2;2;2;2;2;4;4;4;2;1;2;1;2;3;1;1;4;6;6;6;4;5;5;2;2;2;2;2;4;4;7;8;3;1;1;5;3;2;1;1;1;1;1;5;7;6;3;6;1;1;1;1;1;1;7;1;4;4;2;2;4;1;2;2;5;1;2;2;2;2;1;2;2;3;2;2;2;2;2;2;1;1;8;8;8;2;3;2;3;2;2;3;4;2;2;1;3;3;4;3;4;3;5;1;9;8;1;8;5;5;10;10;7;7;2;2;2;2;2;2;3;1;1970;47;4;2;1;1;1;410;410;410;1;3;1;2390;1;1;6;3;6;3;3;2;6;3;1;1;3;3;3;2;1;1;3;5;2;0;100000020;410004;0;1;1;0.5541666666666666;0.7766666666666666;0.5150925925925927;0.5301851851851852;1.0;0.33;0.33;0.5533333333333333;1.0;1.0;1.0;1.0;1.0;0.0;0.0;0.3333333333333333;0.33;0.33;0.33;0.33;1.0;1.0;1.0;1.0;0.75;0.66;0.66;0.6900000000000001;0.0;0.4444444444444444;0.6666666666666666;0.3703703703703704;0.0;0.0;0.0;0.0;1.0;1.0;1.0;1.0;1.0;1.0;1.0;1.0;1.0;1.0;1.0;1.0;0;0;0;0;0;8;6;6;6;6;4;5;5;5;5;5;8;5;7;7;7;1;5;3;500;45000;15500;7;5;1;7;7;7;8;6;1;5;5;3;5;1;2;2;2;2;1;2;2;2;2;7;1;2;4
"1-5-0 (2020-11-16)";"doi.org/10.14281/18241.1";2018;410;"KOR";732;"ROK";410070462;20180106;201712;201801;20.06;20.34;29;1;410028;410004;8;5;2;1;462;2390;"ko";3;1;1.0;0.8032128514056225;41453.815261044176;1;1;1;3;2;3;2;1;1;1;1;1;2;2;2;2;2;1;2;1;2;1;2;2;2;2;2;2;2;2;3;2;4;2;3;3;3;3;4;3;3;2;3;4;3;1;1;3;3;2;3;3;3;4;4;4;4;4;1;2;1;3;2;3;3;4;3;2;3;3;3;3;2;2;3;4;3;2;2;4;3;3;3;3;3;3;2;4;3;3;3;2;3;3;3;1;2;0;0;0;0;0;0;0;0;0;0;0;0;3;3;3;3;10;2;10;3;4;3;3;3;2;3;6;2;1;1;1;0;0;1;1;1;1;3;2;2;2;2;2;2;1;2;2;2;2;2;1;1;2;2;2;2;2;1;2;1;3;2;2;1;4;4;4;4;4;5;3;2;2;2;2;3;3;7;8;3;2;2;6;1;2;2;2;2;4;2;2;7;7;1;7;4;2;2;2;2;2;5;3;2;3;4;3;5;2;5;2;5;5;5;3;2;2;2;2;3;3;3;3;3;3;3;3;4;4;-2;-2;-2;2;3;1;3;2;2;4;4;2;1;2;3;2;4;2;4;4;8;1;9;8;1;8;8;1;9;10;7;7;2;3;3;3;3;4;4;1;1997;20;1;1;1;1;1;410;410;410;1;4;2;2390;6;0;3;2;-3;-3;3;2;3;2;1;-3;3;-3;6;2;2;1;3;5;2;0;100000020;410004;2;2;1;0.7475;0.7750000000000001;0.5013425925925925;0.42018518518518516;1.0;0.66;0.33;0.6633333333333334;0.66;1.0;1.0;0.8866666666666667;1.0;1.0;1.0;1.0;0.33;0.66;0.33;0.44;1.0;1.0;1.0;1.0;0.75;0.33;0.33;0.47000000000000003;0.3333333333333333;0.1111111111111111;0.6666666666666666;0.3703703703703703;0.33;0.0;0.165;0.165;1.0;1.0;1.0;1.0;1.0;1.0;1.0;1.0;1.0;1.0;1.0;1.0;0;0;1;1;0;4;3;3;2;2;3;2;3;3;3;2;4;3;3;3;6;1;3;3;420;20000;1000;5;4;1;6;8;6;6;1;1;1;2;2;4;3;3;2;2;1;6;2;3;3;4;5;3;2;-3
"1-5-0 (2020-11-16)";"doi.org/10.14281/18241.1";2018;410;"KOR";732;"ROK";410070463;20180106;201712;201801;20.17;21.06;49;1;410041;410007;8;5;2;1;463;2390;"ko";2;1;1.0;0.8032128514056225;41453.815261044176;1;1;1;2;1;2;2;1;1;2;2;1;1;1;2;2;2;1;1;1;1;1;2;1;2;2;2;1;2;2;1;2;2;1;1;1;1;1;1;2;2;2;2;3;3;2;2;2;2;1;9;8;8;4;4;4;4;4;3;2;1;2;3;4;3;4;3;3;4;3;3;3;4;3;3;3;4;2;3;3;2;2;1;2;1;1;1;1;1;1;1;1;1;5;2;3;2;0;1;0;0;0;0;0;0;0;0;0;0;3;5;4;4;7;1;8;2;3;3;3;4;2;2;5;4;2;2;1;0;1;1;1;2;2;1;3;4;3;4;4;4;4;2;2;2;2;1;2;2;3;3;4;1;2;2;3;1;2;1;3;2;6;7;5;4;6;8;5;2;2;2;2;3;4;4;5;2;1;2;3;1;1;1;1;1;2;2;2;6;6;2;6;1;2;1;2;4;3;3;2;4;4;2;2;2;2;1;1;4;1;1;3;1;2;1;1;1;1;1;1;1;2;2;2;1;1;410002;410002;410002;2;3;4;2;3;4;2;3;1;1;1;1;2;4;3;3;4;7;3;9;5;1;9;7;6;7;9;5;6;1;1;1;1;1;2;2;2;1977;40;3;2;1;1;1;410;410;410;1;4;1;2390;1;4;6;3;6;3;3;2;5;3;1;1;5;3;6;2;2;3;3;6;2;0;100000020;410004;4;2;2;0.41500000000000004;0.44333333333333336;0.5148148148148148;0.2812962962962964;0.5;0.0;0.33;0.27666666666666667;0.33;1.0;0.5;0.61;0.0;0.0;0.0;0.0;0.66;0.66;1.0;0.7733333333333334;1.0;0.0;1.0;0.6666666666666666;0.25;0.33;0.33;0.3033333333333334;0.1111111111111111;0.1111111111111111;0.5555555555555556;0.2592592592592593;0.66;1.0;0.8300000000000001;0.8300000000000001;1.0;1.0;1.0;1.0;1.0;1.0;1.0;1.0;1.0;1.0;1.0;1.0;1;1;0;1;1;6;6;5;7;3;4;3;4;3;3;5;7;2;7;3;4;1;3;3;450;35000;7000;6;5;1;6;6;6;6;3;1;3;3;5;7;1;1;1;4;1;1;3;2;1;2;7;1;3;4
"1-5-0 (2020-11-16)";"doi.org/10.14281/18241.1";2018;410;"KOR";732;"ROK";410070464;20180106;201712;201801;20.2;21.1;50;1;410011;410001;8;5;1;1;464;2390;"ko";2;1;1.0;0.8032128514056225;41453.815261044176;1;1;1;3;1;3;2;1;2;1;1;2;1;1;2;2;2;1;2;1;2;1;2;1;2;2;2;2;3;4;3;2;1;1;1;1;2;1;4;3;2;2;2;1;2;3;1;1;2;2;8;7;6;4;4;4;4;4;3;2;1;1;2;4;3;3;2;2;3;2;2;3;2;2;2;3;2;1;2;2;2;2;1;2;2;2;1;1;2;2;2;1;2;8;3;1;2;0;0;0;0;0;0;0;0;0;0;0;0;9;4;4;3;8;2;8;2;3;2;3;2;2;2;9;3;2;2;2;0;1;1;2;2;3;3;4;3;4;4;4;3;4;2;2;2;1;2;2;2;1;1;2;1;2;1;1;3;3;1;1;2;8;7;8;7;4;8;4;2;2;2;2;3;4;6;7;3;2;2;3;2;1;3;1;2;1;2;3;6;6;5;6;3;4;3;5;4;3;7;4;4;4;3;2;2;1;2;1;2;1;2;1;3;2;2;3;2;3;3;3;1;2;3;2;1;1;-2;-2;-2;2;3;2;2;2;3;3;3;1;2;1;1;3;4;1;3;7;8;6;9;8;4;8;3;4;9;10;7;8;2;2;2;1;1;3;3;1;1980;37;3;2;1;1;1;410;410;410;1;4;2;2390;6;0;3;2;-3;-3;2;1;3;2;1;-3;5;-3;6;2;2;1;3;6;2;0;100000020;410004;2;1;2;0.45611111111111113;0.5255555555555557;0.5156481481481482;0.40629629629629627;0.0;0.33;0.33;0.22;0.66;1.0;0.8333333333333334;0.8311111111111112;0.0;0.0;1.0;0.3333333333333333;0.33;0.66;0.33;0.44;1.0;1.0;1.0;1.0;0.0;0.66;1.0;0.5533333333333333;0.0;0.2222222222222222;0.5555555555555556;0.25925925925925924;0.0;0.5;0.25;0.25;1.0;1.0;1.0;1.0;1.0;1.0;1.0;1.0;1.0;1.0;1.0;1.0;1;0;0;0;1;7;5;7;5;7;7;3;3;4;4;5;8;4;7;4;7;1;3;2;550;45540;12000;8;6;1;7;8;6;7;3;2;1;6;5;9;4;5;5;5;2;1;2;3;2;2;10;4;5;-3
"1-5-0 (2020-11-16)";"doi.org/10.14281/18241.1";2018;410;"KOR";732;"ROK";410070465;20180106;201712;201801;20.31;20.51;21;1;410041;410007;8;5;2;1;465;2390;"ko";3;1;1.0;0.8032128514056225;41453.815261044176;1;1;1;3;1;4;1;1;1;2;1;2;2;1;2;2;2;1;2;1;1;1;2;2;1;2;2;2;3;3;3;3;4;2;3;3;4;2;4;4;3;4;4;4;1;1;3;3;2;2;7;7;7;4;4;4;4;4;1;2;1;2;1;3;3;3;3;2;3;3;3;2;2;2;3;3;3;2;2;2;2;2;2;2;2;2;2;1;3;2;2;1;2;3;3;1;2;0;0;2;0;0;0;0;0;0;0;0;0;5;5;5;5;5;2;6;2;2;3;2;2;1;4;6;3;2;1;2;0;1;1;1;1;3;2;4;4;4;4;4;4;4;2;2;2;1;3;2;2;4;4;4;2;1;1;1;2;3;1;1;2;6;6;6;4;8;7;1;2;2;2;2;4;4;7;8;3;2;2;7;2;2;2;2;2;4;2;5;7;6;4;6;1;2;1;1;2;1;6;2;4;4;3;2;5;1;4;1;5;1;1;2;2;2;1;3;2;3;3;3;2;2;2;2;1;1;-2;-2;-2;2;2;3;3;2;2;3;4;1;2;1;2;3;4;3;4;2;7;1;10;8;1;8;6;4;10;10;7;7;2;2;2;2;2;2;3;1;1994;23;1;1;1;1;1;410;410;410;1;4;2;2390;6;0;3;2;-3;-3;3;2;6;3;6;-3;-3;-3;3;-3;2;2;3;5;2;0;100000020;410004;1;1;2;0.7208333333333333;0.7766666666666666;0.5428703703703703;0.5857407407407408;1.0;0.33;0.33;0.5533333333333333;1.0;1.0;1.0;1.0;1.0;1.0;1.0;1.0;0.33;0.33;0.33;0.33;1.0;1.0;1.0;1.0;0.75;0.66;0.66;0.6900000000000001;0.3333333333333333;0.4444444444444444;0.6666666666666666;0.48148148148148145;0.0;0.0;0.0;0.0;1.0;1.0;1.0;1.0;1.0;1.0;1.0;1.0;1.0;1.0;1.0;1.0;0;0;0;0;1;6;6;7;7;6;3;6;6;6;5;5;7;5;7;7;8;-3;-3;3;450;42000;0;-3;5;1;-3;-3;-3;8;8;1;5;4;4;3;3;3;3;3;2;1;2;2;2;3;8;1;4;-3
"1-5-0 (2020-11-16)";"doi.org/10.14281/18241.1";2018;410;"KOR";732;"ROK";410070466;20180106;201712;201801;20.36;20.57;21;1;410048;410014;6;3;4;1;466;2390;"ko";3;1;1.0;0.8032128514056225;41453.815261044176;1;1;2;2;1;2;1;2;1;1;2;1;2;1;2;2;2;1;2;1;2;1;2;2;2;2;2;2;3;2;2;3;2;1;1;1;3;3;4;4;2;2;3;3;2;3;2;3;2;2;7;8;6;4;4;4;4;4;1;2;2;2;2;3;2;3;3;2;4;3;3;2;3;4;4;4;3;2;2;3;2;2;3;3;3;3;2;2;2;2;2;2;2;7;3;1;2;0;0;0;0;0;0;0;0;0;0;0;0;6;3;6;5;6;1;4;4;4;3;3;4;2;4;3;4;2;2;0;1;0;1;2;2;3;2;4;4;4;4;4;4;4;1;2;2;4;4;2;2;3;3;4;1;2;1;2;1;3;1;1;2;8;7;8;7;7;8;5;2;2;2;2;3;3;7;8;3;1;1;5;8;3;2;3;3;1;2;2;7;7;5;5;3;3;2;2;5;5;5;2;4;4;2;2;2;1;1;1;1;1;2;1;3;3;3;3;3;3;3;3;3;3;3;3;1;1;410002;410002;410002;2;3;3;2;3;3;3;3;2;2;2;3;4;4;3;3;3;8;3;8;7;5;7;3;4;8;8;7;8;2;2;1;1;1;2;2;1;1990;27;2;1;1;1;1;410;410;410;1;4;2;2390;6;0;6;3;-3;-3;3;2;3;2;1;-3;3;-3;6;2;2;2;3;5;2;0;100000020;410004;1;1;1;0.6925;0.665;0.2514814814814815;0.3362962962962963;1.0;0.33;0.33;0.5533333333333333;0.33;1.0;1.0;0.7766666666666667;1.0;1.0;1.0;1.0;0.33;0.33;0.66;0.44;0.0;0.0;1.0;0.3333333333333333;0.25;0.66;0.33;0.4133333333333334;0.0;0.1111111111111111;0.6666666666666666;0.25925925925925924;0.0;0.0;0.0;0.0;1.0;1.0;1.0;1.0;1.0;1.0;1.0;1.0;1.0;1.0;1.0;1.0;0;0;0;0;1;8;6;7;6;5;7;4;4;6;7;6;8;6;7;3;7;1;4;3;600;45000;2000;8;5;1;8;8;6;8;3;1;2;4;4;7;3;2;4;3;4;1;3;4;1;2;7;3;2;-3
"1-5-0 (2020-11-16)";"doi.org/10.14281/18241.1";2018;410;"KOR";732;"ROK";410070467;20180106;201712;201801;20.43;21.16;33;1;410011;410001;8;5;1;1;467;2390;"ko";2;1;1.0;0.8032128514056225;41453.815261044176;2;2;3;3;3;3;2;1;1;1;1;2;2;1;2;2;2;1;2;1;1;1;2;1;2;2;2;2;3;3;3;3;4;2;4;2;4;2;5;3;2;1;2;2;2;3;2;2;3;2;8;6;5;4;4;4;4;4;3;2;2;2;2;3;3;3;2;2;2;2;2;2;2;3;3;3;3;2;2;3;2;2;2;2;2;2;2;2;2;2;3;2;2;8;3;2;2;1;1;0;0;0;0;0;0;0;0;0;0;6;7;7;5;4;2;8;3;3;3;3;2;3;4;4;3;1;2;2;1;2;2;2;2;3;3;3;3;4;3;3;3;3;1;2;2;3;3;2;2;2;2;3;2;2;1;2;1;3;1;2;3;7;7;7;4;6;7;6;1;2;2;2;3;3;1;3;2;1;1;8;2;2;1;1;2;4;3;5;6;4;5;6;1;2;1;2;3;1;5;3;4;4;3;2;2;1;2;1;3;1;3;1;1;1;2;2;1;1;2;2;2;2;2;2;2;2;410002;410002;410002;2;3;3;3;3;2;3;3;1;2;2;2;3;4;1;4;3;8;3;10;7;9;9;6;1;9;10;7;7;2;3;2;2;2;2;3;2;1972;45;4;2;1;1;1;410;410;410;1;5;1;2390;1;3;3;2;3;2;1;1;1;1;5;1;-3;7;10;-3;2;1;3;5;2;2;20000000;410004;2;1;2;0.5116666666666667;0.525;0.5336111111111111;0.5672222222222223;0.5;0.66;0.33;0.49666666666666676;0.66;1.0;0.0;0.5533333333333333;1.0;0.0;1.0;0.6666666666666666;0.33;0.33;0.33;0.33;1.0;1.0;1.0;1.0;0.75;0.66;0.66;0.6900000000000001;0.3333333333333333;0.4444444444444444;0.5555555555555556;0.4444444444444444;0.0;0.0;0.0;0.0;1.0;1.0;1.0;1.0;1.0;1.0;1.0;1.0;1.0;1.0;1.0;1.0;0;0;0;1;1;6;8;5;5;6;5;4;4;4;5;4;6;4;7;6;5;-3;-3;3;430;22000;0;-3;4;3;-3;-3;-3;6;5;2;2;3;5;6;2;2;2;3;2;1;3;2;2;2;6;1;3;4
"1-5-0 (2020-11-16)";"doi.org/10.14281/18241.1";2018;410;"KOR";732;"ROK";410070468;20180106;201712;201801;20.45;21.34;49;1;410028;410004;8;5;2;1;468;2390;"ko";3;1;1.0;0.8032128514056225;41453.815261044176;1;1;2;3;1;2;2;1;1;1;2;1;2;1;2;2;2;1;2;1;2;1;2;2;2;2;1;1;2;3;3;2;2;1;3;3;2;1;1;1;2;2;2;3;1;1;1;2;2;2;7;7;7;4;4;4;4;4;3;2;1;1;2;2;1;2;3;3;3;2;3;2;3;2;3;3;2;2;2;2;3;3;2;2;2;2;2;2;2;2;2;2;2;6;3;3;2;0;0;0;0;0;0;0;0;0;0;0;0;5;5;6;5;7;1;6;3;3;3;2;2;2;4;5;3;0;0;1;1;1;0;0;1;3;2;4;4;4;4;4;4;4;1;2;2;2;2;2;2;2;3;4;1;1;1;2;1;3;2;2;1;6;6;5;5;7;7;4;2;2;2;2;3;3;6;7;2;2;1;6;5;5;7;3;3;4;2;7;5;5;2;8;1;3;4;4;5;5;4;3;2;3;3;3;1;2;4;1;2;3;3;3;2;3;2;3;3;3;3;3;1;1;2;1;2;1;410002;410002;410002;2;2;2;3;1;2;2;3;2;2;2;2;3;3;3;2;6;5;4;4;7;5;7;5;4;5;6;5;6;3;2;2;2;2;2;3;1;1984;33;2;2;1;1;1;410;410;410;1;3;2;2390;6;0;6;3;-3;-3;3;2;3;2;1;-3;3;-3;3;2;2;1;3;5;2;0;100000020;410004;2;2;2;0.6369444444444444;0.49888888888888894;0.4316203703703704;0.44740740740740736;0.5;0.33;0.0;0.27666666666666667;0.33;1.0;0.8333333333333334;0.7211111111111111;1.0;1.0;1.0;1.0;0.66;0.33;0.66;0.5499999999999999;1.0;0.0;1.0;0.6666666666666666;0.25;0.33;0.66;0.41333333333333333;0.3333333333333333;0.6666666666666666;0.4444444444444444;0.48148148148148145;0.33;0.0;0.165;0.165;1.0;1.0;1.0;1.0;1.0;1.0;1.0;1.0;1.0;1.0;1.0;1.0;0;0;1;1;0;6;6;6;5;7;6;7;6;6;6;7;5;4;6;6;4;1;2;3;500;45000;0;5;4;1;6;6;5;6;4;1;3;3;3;6;1;2;3;3;3;1;2;3;2;2;8;1;2;-3
"1-5-0 (2020-11-16)";"doi.org/10.14281/18241.1";2018;410;"KOR";732;"ROK";410070469;20180106;201712;201801;9.02;9.22;20;1;410041;410007;8;5;2;1;469;2390;"ko";3;1;1.0;0.8032128514056225;41453.815261044176;1;2;2;3;2;4;1;1;1;1;2;2;2;1;2;2;2;1;2;1;1;1;2;1;2;2;3;2;3;3;3;3;4;2;4;2;4;2;3;3;3;4;4;4;2;2;2;2;2;2;6;7;7;4;4;4;4;4;1;2;1;2;2;3;3;3;3;2;2;2;2;2;2;2;2;3;2;2;2;2;2;2;2;2;3;3;3;3;3;3;3;3;3;8;3;2;2;0;0;0;0;0;0;0;0;0;0;0;0;6;6;5;5;5;2;6;2;2;3;2;2;1;4;6;3;1;1;2;0;0;1;1;1;2;2;4;4;4;4;4;4;4;2;2;2;2;2;2;2;3;3;3;2;2;1;1;2;1;3;1;4;7;6;6;5;7;6;1;2;2;2;2;4;4;7;8;3;2;2;6;3;2;1;1;2;4;2;5;6;5;3;5;1;3;1;1;1;1;6;2;4;4;3;2;5;1;2;5;5;2;5;2;2;2;2;2;2;2;2;2;2;2;2;2;1;1;-2;-2;-2;2;4;2;3;2;2;3;2;1;2;1;3;4;4;3;4;5;6;1;9;8;1;8;6;4;10;10;6;6;2;2;1;2;2;2;3;1;1957;60;5;3;1;1;1;410;410;410;1;4;1;2390;1;2;3;2;3;2;3;2;3;2;1;2;6;5;6;2;1;2;3;5;2;0;100000020;410004;0;1;2;0.6233333333333334;0.7483333333333334;0.4502777777777778;0.5672222222222223;0.5;0.33;0.66;0.49666666666666676;1.0;1.0;1.0;1.0;1.0;0.0;1.0;0.6666666666666666;0.33;0.33;0.33;0.33;1.0;0.0;1.0;0.6666666666666666;0.75;0.66;0.66;0.6900000000000001;0.3333333333333333;0.4444444444444444;0.5555555555555556;0.4444444444444444;0.0;0.0;0.0;0.0;1.0;1.0;1.0;1.0;1.0;1.0;1.0;1.0;1.0;1.0;1.0;1.0;0;0;0;0;0;8;6;6;7;7;5;6;6;6;6;6;8;6;7;7;7;1;3;3;470;32000;2000;6;4;2;6;6;7;7;5;1;2;4;2;4;4;4;4;4;2;3;1;2;2;3;6;2;2;4
"1-5-0 (2020-11-16)";"doi.org/10.14281/18241.1";2018;410;"KOR";732;"ROK";410070470;20180106;201712;201801;9.1;9.32;22;1;410029;410005;8;5;2;1;470;2390;"ko";3;1;1.0;0.8032128514056225;41453.815261044176;1;2;2;3;2;3;1;1;2;1;2;1;1;2;2;2;2;1;2;1;2;1;2;1;2;2;3;2;2;2;2;2;2;1;4;2;2;1;4;3;3;2;2;3;1;2;2;2;2;2;8;7;7;4;4;4;4;4;3;2;1;2;2;3;3;3;2;2;2;2;3;3;2;3;3;3;3;3;3;3;3;3;3;2;3;3;3;3;3;3;3;3;3;6;3;1;2;0;0;0;0;0;0;0;0;0;0;0;0;7;4;7;8;7;1;6;2;2;2;2;2;2;3;8;3;2;2;2;1;1;1;2;2;2;2;3;3;3;3;3;3;3;1;2;2;2;2;2;2;2;2;2;1;2;1;2;3;3;1;1;2;7;7;6;7;7;6;6;2;2;2;2;3;3;7;8;3;2;2;7;2;2;2;2;2;2;3;3;4;2;1;2;1;3;3;3;3;3;8;2;3;3;3;2;5;1;5;5;5;5;5;2;3;3;3;3;2;2;2;2;3;3;3;3;1;1;410002;410002;410002;2;2;2;2;2;2;2;2;2;2;2;3;3;4;2;3;5;8;4;6;7;1;7;7;7;6;6;7;7;2;2;2;2;2;3;3;2;1952;65;6;3;1;1;1;410;410;410;1;4;1;2390;1;2;2;1;2;1;-2;-2;1;1;5;2;-3;7;9;-3;2;2;3;6;2;0;100000020;410004;2;1;1;0.7058333333333334;0.6916666666666668;0.3605555555555555;0.26277777777777783;0.5;0.33;0.66;0.49666666666666676;0.66;1.0;1.0;0.8866666666666667;1.0;1.0;1.0;1.0;0.33;0.66;0.33;0.44;1.0;0.0;1.0;0.6666666666666666;0.25;0.33;0.33;0.3033333333333334;0.1111111111111111;0.2222222222222222;0.3333333333333333;0.22222222222222224;0.0;0.5;0.25;0.25;1.0;1.0;1.0;1.0;1.0;1.0;1.0;1.0;1.0;1.0;1.0;1.0;1;0;0;0;1;6;8;7;7;6;7;7;7;6;4;4;6;4;5;5;7;-3;-3;3;200;29000;1000;7;6;1;8;7;7;8;6;1;1;5;5;7;4;4;4;4;2;1;3;2;2;2;9;3;4;4
"1-5-0 (2020-11-16)";"doi.org/10.14281/18241.1";2018;410;"KOR";732;"ROK";410070471;20180106;201712;201801;9.12;9.46;35;1;410028;410004;8;5;2;1;471;2390;"ko";2;1;1.0;0.8032128514056225;41453.815261044176;1;2;2;2;2;2;2;1;1;1;1;2;1;2;2;2;2;1;2;1;2;1;2;1;2;2;2;2;3;2;3;2;2;1;3;3;2;1;2;4;3;2;3;3;3;1;1;3;3;3;6;7;7;4;4;3;4;4;1;1;2;2;2;3;3;3;2;2;3;3;2;3;3;3;3;3;2;2;2;3;3;2;2;2;3;3;2;3;3;3;3;2;3;7;2;1;2;2;0;0;0;0;0;0;0;0;0;0;0;7;7;8;7;8;1;6;3;3;3;4;4;2;2;6;3;1;1;0;0;1;1;0;0;3;3;4;4;3;3;4;3;2;2;2;2;3;3;2;2;3;3;3;1;1;1;1;2;2;3;2;1;7;7;7;7;7;6;8;1;1;1;1;2;2;1;1;1;1;1;3;3;2;2;2;2;2;2;3;3;5;3;3;2;3;2;2;3;3;5;3;3;3;2;2;3;2;5;2;5;5;5;5;3;3;3;3;3;3;3;3;3;3;3;3;1;1;410001;410001;410001;2;2;2;3;3;3;3;3;2;2;3;2;3;2;3;2;7;6;7;7;8;7;8;8;7;7;8;7;8;3;2;2;2;2;3;3;2;1953;64;5;3;1;1;1;410;410;410;1;2;1;2390;1;3;3;2;3;2;0;1;0;1;5;3;-3;4;9;-3;1;2;3;4;2;2;20000000;410004;2;2;1;0.5533333333333333;0.33166666666666667;0.48212962962962963;0.2992592592592593;1.0;0.33;0.33;0.5533333333333333;0.33;0.0;0.0;0.11;1.0;1.0;1.0;1.0;0.33;0.66;0.66;0.55;1.0;1.0;1.0;1.0;0.25;0.66;0.33;0.4133333333333334;0.1111111111111111;0.2222222222222222;0.2222222222222222;0.1851851851851852;0.66;0.0;0.33;0.33;1.0;1.0;1.0;1.0;1.0;1.0;1.0;1.0;1.0;1.0;1.0;1.0;0;1;0;1;0;6;7;8;7;8;7;8;7;7;8;7;7;7;6;8;7;-3;-3;3;150;20000;0;6;3;1;6;7;7;7;7;1;1;3;2;5;3;2;2;2;3;6;3;2;3;2;5;4;3;4
"1-5-0 (2020-11-16)";"doi.org/10.14281/18241.1";2018;410;"KOR";732;"ROK";410070472;20180106;201712;201801;9.34;9.55;21;1;410044;410010;7;4;3;1;472;2390;"ko";2;1;1.0;0.8032128514056225;41453.815261044176;2;2;2;2;2;3;1;2;1;1;2;1;1;2;2;2;2;1;2;1;2;2;2;2;2;2;2;3;3;4;4;2;4;2;2;1;5;2;3;4;3;4;3;4;2;1;1;3;2;2;7;7;6;4;4;4;4;4;1;1;2;2;2;2;2;2;2;3;3;3;2;2;2;3;3;3;2;2;3;2;2;2;2;2;2;2;2;2;2;2;2;2;2;7;3;3;2;0;2;0;0;0;0;0;0;0;0;0;0;5;6;3;5;6;1;8;2;3;2;2;3;2;3;4;3;2;2;2;0;0;2;2;2;2;2;4;3;3;4;4;3;3;1;2;2;2;2;2;2;2;3;3;1;2;1;3;4;2;1;2;1;6;6;5;4;4;6;6;1;2;2;2;3;4;4;5;2;2;2;5;3;3;1;1;1;5;3;5;6;7;3;6;1;1;2;1;1;3;3;3;4;4;2;2;2;2;5;1;1;1;1;1;2;2;2;2;2;2;2;1;1;2;2;2;1;1;410010;410010;410010;2;3;2;2;3;3;2;3;2;3;1;2;2;3;2;3;4;6;3;8;6;3;6;5;2;7;8;6;6;2;2;2;2;2;2;2;1;1989;28;2;1;1;1;1;410;410;410;1;4;2;2390;6;0;6;3;-3;-3;3;2;3;2;1;-3;3;-3;3;1;2;2;2;5;2;2;20000000;410004;3;2;0;0.5116666666666667;0.6366666666666667;0.612037037037037;0.6424074074074074;1.0;0.33;0.33;0.5533333333333333;0.66;1.0;0.5;0.7200000000000001;1.0;0.0;0.0;0.3333333333333333;0.66;0.33;0.33;0.44;0.0;0.0;1.0;0.3333333333333333;0.75;0.66;1.0;0.8033333333333333;0.4444444444444444;0.4444444444444444;0.5555555555555556;0.48148148148148145;0.66;1.0;0.8300000000000001;0.8300000000000001;1.0;1.0;1.0;1.0;1.0;1.0;1.0;1.0;1.0;1.0;1.0;1.0;1;1;0;1;0;8;4;5;3;4;4;4;4;3;3;4;7;3;7;7;4;1;8;2;400;50000;0;7;6;1;7;6;6;8;6;1;3;7;8;6;1;4;5;5;2;5;2;3;2;3;6;1;4;-3
"1-5-0 (2020-11-16)";"doi.org/10.14281/18241.1";2018;410;"KOR";732;"ROK";410070473;20180106;201712;201801;9.4;10.0;20;1;410041;410007;8;5;2;1;473;2390;"ko";2;1;1.0;0.8032128514056225;41453.815261044176;1;1;1;3;2;4;1;1;1;1;1;2;2;2;2;2;2;1;2;1;1;1;2;1;1;2;3;3;4;4;4;3;5;2;2;1;5;2;3;4;3;4;4;4;2;3;1;3;2;1;7;8;8;4;4;4;4;4;1;2;1;3;2;4;4;4;3;2;2;2;2;2;2;2;2;2;2;2;1;2;2;2;3;3;2;2;2;1;3;2;2;2;2;3;3;1;2;0;0;1;0;0;0;0;0;0;2;0;0;6;7;4;5;4;2;6;3;3;4;3;3;1;4;6;2;2;1;2;0;2;0;0;2;3;2;4;4;4;4;4;4;4;2;2;2;3;3;2;2;2;2;2;1;1;2;1;3;3;1;1;4;6;7;5;6;6;6;3;2;1;2;2;3;3;7;8;3;1;1;6;2;2;1;1;1;6;1;6;9;6;2;6;1;3;1;1;1;1;6;1;4;4;3;3;5;2;5;2;5;3;5;3;2;2;1;2;2;3;3;3;3;2;2;2;1;1;410002;410002;410002;1;3;4;3;2;1;3;4;4;1;1;2;3;4;3;4;2;5;1;10;8;1;8;6;3;10;10;7;7;2;2;2;2;2;3;3;2;1994;23;1;1;1;1;1;410;410;410;1;3;2;2390;6;0;6;3;-3;-3;3;2;6;3;1;-3;3;-3;3;2;2;1;3;5;2;0;100000020;410004;1;1;1;0.5816666666666667;0.8316666666666668;0.7291666666666666;0.8333333333333333;1.0;0.33;0.66;0.6633333333333334;1.0;1.0;1.0;1.0;1.0;0.0;0.0;0.3333333333333333;0.33;0.33;0.33;0.33;1.0;1.0;1.0;1.0;1.0;1.0;1.0;1.0;0.5555555555555556;0.5555555555555556;0.8888888888888888;0.6666666666666666;0.0;0.5;0.25;0.25;1.0;1.0;1.0;1.0;1.0;1.0;1.0;1.0;1.0;1.0;1.0;1.0;1;0;0;0;0;7;6;6;7;7;5;5;6;5;6;6;8;7;7;8;7;1;5;2;600;45000;0;7;4;1;6;7;7;8;5;1;5;6;5;5;2;2;2;2;2;1;1;2;1;3;8;2;3;-3
"1-5-0 (2020-11-16)";"doi.org/10.14281/18241.1";2018;410;"KOR";732;"ROK";410070474;20180106;201712;201801;9.51;10.11;20;1;410044;410010;7;4;3;1;474;2390;"ko";2;1;1.0;0.8032128514056225;41453.815261044176;1;2;2;3;1;3;1;1;1;1;2;1;2;2;2;2;2;1;2;1;2;1;2;1;1;2;1;3;2;3;3;3;2;1;1;1;4;2;3;2;4;1;1;1;2;3;1;3;2;2;9;8;7;4;4;4;4;4;1;2;1;2;2;3;3;3;2;2;4;4;4;1;2;4;4;4;2;2;4;3;2;3;2;4;4;4;2;2;2;2;2;2;2;4;3;1;2;0;1;0;0;0;0;0;0;0;0;0;0;5;6;4;4;4;1;7;2;2;2;1;3;2;2;10;3;2;2;2;1;1;1;1;2;2;3;2;3;1;2;1;1;1;2;2;2;1;1;2;2;1;1;1;1;2;2;1;3;3;2;1;3;5;6;6;5;5;7;2;2;2;2;2;4;1;5;6;2;2;2;4;5;3;3;2;1;1;3;3;3;3;2;5;1;1;1;1;1;1;5;4;4;4;3;2;3;1;4;1;3;1;1;2;2;3;2;3;3;3;3;3;2;3;3;3;1;1;-2;-2;-2;2;4;2;3;4;2;3;4;1;2;1;1;2;3;3;4;7;5;3;7;7;5;6;6;6;7;10;4;3;3;3;2;1;3;3;3;2;1964;53;4;3;1;1;1;410;410;410;1;4;1;2390;1;2;3;2;5;3;1;1;6;3;1;1;3;2;4;1;2;1;2;7;2;0;100000020;410004;3;2;1;0.5538888888888889;0.6644444444444444;0.410787037037037;0.28074074074074074;1.0;0.66;0.0;0.5533333333333333;0.66;1.0;0.6666666666666666;0.7755555555555556;1.0;1.0;0.0;0.6666666666666666;0.33;0.0;0.33;0.22;1.0;0.0;1.0;0.6666666666666666;0.25;0.33;0.66;0.41333333333333333;0.0;0.2222222222222222;0.2222222222222222;0.14814814814814814;0.33;0.5;0.41500000000000004;0.41500000000000004;1.0;1.0;1.0;1.0;1.0;1.0;1.0;1.0;1.0;1.0;1.0;1.0;1;0;1;0;1;8;7;8;6;3;3;5;4;5;7;7;7;6;6;5;3;1;8;3;600;100000;20000;7;6;1;7;8;8;8;9;1;1;2;1;1;5;4;3;1;3;2;1;4;1;4;1;6;5;4
"1-5-0 (2020-11-16)";"doi.org/10.14281/18241.1";2018;410;"KOR";732;"ROK";410070475;20180106;201712;201801;10.07;10.44;37;1;410048;410014;6;3;4;1;475;2390;"ko";3;1;1.0;0.8032128514056225;41453.815261044176;1;2;2;2;2;3;1;2;1;1;2;1;2;1;2;2;2;1;2;1;2;1;2;1;2;2;2;2;2;2;2;3;2;1;1;1;3;3;4;4;2;2;3;4;2;3;2;3;2;2;7;6;5;4;4;4;4;4;1;2;2;2;3;3;3;3;3;2;3;3;2;2;2;3;3;3;2;2;2;3;2;3;3;3;3;3;2;2;2;2;2;2;2;8;3;1;2;0;0;0;0;0;0;0;0;0;0;0;0;7;6;6;6;6;1;6;3;3;3;3;3;2;3;4;3;2;2;0;0;0;0;2;2;2;2;4;4;4;4;4;4;4;1;2;2;4;4;2;2;3;3;4;1;2;2;2;1;1;3;1;2;8;8;3;7;6;6;4;2;2;2;2;3;4;6;8;2;1;1;7;3;2;2;3;4;1;1;3;5;5;4;5;3;5;3;3;5;5;5;3;4;4;2;2;2;1;2;1;5;1;5;2;3;3;3;3;3;3;3;3;3;3;3;3;1;1;410002;410002;410002;2;3;2;2;4;2;3;2;2;3;2;3;2;3;3;4;6;7;3;7;8;7;7;3;4;7;8;8;8;2;2;2;2;2;2;2;1;1953;64;5;3;1;1;1;410;410;410;1;2;1;2390;1;3;3;2;2;1;0;1;0;1;4;5;-3;-5;9;-3;1;2;5;3;1;7;70000000;410004;1;1;1;0.6786111111111112;0.6922222222222223;0.2147222222222222;0.2627777777777778;1.0;0.33;0.33;0.5533333333333333;0.66;1.0;0.8333333333333334;0.8311111111111112;1.0;1.0;1.0;1.0;0.33;0.33;0.33;0.33;0.0;0.0;1.0;0.3333333333333333;0.25;0.33;0.33;0.3033333333333334;0.0;0.2222222222222222;0.4444444444444444;0.2222222222222222;0.0;0.0;0.0;0.0;1.0;1.0;1.0;1.0;1.0;1.0;1.0;1.0;1.0;1.0;1.0;1.0;0;0;0;0;1;7;7;7;5;5;7;3;7;6;8;7;6;6;6;4;7;-3;-3;5;50;25000;0;-3;3;1;-3;-3;-3;8;5;1;1;3;3;7;4;3;3;2;4;1;4;4;2;2;6;4;2;4
"1-5-0 (2020-11-16)";"doi.org/10.14281/18241.1";2018;410;"KOR";732;"ROK";410070476;20180106;201712;201801;10.26;10.46;20;1;410044;410010;7;4;3;1;476;2390;"ko";2;1;1.0;0.8032128514056225;41453.815261044176;1;1;1;2;1;3;1;1;2;1;2;2;2;1;2;2;1;1;2;2;2;1;2;1;1;2;3;2;2;4;2;3;5;2;5;2;5;2;5;5;1;1;1;5;1;1;1;3;3;2;8;5;3;4;4;4;4;4;3;2;3;3;2;3;3;3;1;4;4;4;4;2;2;4;4;4;2;4;4;4;2;2;4;2;2;2;2;4;2;4;4;4;2;2;3;2;3;2;0;0;0;0;0;0;0;0;0;0;0;10;5;3;4;3;1;10;4;4;4;4;4;2;4;10;3;2;2;2;1;0;1;1;1;1;2;4;4;4;4;4;4;4;2;2;2;3;3;2;2;4;4;4;1;1;2;3;4;1;3;2;1;6;6;6;1;1;8;10;1;2;2;2;4;4;1;1;1;1;1;10;1;1;1;1;1;1;1;1;5;1;1;1;1;1;1;1;1;1;1;3;3;3;4;2;5;5;5;1;5;1;1;2;3;3;3;3;3;3;3;3;3;3;3;3;3;3;-2;-2;-2;4;4;4;4;4;4;4;4;4;4;3;2;3;3;2;2;5;10;1;6;9;1;10;7;1;10;10;6;6;2;4;4;4;4;4;4;1;1988;29;2;1;1;1;1;410;410;410;1;4;2;2390;6;0;3;2;-3;-3;6;3;6;3;1;-3;3;-3;3;2;2;2;3;3;1;2;20000000;410004;2;1;1;0.41500000000000004;0.5533333333333333;0.439537037037037;0.46240740740740743;1.0;1.0;0.66;0.8866666666666667;0.66;0.0;0.0;0.22;0.0;0.0;0.0;0.0;1.0;0.33;0.33;0.5533333333333333;1.0;0.0;0.0;0.3333333333333333;1.0;0.33;1.0;0.7766666666666667;0.0;0.0;0.4444444444444444;0.14814814814814814;0.0;1.0;0.5;0.5;1.0;1.0;1.0;1.0;1.0;1.0;1.0;1.0;1.0;1.0;1.0;1.0;1;0;0;1;0;4;3;3;3;1;1;1;1;1;6;5;4;2;6;4;6;1;7;3;600;100000;0;10;3;1;6;4;4;4;1;2;1;3;3;5;3;3;3;3;4;7;2;2;2;2;6;3;3;-3
"1-5-0 (2020-11-16)";"doi.org/10.14281/18241.1";2018;410;"KOR";732;"ROK";410070477;20180107;201712;201801;9.01;9.48;47;1;410026;410002;8;5;2;1;477;2390;"ko";3;1;1.0;0.8032128514056225;41453.815261044176;1;2;2;2;1;2;1;1;2;1;1;2;2;1;2;2;2;1;2;1;2;2;2;1;2;2;2;2;2;3;2;3;2;1;2;1;2;1;3;3;3;3;2;3;2;2;2;3;2;2;7;7;6;4;4;4;4;4;1;2;1;3;2;4;3;4;3;2;3;3;3;2;2;2;3;4;2;2;2;2;2;2;2;2;2;2;2;3;2;2;2;2;2;5;3;1;2;0;0;0;0;0;0;0;0;0;1;0;0;9;6;6;3;5;2;7;2;3;2;2;3;2;3;6;4;2;1;2;0;2;2;1;1;2;2;3;3;3;3;4;2;3;1;2;2;1;1;2;2;2;2;3;1;2;1;1;3;3;1;1;2;7;8;7;8;6;8;5;2;2;2;2;3;3;6;5;2;2;1;7;4;1;1;3;3;1;2;3;5;7;1;3;1;3;1;1;2;2;3;2;4;4;3;2;1;1;2;1;5;1;2;2;2;2;2;2;1;1;2;2;1;2;2;2;2;2;-2;-2;-2;1;3;2;2;2;2;2;4;2;3;2;2;3;4;2;4;4;7;3;8;6;4;6;5;4;8;9;8;8;2;2;2;2;2;3;2;1;1983;34;2;2;1;1;1;410;410;410;1;3;1;2390;1;1;5;3;5;3;3;2;3;2;3;5;4;-5;6;2;1;1;3;5;2;0;100000020;410004;2;1;2;0.5677777777777778;0.6372222222222222;0.47138888888888886;0.31777777777777777;1.0;0.33;0.33;0.5533333333333333;0.33;1.0;0.8333333333333334;0.7211111111111111;0.0;1.0;1.0;0.6666666666666666;0.33;0.33;0.33;0.33;1.0;1.0;1.0;1.0;0.25;0.33;0.66;0.41333333333333333;0.0;0.2222222222222222;0.4444444444444444;0.2222222222222222;0.0;0.5;0.25;0.25;1.0;1.0;1.0;1.0;1.0;1.0;1.0;1.0;1.0;1.0;1.0;1.0;1;0;0;0;1;8;7;6;6;5;5;4;5;4;4;5;8;3;4;6;7;4;1;3;300;30000;5000;7;5;3;8;8;8;8;5;1;2;4;5;5;4;5;3;3;2;1;3;2;2;3;7;5;6;4
"1-5-0 (2020-11-16)";"doi.org/10.14281/18241.1";2018;410;"KOR";732;"ROK";410070478;20180107;201712;201801;9.23;9.44;21;1;410029;410005;8;5;2;1;478;2390;"ko";2;1;1.0;0.8032128514056225;41453.815261044176;1;2;2;2;2;2;1;1;1;1;2;2;1;2;2;2;2;1;2;1;2;1;2;2;2;2;2;2;3;3;3;3;2;1;2;1;3;3;3;3;3;2;3;3;2;2;2;2;2;2;6;6;6;4;4;4;4;4;3;2;1;2;2;3;3;3;2;3;3;2;3;3;3;3;3;3;3;2;2;3;2;2;2;2;3;3;3;3;3;3;3;3;3;7;3;3;2;0;0;0;0;0;0;0;0;0;0;0;0;7;6;8;8;7;1;7;2;2;2;2;2;1;3;6;3;2;2;2;1;2;2;1;1;2;2;4;4;4;4;4;4;4;1;2;2;2;2;2;2;2;2;2;1;2;1;2;3;3;1;1;3;7;7;7;7;7;7;6;2;2;2;2;3;3;7;8;3;2;2;8;2;2;2;2;2;2;2;4;4;4;2;2;3;4;2;2;2;2;7;2;3;3;3;2;5;1;5;1;5;5;5;2;2;2;2;2;2;2;2;2;2;2;2;2;1;1;410002;410002;410002;2;2;3;2;3;3;2;3;3;3;2;3;3;4;3;3;4;8;6;8;8;2;8;7;7;7;7;7;7;2;2;1;1;2;3;3;2;1969;48;4;2;1;1;1;410;410;410;1;4;1;2390;1;2;3;2;3;2;1;1;1;1;1;1;3;3;9;2;1;2;2;7;2;0;100000020;410004;2;1;1;0.7058333333333334;0.5816666666666668;0.42481481481481476;0.39129629629629625;0.5;0.33;0.33;0.3866666666666667;0.33;1.0;1.0;0.7766666666666667;1.0;1.0;1.0;1.0;0.66;0.66;0.66;0.66;1.0;0.0;1.0;0.6666666666666666;0.25;0.66;0.66;0.5233333333333333;0.1111111111111111;0.3333333333333333;0.3333333333333333;0.25925925925925924;0.0;0.5;0.25;0.25;1.0;1.0;1.0;1.0;1.0;1.0;1.0;1.0;1.0;1.0;1.0;1.0;1;0;0;0;1;7;6;6;6;6;6;6;6;6;6;6;7;6;4;6;7;1;2;2;500;30000;5000;6;6;1;7;6;7;7;7;1;2;5;6;8;4;5;5;5;2;1;2;2;2;2;9;3;5;4
"1-5-0 (2020-11-16)";"doi.org/10.14281/18241.1";2018;410;"KOR";732;"ROK";410070479;20180107;201712;201801;9.44;10.21;37;1;410028;410004;8;5;2;1;479;2390;"ko";2;1;1.0;0.8032128514056225;41453.815261044176;1;1;2;1;2;2;1;1;1;1;2;1;2;2;2;2;2;1;2;1;2;1;2;1;2;2;3;3;3;3;3;2;2;1;4;2;4;2;5;3;3;2;2;2;3;3;1;3;2;2;9;7;3;4;4;4;4;4;1;1;2;2;2;3;3;3;3;2;2;3;3;3;2;2;3;4;3;3;3;4;3;3;3;2;3;3;2;3;3;3;3;3;3;7;2;2;1;1;0;0;0;0;0;0;0;0;0;0;0;7;7;7;6;7;1;7;3;3;3;4;4;2;2;7;3;0;0;2;0;0;0;2;2;3;3;2;3;3;3;2;3;2;1;2;2;2;2;2;2;2;3;3;1;2;2;1;2;1;2;1;2;7;7;6;7;7;6;7;1;1;1;1;2;2;1;4;2;1;1;3;3;3;2;3;3;1;1;4;3;3;2;3;2;3;3;4;2;2;5;3;3;3;3;1;5;1;2;2;5;5;5;5;3;3;3;3;3;3;3;3;3;3;3;3;2;1;410001;410001;410001;2;3;2;2;2;2;3;3;2;3;2;2;2;4;3;4;7;6;1;8;8;1;7;7;7;9;8;7;7;2;2;2;2;2;3;3;2;1948;69;6;3;1;1;1;410;410;410;1;2;1;2390;1;2;3;2;3;2;0;1;1;1;1;4;5;-5;9;2;1;2;4;3;1;2;20000000;410004;2;2;1;0.6366666666666667;0.5533333333333335;0.3850462962962963;0.3542592592592593;1.0;0.33;0.66;0.6633333333333334;0.33;1.0;0.0;0.44333333333333336;1.0;1.0;1.0;1.0;0.33;0.66;0.33;0.44;1.0;0.0;1.0;0.6666666666666666;0.25;0.66;0.66;0.5233333333333333;0.0;0.3333333333333333;0.2222222222222222;0.1851851851851852;0.33;0.0;0.165;0.165;1.0;1.0;1.0;1.0;1.0;1.0;1.0;1.0;1.0;1.0;1.0;1.0;0;0;1;0;1;7;6;5;6;3;8;6;7;7;7;7;7;6;5;6;7;4;1;4;100;15000;0;7;3;1;7;7;9;7;2;1;1;4;4;5;5;4;4;4;2;2;2;3;3;3;5;5;4;4
"1-5-0 (2020-11-16)";"doi.org/10.14281/18241.1";2018;410;"KOR";732;"ROK";410070480;20180107;201712;201801;9.49;12.26;157;1;410026;410002;8;5;2;1;480;2390;"ko";2;2;1.0;0.8032128514056225;41453.815261044176;1;1;2;2;1;2;2;1;1;2;1;2;1;1;2;2;2;1;2;1;2;1;2;2;2;2;3;2;2;2;2;2;2;1;2;1;2;1;4;2;3;2;2;2;2;2;1;3;2;2;6;7;7;4;4;4;4;4;1;2;1;2;2;3;3;3;3;3;3;2;3;2;2;2;2;3;2;2;2;3;2;3;2;2;2;2;2;2;2;2;2;2;2;8;3;1;2;1;0;0;0;0;0;0;0;0;1;0;0;7;6;7;7;7;2;6;2;2;2;2;2;2;2;5;3;2;1;2;1;2;2;1;1;3;2;3;4;4;2;3;3;3;1;1;2;1;1;2;2;3;3;3;1;2;1;1;3;2;3;1;2;8;4;5;8;8;5;7;1;1;1;1;2;3;1;3;2;1;1;5;5;6;6;6;5;2;3;4;6;8;1;3;2;1;1;1;1;1;4;1;4;4;2;1;3;1;2;1;5;2;5;2;1;2;1;2;1;1;2;2;1;2;2;2;2;2;410002;410002;410002;1;3;2;3;2;2;2;2;2;2;2;2;2;4;2;4;5;7;2;10;7;2;7;4;3;4;8;8;8;2;2;1;2;2;2;2;1;1966;51;4;3;1;1;1;410;410;410;1;4;1;2390;1;4;3;2;3;2;1;1;1;1;3;5;4;-5;9;2;1;1;3;5;2;1;10100000;410004;3;2;2;0.6366666666666667;0.5533333333333335;0.5541666666666667;0.31833333333333336;1.0;0.33;0.66;0.6633333333333334;0.33;1.0;0.0;0.44333333333333336;1.0;1.0;1.0;1.0;0.66;0.33;0.33;0.44;1.0;1.0;1.0;1.0;0.25;0.33;0.33;0.3033333333333334;0.1111111111111111;0.3333333333333333;0.5555555555555556;0.3333333333333333;0.66;0.5;0.5800000000000001;0.5800000000000001;1.0;1.0;1.0;1.0;1.0;1.0;1.0;1.0;1.0;1.0;1.0;1.0;1;1;0;0;1;7;6;7;7;6;5;4;5;6;4;4;7;4;5;5;7;3;2;3;500;50000;10000;7;6;1;7;7;8;8;7;1;1;5;5;6;5;5;4;2;2;1;2;3;2;2;7;5;5;4
"1-5-0 (2020-11-16)";"doi.org/10.14281/18241.1";2018;410;"KOR";732;"ROK";410070481;20180107;201712;201801;9.53;10.23;31;1;410011;410001;8;5;1;1;481;2390;"ko";2;1;1.0;0.8032128514056225;41453.815261044176;2;2;3;3;1;4;2;2;1;1;1;1;2;1;2;2;2;1;2;1;1;1;2;1;2;2;2;2;4;4;4;3;3;3;1;1;4;2;4;3;2;2;2;2;2;3;3;3;3;3;6;4;3;4;4;4;4;4;3;2;1;3;3;4;3;3;3;3;2;2;2;3;2;2;4;4;2;2;2;4;2;2;1;2;2;2;2;2;2;2;3;2;2;7;3;3;2;0;0;0;0;0;0;0;0;0;0;0;0;6;7;6;4;5;2;5;2;4;2;2;2;2;4;6;4;2;2;2;0;2;2;1;2;3;3;3;3;3;4;4;3;2;1;2;2;1;3;2;2;2;3;4;1;1;1;1;2;3;2;1;2;8;7;8;6;2;8;2;2;2;2;2;3;3;7;7;2;2;2;4;2;2;1;3;3;2;1;6;5;6;2;8;2;6;3;2;2;2;8;3;3;3;3;2;3;5;5;1;2;1;1;2;2;2;2;2;2;2;2;2;2;2;2;2;1;1;410002;410002;410002;2;4;2;3;2;2;3;4;1;2;1;3;3;4;1;4;3;5;1;10;6;1;9;3;4;10;10;7;6;2;3;2;2;1;3;3;1;1991;26;2;1;1;1;1;410;410;410;1;4;2;2390;6;0;3;2;-3;-3;6;3;6;3;6;-3;-3;-3;3;-3;2;1;2;7;2;0;100000020;410004;2;2;1;0.8033333333333333;0.8316666666666668;0.5088425925925926;0.6018518518518519;1.0;0.66;0.33;0.6633333333333334;1.0;1.0;1.0;1.0;1.0;1.0;1.0;1.0;0.66;0.66;0.33;0.5499999999999999;0.0;1.0;1.0;0.6666666666666666;0.5;1.0;1.0;0.8333333333333334;0.1111111111111111;0.5555555555555556;0.4444444444444444;0.3703703703703704;0.33;0.0;0.165;0.165;1.0;1.0;1.0;1.0;1.0;1.0;1.0;1.0;1.0;1.0;1.0;1.0;0;0;1;0;1;4;4;4;6;4;4;3;3;7;4;4;8;4;4;9;4;-3;-3;2;850;150000;0;-3;7;1;-3;-3;-3;8;1;1;2;5;6;7;1;6;4;5;1;1;1;1;1;2;8;1;7;-3
"1-5-0 (2020-11-16)";"doi.org/10.14281/18241.1";2018;410;"KOR";732;"ROK";410070482;20180107;201712;201801;9.57;10.17;20;1;410041;410007;8;5;2;1;482;2390;"ko";3;1;1.0;0.8032128514056225;41453.815261044176;1;2;2;3;2;3;2;2;1;1;1;2;1;1;2;2;2;1;2;1;1;1;2;1;2;2;3;3;4;4;4;2;5;2;3;3;4;2;4;4;5;5;5;4;1;2;2;2;2;1;8;8;8;4;4;4;4;4;3;2;2;3;2;4;3;3;3;2;3;3;3;2;3;3;3;4;2;2;2;2;2;2;3;3;3;3;3;2;3;2;2;2;2;7;3;1;2;0;0;0;0;0;0;0;0;0;0;0;0;5;7;4;7;6;2;6;2;2;4;3;3;1;4;6;2;1;0;2;0;1;0;1;1;3;2;4;4;4;4;4;4;4;2;2;2;3;3;2;2;4;4;4;2;1;2;1;4;3;4;1;3;7;6;6;4;8;8;2;2;2;2;2;4;4;7;7;3;2;2;5;2;3;1;2;2;4;2;4;9;6;2;7;1;2;1;1;1;1;8;1;4;4;3;3;5;2;5;2;5;2;2;3;3;2;2;3;2;3;3;3;3;3;3;3;1;2;410002;410002;410002;2;4;4;3;2;1;3;4;1;1;1;3;3;4;3;4;2;8;1;10;9;1;8;4;3;10;10;7;7;2;2;2;2;2;2;3;2;1985;32;2;2;1;1;1;410;410;410;1;4;2;2390;6;0;6;3;-3;-3;3;2;6;3;1;-3;3;-3;3;2;2;1;3;4;2;0;100000020;410004;2;2;1;0.7058333333333334;0.6916666666666668;0.5875462962962963;0.7592592592592593;0.5;0.33;0.66;0.49666666666666676;0.66;1.0;1.0;0.8866666666666667;1.0;1.0;1.0;1.0;0.33;0.33;0.66;0.44;0.0;1.0;1.0;0.6666666666666666;1.0;1.0;1.0;1.0;0.3333333333333333;0.3333333333333333;0.8888888888888888;0.5185185185185185;0.33;0.0;0.165;0.165;1.0;1.0;1.0;1.0;1.0;1.0;1.0;1.0;1.0;1.0;1.0;1.0;0;0;1;0;1;8;6;5;6;5;4;5;5;5;6;7;9;4;6;8;8;1;5;3;600;42000;0;7;4;1;7;7;6;8;5;1;5;6;5;4;2;3;3;2;2;1;2;1;1;3;8;3;4;-3
"1-5-0 (2020-11-16)";"doi.org/10.14281/18241.1";2018;410;"KOR";732;"ROK";410070483;20180107;201712;201801;9.58;10.25;27;1;410047;410013;7;4;3;1;483;2390;"ko";3;1;1.0;0.8032128514056225;41453.815261044176;1;1;2;2;1;3;2;1;1;1;2;2;1;1;2;2;2;1;2;1;2;1;2;1;2;2;2;3;3;4;4;2;5;2;3;3;4;2;5;2;1;1;1;3;2;3;3;3;2;1;8;7;5;4;4;4;4;4;1;2;1;3;3;4;3;3;3;2;3;3;2;2;2;4;4;4;1;1;2;3;2;1;1;1;2;2;2;2;2;2;2;2;2;5;3;1;2;0;0;0;0;0;0;0;0;0;0;0;0;3;6;4;4;3;2;7;4;3;2;2;2;2;2;7;3;2;2;2;0;2;1;2;1;3;3;4;2;4;4;4;3;3;1;2;2;1;2;2;2;2;2;3;1;2;1;1;2;3;1;1;2;4;7;5;6;4;7;5;2;2;2;2;3;4;7;7;3;1;1;3;3;4;1;1;1;2;2;2;4;5;2;3;1;1;1;2;1;1;2;3;3;4;3;3;5;1;5;1;5;2;2;2;3;3;3;3;3;3;3;3;3;3;3;3;1;4;8;8;8;1;3;3;2;2;2;2;4;1;1;2;2;3;4;2;4;4;7;2;7;7;3;9;7;4;10;10;7;7;3;2;2;2;2;3;3;2;1997;20;1;1;1;1;1;410;410;410;1;4;2;2390;6;0;3;2;-3;-3;3;2;3;2;6;-3;-3;-3;6;-3;2;2;3;5;2;0;100000020;410004;1;1;2;0.5258333333333333;0.72;0.4346296296296296;0.5359259259259259;1.0;0.33;0.33;0.5533333333333333;0.66;1.0;1.0;0.8866666666666667;1.0;0.0;0.0;0.3333333333333333;0.33;0.33;0.33;0.33;1.0;0.0;1.0;0.6666666666666666;1.0;0.66;1.0;0.8866666666666667;0.1111111111111111;0.1111111111111111;0.3333333333333333;0.1851851851851852;0.0;0.0;0.0;0.0;1.0;1.0;1.0;1.0;1.0;1.0;1.0;1.0;1.0;1.0;1.0;1.0;0;0;0;0;1;6;6;5;6;3;5;3;4;1;4;3;8;3;6;5;4;-3;-3;3;450;10000;0;-3;5;1;-3;-3;-3;8;1;1;1;5;6;5;3;5;5;6;2;5;3;2;2;3;6;1;5;-3
"1-5-0 (2020-11-16)";"doi.org/10.14281/18241.1";2018;410;"KOR";732;"ROK";410070484;20180107;201712;201801;10.11;11.01;50;1;410011;410001;8;5;1;1;484;2390;"ko";2;1;1.0;0.8032128514056225;41453.815261044176;1;1;1;2;4;2;2;1;2;1;1;2;1;1;2;2;2;1;2;1;2;1;2;1;2;2;2;2;1;4;3;3;1;1;1;1;2;1;4;1;2;1;2;2;2;3;1;2;2;2;9;8;6;4;4;4;4;4;2;2;1;1;1;4;2;3;2;2;2;2;2;2;1;1;2;3;2;1;2;2;2;2;2;1;2;2;2;2;2;1;2;2;2;8;3;2;2;0;0;0;0;0;0;0;0;0;0;0;0;9;2;4;3;8;2;9;3;2;3;3;2;2;2;8;3;2;0;2;1;0;1;2;2;3;2;4;4;4;4;4;4;4;1;1;2;1;1;2;2;1;1;1;1;2;2;1;3;3;2;1;2;8;9;7;7;3;9;6;2;2;2;2;3;4;4;5;2;2;2;6;2;1;2;2;3;2;3;2;8;7;6;6;4;2;3;3;4;4;8;4;4;4;2;2;5;1;2;2;3;1;5;2;2;2;2;3;2;3;3;2;2;2;3;2;1;1;410002;410002;410002;2;3;2;2;2;2;3;2;3;3;1;1;2;4;2;3;6;9;4;9;9;3;9;2;3;9;10;6;9;2;1;1;1;1;2;3;2;1964;53;4;3;1;1;1;410;410;410;1;4;1;2390;1;2;3;2;6;3;1;1;2;1;5;1;-3;3;6;-3;2;1;3;5;2;0;100000020;410004;3;2;2;0.4433333333333333;0.44333333333333336;0.5204166666666666;0.3333333333333333;0.5;0.0;0.33;0.27666666666666667;0.33;1.0;0.5;0.61;0.0;1.0;1.0;0.6666666666666666;0.33;0.33;0.0;0.22;1.0;1.0;1.0;1.0;0.0;0.0;1.0;0.3333333333333333;0.1111111111111111;0.1111111111111111;0.7777777777777778;0.3333333333333333;0.33;0.5;0.41500000000000004;0.41500000000000004;1.0;1.0;1.0;1.0;1.0;1.0;1.0;1.0;1.0;1.0;1.0;1.0;1;0;1;0;1;8;5;7;6;2;7;2;2;1;3;2;8;5;8;3;7;-3;-3;2;450;43500;5000;-3;5;1;-3;-3;-3;8;4;2;1;6;4;9;3;4;4;4;2;1;2;3;2;2;9;4;5;4
"1-5-0 (2020-11-16)";"doi.org/10.14281/18241.1";2018;410;"KOR";732;"ROK";410070485;20180107;201712;201801;10.2;10.4;21;1;410011;410001;8;5;1;1;485;2390;"ko";1;1;1.0;0.8032128514056225;41453.815261044176;1;2;2;2;1;2;2;1;2;1;2;1;1;1;2;2;2;1;2;1;1;1;1;2;2;2;2;2;1;3;2;2;2;1;1;1;2;1;4;2;1;2;2;3;3;1;1;1;2;2;8;7;6;4;4;4;4;4;1;1;1;2;2;3;4;4;1;3;2;3;3;2;2;3;2;2;1;2;2;1;2;3;2;3;4;4;3;2;2;3;2;3;2;4;2;1;2;2;1;1;0;0;0;0;0;0;0;0;0;8;7;3;4;4;2;4;2;3;2;2;3;2;3;5;4;2;2;1;1;0;1;0;1;2;2;4;3;4;4;4;3;4;2;2;2;2;3;2;2;2;3;3;2;2;2;1;2;1;3;1;2;7;6;7;5;4;7;8;1;1;1;1;2;3;2;3;1;1;1;6;4;4;3;3;4;2;3;2;5;4;5;4;4;2;4;1;3;4;4;4;4;3;1;1;2;1;1;1;5;1;2;1;1;2;1;2;1;2;3;2;1;1;2;3;2;1;410001;410001;410001;1;3;2;3;2;1;3;4;1;2;1;2;2;3;4;3;7;3;4;9;3;2;8;3;2;7;8;7;8;2;1;1;2;1;3;2;1;1954;63;5;3;1;1;1;410;410;410;1;3;1;2390;1;3;3;2;3;2;1;1;1;1;1;5;4;-5;6;2;1;1;2;6;2;7;70000000;410004;1;1;2;0.4288888888888889;0.13777777777777778;0.2980555555555555;0.2627777777777778;0.0;0.0;0.33;0.11;0.33;0.0;0.16666666666666666;0.16555555555555557;1.0;1.0;1.0;1.0;0.66;0.33;0.33;0.44;1.0;0.0;1.0;0.6666666666666666;0.25;0.0;0.66;0.30333333333333334;0.1111111111111111;0.1111111111111111;0.4444444444444444;0.22222222222222224;0.0;0.0;0.0;0.0;1.0;1.0;1.0;1.0;1.0;1.0;1.0;1.0;1.0;1.0;1.0;1.0;0;0;0;0;1;7;5;7;7;5;5;4;4;6;6;5;8;6;7;5;6;1;4;2;400;48000;0;8;6;1;7;7;8;6;7;1;1;6;5;4;7;4;6;5;1;2;1;3;1;3;4;8;5;4
"1-5-0 (2020-11-16)";"doi.org/10.14281/18241.1";2018;410;"KOR";732;"ROK";410070486;20180107;201712;201801;10.27;10.58;31;1;410048;410014;7;4;3;1;486;2390;"ko";2;1;1.0;0.8032128514056225;41453.815261044176;1;1;2;2;1;4;1;1;2;1;1;1;2;2;2;2;2;1;2;2;2;2;2;1;2;2;3;2;2;2;2;2;2;1;1;1;2;1;3;3;3;2;2;2;2;2;2;3;2;1;8;7;6;4;4;4;4;4;3;2;1;2;3;4;3;4;2;3;2;2;3;2;2;2;3;3;2;2;2;3;2;3;3;3;2;2;2;2;3;3;2;2;2;8;3;1;2;0;2;0;0;0;0;0;0;0;2;0;0;7;4;3;5;8;1;7;2;2;2;2;2;2;3;7;3;2;0;2;2;1;2;2;2;3;2;4;3;3;4;4;3;3;1;2;2;1;1;2;2;2;2;2;1;1;1;3;1;1;3;1;2;7;6;7;5;1;7;3;2;2;2;2;4;4;7;8;3;1;1;7;1;1;1;6;6;6;7;6;8;4;4;7;1;1;1;1;3;1;4;2;4;4;2;2;2;1;1;1;5;1;2;2;1;2;2;2;1;2;2;2;1;2;2;2;1;1;410002;410002;410002;1;4;2;2;2;2;2;4;1;1;1;3;2;4;1;4;3;8;1;10;7;1;8;5;5;10;10;7;7;2;3;1;1;1;3;4;1;1993;24;1;1;1;1;1;410;410;410;1;4;2;2390;6;4;6;3;-3;-3;3;2;3;2;1;-3;3;-3;6;2;2;2;3;5;2;0;100000020;410004;2;1;1;0.72;0.8866666666666667;0.6082407407407409;0.4664814814814815;1.0;0.66;0.66;0.7733333333333334;1.0;1.0;1.0;1.0;0.0;1.0;1.0;0.6666666666666666;0.66;0.33;0.33;0.44;1.0;1.0;1.0;1.0;0.25;0.33;0.33;0.3033333333333334;0.5555555555555556;0.5555555555555556;0.7777777777777778;0.6296296296296297;0.0;1.0;0.5;0.5;1.0;1.0;1.0;1.0;1.0;1.0;1.0;1.0;1.0;1.0;1.0;1.0;1;0;0;0;1;7;6;6;6;3;5;2;2;3;3;3;7;2;8;5;6;1;5;3;600;45000;5000;8;4;1;8;8;6;7;7;1;2;4;5;6;2;4;4;3;1;1;1;1;2;3;7;1;4;-3
"1-5-0 (2020-11-16)";"doi.org/10.14281/18241.1";2018;410;"KOR";732;"ROK";410070487;20180107;201712;201801;10.39;10.59;20;1;410041;410007;8;5;2;1;487;2390;"ko";3;1;1.0;0.8032128514056225;41453.815261044176;1;2;2;3;2;3;2;1;1;1;1;2;2;1;2;2;2;1;2;1;1;1;2;1;2;2;3;2;4;4;4;2;4;2;3;3;4;2;4;5;3;4;5;4;1;1;1;3;2;1;6;6;6;4;4;4;4;4;3;2;1;2;2;3;3;3;4;2;3;3;3;2;2;2;3;3;2;2;2;2;2;2;2;2;2;2;2;2;2;2;2;2;2;3;3;1;2;0;0;0;0;0;0;0;0;0;0;0;0;5;6;4;5;5;2;6;2;2;3;2;2;1;4;6;3;2;0;2;1;1;1;1;1;2;2;4;4;4;4;4;4;4;2;2;2;2;2;2;2;2;2;2;1;1;2;1;2;3;1;1;4;7;6;5;5;7;6;2;2;2;2;2;4;4;7;8;3;2;2;5;3;2;1;1;1;5;1;4;7;5;1;3;1;3;1;1;1;1;4;1;4;4;3;3;5;1;5;2;2;3;5;3;2;2;1;2;2;3;3;3;2;2;2;2;2;2;-2;-2;-2;2;3;3;3;3;2;3;4;1;1;1;4;4;4;3;4;5;5;1;9;8;1;10;5;3;10;10;7;7;2;2;2;2;2;2;3;2;1981;36;3;2;1;1;1;410;410;410;1;3;1;2390;1;1;5;3;6;3;3;2;3;2;1;1;3;3;4;2;2;1;3;3;1;0;100000020;410004;0;1;2;0.5533333333333333;0.7750000000000001;0.599537037037037;0.6990740740740741;1.0;0.33;0.66;0.6633333333333334;0.66;1.0;1.0;0.8866666666666667;1.0;0.0;0.0;0.3333333333333333;0.33;0.33;0.33;0.33;1.0;1.0;1.0;1.0;0.75;1.0;1.0;0.9166666666666666;0.4444444444444444;0.3333333333333333;0.6666666666666666;0.48148148148148145;0.0;0.0;0.0;0.0;1.0;1.0;1.0;1.0;1.0;1.0;1.0;1.0;1.0;1.0;1.0;1.0;0;0;0;0;0;7;6;6;6;6;3;6;4;5;4;5;7;5;5;8;7;1;4;3;450;29000;3000;6;3;2;6;6;6;8;5;2;2;5;4;5;2;4;4;4;2;1;2;2;2;2;7;3;3;4
"1-5-0 (2020-11-16)";"doi.org/10.14281/18241.1";2018;410;"KOR";732;"ROK";410070488;20180107;201712;201801;10.44;11.04;20;1;410026;410002;8;5;2;1;488;2390;"ko";2;1;1.0;0.8032128514056225;41453.815261044176;1;1;2;2;2;2;1;1;2;2;1;1;2;2;2;2;1;1;2;1;2;1;2;2;2;2;1;3;3;3;2;2;3;3;1;1;4;2;3;2;2;2;2;2;2;3;1;1;2;2;8;7;7;4;4;4;4;4;1;2;1;2;2;2;3;3;2;2;2;2;3;2;3;3;3;3;3;3;2;3;2;2;3;3;2;2;2;2;2;2;2;2;2;8;3;3;2;0;0;0;0;0;0;0;0;0;0;0;0;7;5;3;4;4;2;7;2;2;3;3;3;2;2;7;3;2;2;1;1;1;1;1;1;3;2;4;4;4;4;4;4;4;2;2;2;2;3;2;2;4;4;4;1;1;2;3;1;3;1;1;2;8;8;5;7;4;8;4;2;2;2;2;3;4;6;7;3;2;2;2;1;2;2;1;2;2;1;3;6;5;1;4;1;1;2;1;2;2;3;4;4;4;3;2;5;1;5;2;2;2;5;2;3;3;3;3;2;3;3;3;2;3;3;3;1;1;410002;410002;410002;2;3;3;3;2;2;2;3;2;2;2;2;1;2;2;2;4;7;6;8;7;6;7;7;7;6;7;7;7;2;2;2;1;1;2;3;1;1987;30;2;2;1;1;1;410;410;410;1;4;2;2390;6;0;8;3;-3;-3;5;3;6;3;1;-3;6;-3;3;2;2;2;3;5;2;0;100000020;410004;2;1;0;0.48444444444444446;0.41555555555555557;0.5174074074074074;0.45148148148148154;0.0;0.33;0.0;0.11;0.33;1.0;0.8333333333333334;0.7211111111111111;1.0;0.0;1.0;0.6666666666666666;0.33;0.33;0.66;0.44;1.0;1.0;0.0;0.6666666666666666;0.5;0.66;0.66;0.6066666666666668;0.1111111111111111;0.2222222222222222;0.5555555555555556;0.2962962962962963;0.0;1.0;0.5;0.5;1.0;1.0;1.0;1.0;1.0;1.0;1.0;1.0;1.0;1.0;1.0;1.0;1;0;0;0;1;9;7;5;6;6;7;5;7;6;5;6;8;4;8;5;8;2;5;2;600;30000;0;9;5;1;8;7;7;8;8;1;1;5;3;7;3;5;5;3;3;1;2;2;3;3;7;3;5;-3
"1-5-0 (2020-11-16)";"doi.org/10.14281/18241.1";2018;410;"KOR";732;"ROK";410070489;20180107;201712;201801;10.59;11.33;34;1;410011;410001;8;5;1;1;489;2390;"ko";2;1;1.0;0.8032128514056225;41453.815261044176;2;2;3;3;1;4;1;1;2;1;1;2;2;1;2;2;2;1;2;1;1;1;2;1;2;2;3;2;4;4;4;3;5;2;2;1;5;2;4;4;2;2;3;2;2;3;3;3;3;3;5;4;3;4;4;4;4;4;3;2;2;3;3;4;3;3;3;3;2;2;2;3;2;3;4;4;2;2;2;4;2;2;2;2;1;1;2;2;2;2;3;2;2;9;3;3;2;0;0;0;0;0;0;0;0;0;0;0;0;4;8;8;5;7;2;6;2;4;2;2;2;2;4;7;4;2;2;2;0;2;2;1;2;3;3;3;3;4;4;4;4;2;1;1;2;1;3;2;1;2;2;4;1;1;1;1;2;3;1;1;2;8;7;6;2;2;9;2;2;2;2;2;3;2;7;7;2;2;2;7;2;3;3;4;3;3;1;8;8;6;2;9;1;4;3;2;1;2;6;2;3;3;3;2;4;4;5;1;2;1;2;1;2;2;2;2;2;2;2;2;2;2;2;2;1;1;-2;-2;-2;2;4;2;3;2;2;3;4;2;4;1;3;3;4;1;4;5;6;1;10;8;1;10;7;3;10;9;6;6;2;3;2;2;2;3;3;2;1992;25;2;1;1;1;1;410;410;410;1;4;2;2390;6;0;6;3;-3;-3;6;3;6;3;1;-3;3;-3;3;2;2;1;3;6;2;0;100000020;410004;1;1;2;0.8308333333333333;0.8866666666666667;0.6481481481481481;0.7962962962962963;1.0;0.66;0.66;0.7733333333333334;1.0;1.0;1.0;1.0;1.0;1.0;1.0;1.0;0.66;0.66;0.33;0.5499999999999999;1.0;1.0;1.0;1.0;1.0;1.0;1.0;1.0;0.2222222222222222;0.7777777777777778;0.7777777777777778;0.5925925925925926;0.0;0.0;0.0;0.0;1.0;1.0;1.0;1.0;1.0;1.0;1.0;1.0;1.0;1.0;1.0;1.0;0;0;0;0;1;5;4;4;7;4;4;3;3;6;3;4;7;4;5;9;3;2;6;3;680;108000;0;4;7;1;3;3;4;7;1;2;2;4;7;6;1;6;3;6;2;1;2;1;2;3;7;1;6;-3
"1-5-0 (2020-11-16)";"doi.org/10.14281/18241.1";2018;410;"KOR";732;"ROK";410070490;20180107;201712;201801;11.0;11.35;35;1;410047;410013;7;4;3;1;490;2390;"ko";3;1;1.0;0.8032128514056225;41453.815261044176;1;1;2;2;1;3;1;1;1;1;2;2;1;2;2;2;2;1;2;1;2;1;2;1;2;2;2;3;2;3;2;2;3;3;2;1;4;2;5;2;2;1;2;3;2;3;3;3;2;2;7;6;6;4;4;4;4;4;1;2;1;2;3;4;4;4;3;1;2;2;1;1;2;3;4;4;2;2;2;3;2;3;3;2;2;2;3;3;2;2;3;3;2;5;3;2;2;0;0;0;0;0;0;0;0;0;0;0;0;5;6;5;4;4;2;6;3;3;3;3;3;2;2;7;3;2;2;2;0;0;1;2;1;2;3;3;2;4;4;4;3;3;1;2;2;2;1;2;2;1;2;3;1;2;1;1;2;3;1;1;2;7;4;5;4;3;6;5;2;2;2;2;4;4;7;7;3;1;2;4;2;2;1;1;2;2;2;3;5;5;2;3;1;1;1;1;3;2;3;3;3;4;3;2;5;1;5;2;5;2;5;2;3;3;3;3;2;3;3;3;3;3;3;3;1;1;410002;410002;410002;2;3;3;3;2;3;2;4;1;2;2;2;4;4;2;4;6;8;1;7;8;2;9;7;3;8;10;6;6;2;2;2;2;2;3;3;2;1967;50;4;3;1;1;1;410;410;410;1;4;1;2390;1;2;3;2;5;3;1;1;2;1;1;1;3;6;9;2;2;2;2;6;2;0;100000020;410004;1;1;1;0.5541666666666666;0.72;0.35564814814814816;0.377962962962963;1.0;0.33;0.33;0.5533333333333333;0.66;1.0;1.0;0.8866666666666667;1.0;0.0;1.0;0.6666666666666666;0.0;0.0;0.33;0.11;1.0;0.0;1.0;0.6666666666666666;0.5;0.33;0.66;0.49666666666666676;0.1111111111111111;0.2222222222222222;0.4444444444444444;0.25925925925925924;0.0;0.0;0.0;0.0;1.0;1.0;1.0;1.0;1.0;1.0;1.0;1.0;1.0;1.0;1.0;1.0;0;0;0;0;1;6;5;6;6;3;4;3;3;4;4;4;6;4;5;5;4;1;3;2;600;25000;0;7;6;1;7;7;6;7;4;2;1;5;5;6;2;4;5;5;2;1;3;3;1;4;6;2;3;4
"1-5-0 (2020-11-16)";"doi.org/10.14281/18241.1";2018;410;"KOR";732;"ROK";410070491;20180107;201712;201801;11.01;11.28;27;1;410048;410014;7;4;3;1;491;2390;"ko";3;1;1.0;0.8032128514056225;41453.815261044176;1;2;2;3;2;1;1;2;1;1;2;1;2;1;2;2;2;1;2;2;2;2;2;2;2;2;3;2;2;3;3;2;4;2;1;1;3;3;3;2;2;1;2;2;2;2;2;3;2;2;6;6;5;4;4;4;4;4;1;2;1;2;2;4;3;4;2;3;2;2;3;2;2;2;3;3;2;2;2;3;2;2;3;3;2;2;2;2;2;2;2;2;2;7;3;2;3;2;0;0;0;0;0;0;0;0;2;0;0;5;6;3;4;7;1;6;2;3;3;2;2;2;3;7;3;1;0;2;2;1;2;1;1;3;2;4;3;4;4;4;3;3;1;1;2;1;1;2;2;2;2;2;1;2;2;1;4;3;1;1;2;8;8;5;7;6;6;7;1;1;1;1;2;3;3;4;1;1;1;6;1;1;1;2;1;5;2;8;8;5;1;8;1;1;1;1;1;1;5;2;4;4;3;2;5;1;3;5;5;5;5;2;2;2;2;2;1;2;2;2;2;2;2;2;1;1;410001;410001;410001;2;3;2;3;2;2;2;4;1;2;1;2;3;4;1;4;7;7;1;10;8;1;10;5;6;10;10;7;6;2;2;1;1;2;3;4;2;1964;53;4;3;1;1;1;410;410;410;1;4;1;2390;1;2;3;2;3;2;1;1;1;1;1;1;4;6;9;2;2;2;3;4;2;7;70000000;410004;1;1;1;0.3869444444444444;0.38722222222222225;0.39499999999999996;0.6233333333333333;1.0;0.33;0.66;0.6633333333333334;0.0;0.0;0.3333333333333333;0.1111111111111111;0.0;1.0;0.0;0.3333333333333333;0.66;0.33;0.33;0.44;0.0;0.0;1.0;0.3333333333333333;0.75;0.33;0.66;0.5800000000000001;0.4444444444444444;0.7777777777777778;0.7777777777777778;0.6666666666666666;0.0;0.0;0.0;0.0;1.0;1.0;1.0;1.0;1.0;1.0;1.0;1.0;1.0;1.0;1.0;1.0;0;0;0;0;1;6;6;6;6;3;4;2;2;3;4;3;6;6;8;4;5;4;2;3;450;25000;0;6;4;1;6;6;6;8;3;1;2;5;5;5;5;5;5;5;2;2;1;1;1;4;5;5;5;4
"1-5-0 (2020-11-16)";"doi.org/10.14281/18241.1";2018;410;"KOR";732;"ROK";410070492;20180107;201712;201801;11.1;11.53;43;1;410041;410007;8;5;2;1;492;2390;"ko";3;1;1.0;0.8032128514056225;41453.815261044176;1;2;2;2;2;2;1;1;2;1;1;2;2;1;2;2;2;1;2;1;2;1;2;1;2;1;2;3;3;2;3;2;3;3;3;3;2;1;3;2;2;2;3;4;2;1;2;3;2;2;8;7;4;4;4;4;4;4;1;2;1;2;2;3;3;3;2;3;3;3;3;2;2;2;3;3;2;3;3;3;3;2;2;2;2;2;2;3;2;3;2;2;2;7;3;3;2;2;0;0;0;0;0;0;0;0;1;0;0;8;4;7;3;6;1;7;2;2;2;2;2;2;2;6;3;2;1;2;1;1;2;0;0;2;2;3;3;3;3;3;3;3;2;2;2;2;3;2;2;3;3;3;1;1;2;1;2;1;3;2;4;7;6;3;5;7;8;7;1;1;1;1;2;2;1;3;1;1;1;5;3;4;3;3;2;4;4;5;5;6;4;6;2;3;3;4;5;5;7;2;2;2;3;2;5;1;5;1;3;1;2;1;2;3;2;3;1;1;2;2;2;2;2;2;1;1;-2;-2;-2;2;2;3;2;2;2;3;3;2;2;2;2;3;3;2;2;6;7;5;8;7;7;8;4;3;9;8;7;8;2;2;2;2;2;3;3;2;1979;38;3;2;1;1;1;410;410;410;1;2;1;2390;1;0;6;3;6;3;3;2;3;2;5;1;-3;3;7;-3;2;1;3;5;2;2;20000000;410004;1;1;2;0.5258333333333334;0.33166666666666667;0.4760185185185185;0.45203703703703707;1.0;0.33;0.33;0.5533333333333333;0.33;0.0;0.0;0.11;1.0;1.0;1.0;1.0;0.66;0.33;0.33;0.44;1.0;1.0;1.0;1.0;0.5;0.66;0.33;0.49666666666666676;0.3333333333333333;0.4444444444444444;0.4444444444444444;0.4074074074074074;0.0;0.0;0.0;0.0;1.0;1.0;1.0;1.0;1.0;1.0;1.0;1.0;1.0;1.0;1.0;1.0;0;0;0;1;0;7;6;4;4;3;3;3;4;3;3;3;7;4;6;5;7;-3;-3;2;300;20000;3000;-3;4;2;-3;-3;-3;7;4;1;1;2;4;5;3;2;2;2;2;2;2;2;2;2;3;5;3;4
"1-5-0 (2020-11-16)";"doi.org/10.14281/18241.1";2018;410;"KOR";732;"ROK";410070493;20180107;201712;201801;11.11;11.31;20;1;410026;410002;8;5;2;1;493;2390;"ko";2;1;1.0;0.8032128514056225;41453.815261044176;1;1;1;2;1;3;1;2;1;1;1;2;1;2;2;2;2;1;2;1;2;2;2;2;2;2;2;2;2;2;2;2;2;1;2;1;2;1;2;2;2;2;2;2;2;1;3;2;2;2;8;8;8;4;4;4;4;4;1;2;1;2;2;2;2;2;2;2;2;2;2;2;2;2;2;3;2;2;2;2;2;2;2;2;2;2;2;2;2;2;2;2;2;7;3;1;2;0;0;0;0;0;0;0;0;0;0;0;0;8;8;5;5;7;1;7;2;2;2;2;2;2;2;6;4;2;2;2;2;0;2;2;0;2;2;4;4;4;4;4;4;4;1;2;2;2;4;2;2;2;2;2;2;2;2;1;2;3;1;1;2;7;7;7;4;2;8;8;2;2;2;2;4;4;6;6;2;2;2;7;4;3;2;1;1;3;2;1;3;2;2;5;1;1;1;1;1;1;4;2;3;3;4;2;3;2;3;2;5;2;3;3;2;2;2;2;2;2;2;2;2;2;2;2;1;1;410001;410001;410001;1;4;4;3;1;1;3;2;2;2;2;2;3;4;2;4;5;4;3;8;4;3;8;8;7;7;7;7;7;2;2;2;2;2;3;3;1;1956;61;5;3;1;1;1;410;410;410;1;3;1;2390;1;2;3;2;3;2;1;1;1;1;1;1;6;5;6;2;1;1;3;5;2;7;70000000;410004;1;1;0;0.47027777777777785;0.608888888888889;0.27953703703703703;0.22574074074074077;0.5;0.33;0.33;0.3866666666666667;0.66;1.0;0.8333333333333334;0.8311111111111112;1.0;0.0;0.0;0.3333333333333333;0.33;0.33;0.33;0.33;0.0;1.0;1.0;0.6666666666666666;0.25;0.33;0.33;0.3033333333333334;0.2222222222222222;0.0;0.2222222222222222;0.14814814814814814;0.0;0.0;0.0;0.0;1.0;1.0;1.0;1.0;1.0;1.0;1.0;1.0;1.0;1.0;1.0;1.0;0;0;0;0;1;8;8;8;8;8;7;7;7;7;7;7;8;7;5;7;7;4;1;3;600;30000;0;8;4;1;8;8;8;8;8;1;1;5;5;5;7;5;5;3;2;2;2;2;2;2;6;8;5;1
"1-5-0 (2020-11-16)";"doi.org/10.14281/18241.1";2018;410;"KOR";732;"ROK";410070494;20180107;201712;201801;11.24;11.45;21;1;410043;410009;7;4;3;1;494;2390;"ko";2;1;1.0;0.8032128514056225;41453.815261044176;1;1;1;2;1;1;1;1;1;1;2;1;2;2;2;2;2;1;2;1;2;1;2;1;2;2;2;2;2;4;3;3;3;3;3;3;2;1;2;2;2;2;3;4;2;3;1;3;2;2;8;8;8;4;4;4;4;4;1;1;1;1;1;2;1;2;1;2;3;3;2;2;2;3;3;3;2;2;2;2;2;2;2;2;2;2;2;2;2;2;2;2;2;5;3;1;2;0;1;1;1;1;1;1;1;1;1;1;1;7;4;7;2;7;1;6;2;2;2;2;2;2;3;6;2;2;2;1;1;1;1;1;1;3;2;4;4;2;2;4;4;3;1;2;2;3;3;2;2;3;3;3;1;2;1;2;1;3;1;1;3;8;8;6;6;4;7;8;1;1;1;1;2;2;1;1;1;1;1;8;2;2;1;2;2;5;2;6;7;7;2;6;1;1;1;2;2;2;5;2;4;2;2;2;1;1;4;1;2;1;2;1;2;2;2;2;2;2;2;2;2;2;2;2;1;1;410002;410002;410002;2;2;3;2;2;3;2;4;2;2;2;2;2;3;2;3;6;7;6;6;7;6;6;6;6;7;7;6;7;2;2;2;2;2;3;3;1;1957;60;5;3;1;1;1;410;410;410;1;2;1;2390;1;2;6;3;3;2;1;1;1;1;1;5;2;-5;9;1;1;1;2;6;2;2;20000000;410004;1;1;1;0.4708333333333333;0.27666666666666667;0.45805555555555555;0.5827777777777778;1.0;0.33;0.33;0.5533333333333333;0.0;0.0;0.0;0.0;1.0;1.0;1.0;1.0;0.33;0.33;0.33;0.33;1.0;0.0;1.0;0.6666666666666666;0.5;0.33;1.0;0.61;0.4444444444444444;0.5555555555555556;0.6666666666666666;0.5555555555555556;0.0;0.0;0.0;0.0;1.0;1.0;1.0;1.0;1.0;1.0;1.0;1.0;1.0;1.0;1.0;1.0;0;0;0;0;1;8;5;5;5;3;5;3;3;5;6;4;8;5;7;6;5;1;8;3;700;100000;20000;9;5;1;9;9;9;8;8;1;1;6;5;6;3;3;3;3;3;1;2;2;2;2;8;5;6;4
"1-5-0 (2020-11-16)";"doi.org/10.14281/18241.1";2018;410;"KOR";732;"ROK";410070495;20180107;201712;201801;11.28;12.05;37;1;410027;410003;8;5;2;1;495;2390;"ko";3;1;1.0;0.8032128514056225;41453.815261044176;1;2;1;2;2;2;2;2;2;1;1;1;1;1;2;2;2;1;2;1;2;1;1;1;2;2;1;2;2;2;2;2;1;1;2;1;3;3;2;2;2;2;2;2;2;3;1;2;2;2;7;5;4;4;4;4;4;4;2;2;1;3;2;3;3;4;2;2;2;3;3;3;3;3;3;3;2;3;3;2;2;3;3;2;2;2;3;3;2;2;3;3;2;8;2;2;2;1;0;0;0;0;0;0;0;0;1;0;0;4;5;6;6;5;2;8;3;3;3;3;3;3;4;8;3;2;2;1;1;0;0;2;2;2;3;3;2;3;3;3;3;3;1;1;2;2;2;2;2;2;2;3;2;1;2;2;1;3;1;1;3;8;8;5;7;2;8;6;1;1;2;2;3;3;3;5;2;2;2;4;1;1;1;1;1;4;1;4;4;5;1;4;1;1;1;1;1;1;4;2;4;4;2;2;5;1;5;1;5;2;1;1;2;3;3;3;2;3;3;3;2;3;3;3;1;1;410001;410001;410001;1;4;3;4;1;1;3;4;1;1;2;2;2;3;1;3;9;7;3;8;7;3;7;7;3;8;8;8;7;2;2;2;2;2;3;3;2;1961;56;5;3;2;1;1;-2;410;410;1;2;1;2390;1;2;3;2;3;2;1;1;1;1;5;1;-3;8;7;-3;2;2;4;4;2;1;10100000;-5;1;1;1;0.3452777777777778;0.41555555555555557;0.305;0.27666666666666667;0.5;0.33;0.0;0.27666666666666667;0.33;1.0;0.3333333333333333;0.5544444444444444;0.0;0.0;0.0;0.0;0.33;0.66;0.66;0.55;0.0;1.0;1.0;0.6666666666666666;0.0;0.33;0.33;0.22;0.3333333333333333;0.3333333333333333;0.3333333333333333;0.3333333333333333;0.0;0.0;0.0;0.0;1.0;1.0;1.0;1.0;1.0;1.0;1.0;1.0;1.0;1.0;1.0;1.0;0;0;0;0;1;6;5;5;4;4;5;4;4;4;5;6;6;3;6;5;4;-3;-3;4;200;30000;500;-3;4;1;-3;-3;-3;7;6;2;1;2;2;4;6;3;2;2;3;2;3;4;1;3;4;6;3;4
"1-5-0 (2020-11-16)";"doi.org/10.14281/18241.1";2018;410;"KOR";732;"ROK";410070496;20180107;201712;201801;11.34;12.19;45;1;410026;410002;8;5;2;1;496;2390;"ko";3;1;1.0;0.8032128514056225;41453.815261044176;1;2;2;3;1;3;1;2;1;2;1;2;1;1;2;2;2;1;1;1;2;1;2;1;2;2;2;3;3;2;2;2;2;1;1;1;3;3;4;3;2;1;2;2;2;3;1;3;2;2;8;7;7;4;3;3;3;3;3;1;2;3;1;2;3;2;4;3;2;3;3;3;4;3;3;3;3;4;3;3;2;4;3;4;3;3;3;4;4;3;4;3;3;8;3;1;2;1;2;2;1;2;1;2;1;2;1;1;1;8;7;7;7;8;1;8;3;4;3;3;3;2;3;5;3;2;2;2;2;2;2;2;2;2;3;4;3;4;3;3;3;3;1;2;2;3;3;2;2;3;3;3;1;1;1;1;3;2;1;2;3;7;8;7;3;2;2;4;2;2;2;2;3;2;6;7;2;2;2;6;5;6;6;3;4;2;2;2;2;2;2;2;2;2;3;2;2;2;2;3;3;3;3;3;5;4;3;2;5;4;5;5;3;3;3;3;3;3;3;3;2;2;3;3;1;1;-2;-2;-2;3;3;3;4;3;4;3;4;3;3;3;3;3;4;3;3;7;8;6;7;7;6;7;7;7;7;7;8;7;3;3;3;2;1;2;3;1;1960;57;5;3;1;1;1;410;410;410;1;4;1;2390;1;2;3;2;3;2;1;1;1;1;1;5;5;-5;9;2;1;2;3;5;2;7;70000000;410004;4;2;1;0.8169444444444445;0.7472222222222223;0.4427777777777778;0.26222222222222225;1.0;0.66;0.33;0.6633333333333334;0.66;1.0;0.8333333333333334;0.8311111111111112;1.0;1.0;1.0;1.0;0.66;0.66;1.0;0.7733333333333334;0.0;1.0;1.0;0.6666666666666666;0.25;0.66;0.33;0.4133333333333334;0.1111111111111111;0.1111111111111111;0.1111111111111111;0.1111111111111111;0.66;0.5;0.5800000000000001;0.5800000000000001;1.0;1.0;1.0;1.0;1.0;1.0;1.0;1.0;1.0;1.0;1.0;1.0;1;1;0;1;1;9;8;7;7;7;8;7;7;8;7;8;8;7;7;7;8;3;1;3;300;25000;0;8;6;1;8;8;7;8;7;1;1;4;5;6;5;4;6;4;3;6;4;2;3;3;6;5;6;4
"1-5-0 (2020-11-16)";"doi.org/10.14281/18241.1";2018;410;"KOR";732;"ROK";410070497;20180107;201712;201801;11.35;11.57;22;1;410048;410014;7;4;3;1;497;2390;"ko";3;1;1.0;0.8032128514056225;41453.815261044176;1;2;2;2;1;1;1;1;2;1;2;1;2;1;2;2;2;1;2;1;2;2;2;1;2;2;3;2;3;3;3;2;3;3;1;1;3;3;4;2;3;1;1;2;2;2;2;3;2;2;8;6;6;4;4;4;4;4;1;2;1;2;2;3;3;3;1;3;2;2;3;2;2;2;3;3;2;2;2;3;2;3;3;3;2;2;2;2;2;2;2;2;2;7;3;3;2;2;0;0;0;0;0;0;0;0;2;0;0;8;5;3;5;4;1;5;2;3;3;2;2;1;3;7;3;2;0;2;2;1;2;1;1;3;2;4;3;4;4;4;3;3;1;2;2;1;1;2;2;2;2;2;1;1;1;1;2;3;1;1;2;7;7;5;5;2;8;7;1;1;1;1;2;3;3;4;1;2;1;8;1;1;1;1;1;3;1;5;5;5;1;8;1;1;1;1;1;1;5;2;4;4;3;2;1;1;2;2;5;2;5;2;1;2;2;2;1;2;2;2;1;1;2;2;1;1;410001;410001;410001;1;3;2;3;2;2;2;4;1;2;1;3;2;4;1;3;5;8;5;10;7;1;8;3;5;10;10;7;7;2;2;1;1;2;4;4;2;1975;42;3;2;1;1;1;410;410;410;1;4;1;2390;1;2;6;3;6;3;1;1;3;2;1;1;3;3;6;2;2;2;3;4;2;7;70000000;410004;1;1;2;0.3036111111111111;0.38722222222222225;0.4109259259259259;0.4885185185185186;1.0;0.33;0.66;0.6633333333333334;0.0;0.0;0.3333333333333333;0.1111111111111111;0.0;0.0;0.0;0.0;0.66;0.33;0.33;0.44;1.0;0.0;1.0;0.6666666666666666;0.5;0.66;0.66;0.6066666666666668;0.2222222222222222;0.4444444444444444;0.4444444444444444;0.3703703703703704;0.0;0.0;0.0;0.0;1.0;1.0;1.0;1.0;1.0;1.0;1.0;1.0;1.0;1.0;1.0;1.0;0;0;0;0;1;6;6;6;6;3;3;3;2;3;3;3;7;2;8;5;6;3;2;3;500;50000;20000;7;4;1;7;7;7;7;4;1;2;3;3;5;4;4;4;4;1;2;1;1;1;4;5;5;3;4
"1-5-0 (2020-11-16)";"doi.org/10.14281/18241.1";2018;410;"KOR";732;"ROK";410070498;20180107;201712;201801;11.47;12.07;20;1;410043;410009;7;4;3;1;498;2390;"ko";3;1;1.0;0.8032128514056225;41453.815261044176;1;1;1;3;2;3;1;2;1;1;2;1;1;2;2;2;2;1;2;1;2;2;2;1;2;2;2;2;1;3;3;3;2;1;3;3;2;1;2;3;2;3;3;3;1;1;1;3;2;3;8;7;4;4;4;4;4;4;1;2;1;1;2;3;2;3;3;2;3;3;3;2;2;3;3;3;3;2;3;2;2;2;2;2;2;2;2;2;3;2;2;3;3;7;3;2;2;2;2;2;2;2;2;2;2;2;2;2;2;6;6;7;2;8;2;7;1;2;2;2;2;2;3;6;4;2;2;1;1;1;1;1;1;2;2;4;4;4;4;4;4;4;1;1;2;2;2;2;2;2;2;2;1;2;2;2;1;3;2;1;3;7;7;7;7;8;8;6;1;2;2;2;4;3;5;6;2;2;2;6;1;2;2;1;1;3;1;5;5;6;1;5;1;1;1;2;1;2;4;3;3;2;3;2;5;1;5;5;5;5;5;2;3;3;3;3;3;3;3;3;3;3;3;3;1;1;410001;410001;410001;2;3;2;2;2;2;3;3;2;2;2;3;2;4;2;4;7;6;6;6;8;3;7;7;6;6;6;6;6;2;2;2;2;2;3;3;2;1950;67;6;3;1;1;1;410;410;410;1;2;1;2390;1;3;1;1;1;1;0;1;1;1;5;4;-3;-5;9;-3;2;3;5;1;1;7;70000000;410004;2;2;0;0.49805555555555553;0.6644444444444444;0.29300925925925925;0.33685185185185185;1.0;0.33;0.33;0.5533333333333333;0.66;1.0;0.6666666666666666;0.7755555555555556;1.0;0.0;0.0;0.3333333333333333;0.33;0.33;0.33;0.33;0.0;0.0;1.0;0.3333333333333333;0.25;0.0;0.66;0.30333333333333334;0.2222222222222222;0.4444444444444444;0.4444444444444444;0.3703703703703704;0.33;0.0;0.165;0.165;1.0;1.0;1.0;1.0;1.0;1.0;1.0;1.0;1.0;1.0;1.0;1.0;0;0;1;0;1;7;6;5;5;4;4;4;3;5;5;4;6;4;6;6;6;-3;-3;5;60;10000;0;-3;1;1;-3;-3;-3;7;4;1;1;5;5;5;6;5;5;5;3;2;2;2;2;2;5;6;4;4
"1-5-0 (2020-11-16)";"doi.org/10.14281/18241.1";2018;410;"KOR";732;"ROK";410070499;20180107;201712;201801;11.47;12.2;33;1;410028;410004;8;5;2;1;499;2390;"ko";2;1;1.0;0.8032128514056225;41453.815261044176;1;1;2;3;1;3;1;1;2;1;1;1;2;2;2;2;2;1;2;1;2;1;2;1;2;2;3;2;3;3;4;2;4;2;1;1;2;1;4;3;2;2;2;1;2;2;1;2;2;2;8;6;7;3;4;4;3;4;1;2;1;2;2;3;3;3;3;3;3;3;3;2;3;2;3;3;3;3;3;3;2;3;3;3;2;2;2;3;2;2;2;2;2;6;3;3;2;0;0;0;0;0;0;0;0;0;0;0;0;5;5;4;4;4;2;6;2;2;2;3;3;2;3;6;2;2;1;2;2;2;1;2;1;2;2;3;3;3;4;4;4;4;1;2;2;3;2;2;2;2;4;4;2;1;1;1;2;2;3;1;2;6;7;7;7;8;6;8;2;2;2;2;3;3;7;8;3;2;1;7;7;6;7;1;2;3;2;7;7;6;3;8;1;2;3;3;1;2;6;3;3;3;3;2;1;1;4;2;5;1;2;2;3;3;3;3;3;3;3;3;2;3;3;3;2;2;410002;410002;410002;1;2;2;2;3;2;2;1;2;2;1;3;3;4;1;3;5;6;5;6;6;7;7;7;8;6;8;6;6;2;2;2;2;2;2;3;1;1972;45;4;2;1;1;1;410;410;410;1;4;1;2390;1;2;6;3;6;3;2;1;2;1;1;1;6;5;10;2;1;2;3;5;2;0;100000020;410004;2;2;1;0.65;0.6916666666666668;0.6346296296296297;0.6042592592592593;0.5;0.33;0.66;0.49666666666666676;0.66;1.0;1.0;0.8866666666666667;1.0;0.0;1.0;0.6666666666666666;0.66;0.33;0.66;0.5499999999999999;1.0;1.0;1.0;1.0;0.75;0.66;0.66;0.6900000000000001;0.2222222222222222;0.6666666666666666;0.6666666666666666;0.5185185185185185;0.66;0.0;0.33;0.33;1.0;1.0;1.0;1.0;1.0;1.0;1.0;1.0;1.0;1.0;1.0;1.0;0;1;0;0;1;6;6;7;7;6;6;5;4;4;4;6;6;6;4;5;6;4;1;2;450;35000;3000;8;4;1;7;7;8;7;6;1;1;2;3;5;1;2;2;3;2;1;3;2;2;2;7;1;2;4
"1-5-0 (2020-11-16)";"doi.org/10.14281/18241.1";2018;410;"KOR";732;"ROK";410070500;20180107;201712;201801;11.5;12.24;34;1;410041;410007;8;5;2;1;500;2390;"ko";2;1;1.0;0.8032128514056225;41453.815261044176;1;2;2;2;1;3;1;2;1;1;2;1;1;2;2;2;2;1;2;1;2;2;2;2;2;2;2;2;2;3;3;3;1;1;1;1;4;2;4;3;4;2;2;2;2;1;2;3;2;2;7;6;5;4;4;4;4;4;1;1;1;2;2;3;2;2;2;2;2;2;2;2;2;2;3;3;2;2;2;2;2;2;2;2;2;2;2;2;2;2;2;2;2;5;3;1;2;0;0;0;0;0;0;0;0;0;0;0;0;5;4;6;5;6;1;6;2;2;2;2;2;2;3;5;3;2;2;2;2;2;2;2;2;2;2;4;4;4;4;4;4;4;2;2;2;2;2;2;2;2;2;2;1;2;1;3;2;3;1;1;3;8;8;8;7;4;8;5;1;2;2;2;4;4;6;8;2;2;2;3;5;5;3;1;1;5;5;5;7;7;5;5;1;3;3;1;5;1;9;2;4;4;3;2;5;1;2;1;4;1;5;1;2;2;2;2;2;2;2;2;3;3;3;3;1;1;8;8;8;2;4;2;3;3;1;4;4;1;2;1;1;2;4;4;4;5;7;1;10;8;1;10;4;1;8;9;8;8;3;2;2;2;2;2;2;1;1969;48;4;2;1;1;1;410;410;410;1;6;2;2390;1;2;6;3;3;2;1;1;2;1;1;1;5;5;6;2;1;1;3;5;2;0;100000020;410004;2;1;0;0.5119444444444444;0.6922222222222223;0.420462962962963;0.4242592592592592;1.0;0.33;0.33;0.5533333333333333;0.66;1.0;0.8333333333333334;0.8311111111111112;1.0;0.0;0.0;0.3333333333333333;0.33;0.33;0.33;0.33;0.0;0.0;1.0;0.3333333333333333;0.0;0.33;0.66;0.33;0.4444444444444444;0.4444444444444444;0.6666666666666666;0.5185185185185185;0.0;1.0;0.5;0.5;1.0;1.0;1.0;1.0;1.0;1.0;1.0;1.0;1.0;1.0;1.0;1.0;1;0;0;0;1;6;6;5;7;4;7;5;5;4;4;5;6;4;5;7;6;4;2;3;400;30000;0;5;5;1;5;5;7;6;3;1;2;4;5;5;1;3;3;4;1;1;2;2;2;2;6;1;4;4
"1-5-0 (2020-11-16)";"doi.org/10.14281/18241.1";2018;410;"KOR";732;"ROK";410070501;20180107;201712;201801;11.51;12.4;49;1;410011;410001;8;5;1;1;501;2390;"ko";2;1;1.0;0.8032128514056225;41453.815261044176;1;1;1;2;1;2;2;1;1;1;1;2;2;1;2;2;2;1;2;1;2;1;2;1;2;2;2;2;3;4;3;4;4;2;1;1;2;1;3;3;3;2;3;4;3;3;1;2;2;1;2;7;6;4;4;4;4;4;3;2;1;1;1;4;2;3;2;2;3;2;3;2;1;2;2;3;2;1;2;2;2;1;2;2;2;2;1;2;2;1;2;2;2;8;3;3;2;0;0;0;0;0;0;0;0;0;0;0;0;9;3;2;4;7;2;9;3;2;3;4;3;3;2;9;2;2;0;2;2;2;0;2;2;2;3;3;4;4;4;4;3;4;1;2;2;1;1;2;2;1;1;1;1;1;2;1;3;3;1;1;2;9;10;8;8;3;9;5;2;2;2;2;3;4;4;5;2;1;1;4;2;1;2;1;2;3;2;4;9;6;5;6;3;3;2;2;5;2;7;4;4;4;2;2;2;1;2;1;2;1;3;2;2;2;2;2;2;3;3;2;2;2;3;2;1;1;410002;410002;410002;2;3;2;2;3;2;3;2;3;2;1;3;3;4;2;4;5;8;3;10;8;3;10;9;3;9;9;9;7;2;2;1;1;1;3;2;2;1990;27;2;1;1;1;1;410;410;410;1;4;1;2390;6;0;6;3;-3;-3;5;3;5;3;1;-3;3;-3;3;2;2;1;2;6;2;0;100000020;410004;2;1;2;0.3875;0.49833333333333335;0.6337037037037037;0.6424074074074073;0.5;0.33;0.33;0.3866666666666667;0.33;1.0;0.5;0.61;0.0;0.0;1.0;0.3333333333333333;0.33;0.33;0.0;0.22;1.0;1.0;1.0;1.0;0.75;0.66;1.0;0.8033333333333333;0.2222222222222222;0.3333333333333333;0.8888888888888888;0.4814814814814814;0.0;0.5;0.25;0.25;1.0;1.0;1.0;1.0;1.0;1.0;1.0;1.0;1.0;1.0;1.0;1.0;1;0;0;0;1;7;4;6;4;2;7;2;2;3;2;3;8;3;8;4;5;1;5;2;550;45500;16500;6;6;1;7;7;2;9;3;2;2;6;5;10;3;5;5;4;2;1;2;2;1;2;9;3;5;-3
"1-5-0 (2020-11-16)";"doi.org/10.14281/18241.1";2018;410;"KOR";732;"ROK";410070502;20180107;201712;201801;11.51;12.11;20;1;410026;410002;8;5;2;1;502;2390;"ko";2;1;1.0;0.8032128514056225;41453.815261044176;1;2;1;3;3;4;1;2;1;1;1;2;1;2;2;2;2;1;1;1;2;1;1;2;2;2;3;4;3;3;3;3;2;1;1;1;2;1;2;3;2;3;2;2;2;2;2;2;2;1;6;9;8;4;4;4;4;4;1;2;1;1;1;3;2;3;3;3;3;3;3;3;3;3;3;3;3;3;3;3;3;3;3;3;3;3;3;3;3;3;3;3;3;7;1;1;1;0;0;0;0;0;0;0;0;0;0;0;0;8;8;8;8;8;1;5;3;3;3;3;3;2;3;6;2;2;1;1;1;2;1;2;1;3;3;3;3;3;3;3;3;2;2;2;2;2;2;2;2;2;2;2;1;2;1;1;2;2;1;1;2;7;7;7;6;6;6;7;1;1;1;1;2;2;7;8;3;1;2;7;7;7;7;7;6;5;5;6;6;6;6;6;6;7;6;7;7;7;8;3;2;3;3;3;5;1;5;1;3;3;2;2;3;3;3;3;3;3;3;3;3;3;3;3;2;2;-2;-2;-2;2;1;2;2;1;2;2;1;2;2;2;2;4;2;2;2;6;7;6;5;7;6;7;6;5;6;7;6;6;2;3;2;2;3;2;2;1;1983;34;2;2;1;1;1;410;410;410;1;1;1;2390;6;0;3;2;-3;-3;3;2;3;2;1;-3;6;-3;9;2;1;1;3;5;2;0;100000020;410004;2;2;0;0.8166666666666668;0.8033333333333335;0.5096296296296295;0.5209259259259259;0.5;0.66;0.66;0.6066666666666668;1.0;1.0;1.0;1.0;1.0;1.0;1.0;1.0;0.66;0.66;0.66;0.66;0.0;1.0;1.0;0.6666666666666666;0.25;0.66;0.66;0.5233333333333333;0.4444444444444444;0.5555555555555556;0.5555555555555556;0.5185185185185185;0.66;0.0;0.33;0.33;1.0;1.0;1.0;1.0;1.0;1.0;1.0;1.0;1.0;1.0;1.0;1.0;0;1;0;0;1;9;7;6;6;6;6;5;5;6;6;6;9;6;8;6;6;1;5;2;350;5000;0;8;5;2;9;8;8;8;8;1;1;6;5;5;5;5;5;5;2;1;4;3;2;2;6;5;5;-3
"1-5-0 (2020-11-16)";"doi.org/10.14281/18241.1";2018;410;"KOR";732;"ROK";410070503;20180107;201712;201801;12.01;12.32;31;1;410011;410001;8;5;1;1;503;2390;"ko";2;2;1.0;0.8032128514056225;41453.815261044176;1;3;2;3;4;3;1;2;2;1;1;2;1;1;2;2;2;1;2;1;1;1;2;1;2;2;3;2;4;4;4;3;5;2;1;1;4;2;4;2;2;2;3;2;2;3;3;3;2;2;8;6;5;4;4;4;4;4;3;1;2;2;2;3;2;2;2;3;2;2;2;3;2;2;2;3;3;2;2;4;2;2;1;2;2;2;2;3;2;2;2;2;2;6;3;3;2;1;1;0;0;0;0;0;0;0;0;0;0;6;6;5;7;6;2;6;2;4;2;2;2;2;4;6;4;2;2;2;0;2;2;1;2;3;3;3;3;4;3;4;3;3;1;1;2;2;3;1;2;2;2;3;1;1;1;2;1;3;4;1;2;8;4;8;3;3;8;3;1;1;1;1;3;4;3;3;2;2;1;8;3;3;2;3;4;2;1;7;8;6;5;9;2;5;3;3;1;1;6;2;2;2;3;2;5;1;3;1;3;1;5;1;2;2;2;2;1;2;2;2;2;2;2;2;1;1;-2;-2;-2;2;3;3;3;3;2;3;4;2;4;1;3;3;4;1;3;3;6;1;10;6;1;7;8;5;10;8;7;6;2;3;2;2;2;3;3;2;1969;48;4;2;1;1;1;410;410;410;1;4;1;2390;1;2;6;3;6;3;1;1;3;2;5;1;-3;3;3;-3;2;1;3;5;2;2;20000000;410004;2;2;1;0.7469444444444444;0.7188888888888889;0.5875462962962963;0.7592592592592593;1.0;0.66;0.66;0.7733333333333334;0.66;1.0;0.3333333333333333;0.6644444444444444;1.0;1.0;1.0;1.0;0.66;0.66;0.33;0.5499999999999999;0.0;1.0;1.0;0.6666666666666666;1.0;1.0;1.0;1.0;0.1111111111111111;0.6666666666666666;0.7777777777777778;0.5185185185185185;0.33;0.0;0.165;0.165;1.0;1.0;1.0;1.0;1.0;1.0;1.0;1.0;1.0;1.0;1.0;1.0;0;0;1;0;1;7;7;6;6;4;5;4;4;5;6;5;7;5;3;8;6;-3;-3;3;450;28000;3200;-3;6;1;-3;-3;-3;7;4;2;2;4;7;6;1;6;3;7;2;3;2;1;1;3;7;1;8;4
"1-5-0 (2020-11-16)";"doi.org/10.14281/18241.1";2018;410;"KOR";732;"ROK";410070504;20180107;201712;201801;12.04;12.24;20;1;410041;410007;8;5;2;1;504;2390;"ko";1;1;1.0;0.8032128514056225;41453.815261044176;1;1;2;1;1;3;1;2;1;1;2;1;2;2;2;2;1;1;2;1;2;1;2;1;2;2;2;3;2;2;3;2;3;3;2;1;3;3;4;2;3;2;2;3;2;2;2;3;2;2;7;7;4;4;4;3;1;4;1;2;1;1;1;3;3;3;3;3;2;3;3;2;3;3;4;4;2;2;3;2;2;2;3;2;2;2;2;1;1;2;1;1;2;6;3;3;2;0;0;0;0;0;0;0;0;0;0;0;0;5;6;4;3;5;1;4;2;3;3;3;3;2;3;7;3;2;1;1;0;1;1;1;1;2;3;2;3;3;3;3;3;2;1;1;2;2;2;2;2;2;2;4;1;2;1;2;3;1;2;1;2;8;8;9;5;3;9;4;2;2;2;2;3;3;7;8;3;1;2;6;2;2;1;1;1;1;1;5;5;3;1;4;1;1;1;1;1;1;5;3;4;4;2;1;5;1;1;5;5;5;5;1;1;2;2;2;2;2;2;2;3;3;3;3;1;1;410001;410001;410001;2;4;2;4;2;2;4;4;1;2;1;1;2;3;2;3;9;8;3;7;7;7;8;7;7;8;9;9;9;3;2;1;1;1;3;3;1;1948;69;6;3;1;1;1;410;410;410;1;2;1;2390;1;0;1;1;1;1;0;1;0;1;4;5;-3;-5;7;-3;2;3;5;2;1;0;100000020;410004;3;2;-1;0.5808333333333333;0.72;0.27449074074074076;0.3414814814814815;1.0;0.33;0.33;0.5533333333333333;0.66;1.0;1.0;0.8866666666666667;1.0;0.0;0.0;0.3333333333333333;0.66;0.33;0.66;0.5499999999999999;0.0;0.0;0.0;0.0;0.5;0.33;0.33;0.3866666666666667;0.0;0.4444444444444444;0.4444444444444444;0.2962962962962963;0.33;0.5;0.41500000000000004;0.41500000000000004;1.0;1.0;1.0;1.0;1.0;1.0;1.0;1.0;1.0;1.0;1.0;1.0;1;0;1;0;1;6;6;6;7;6;6;6;4;4;5;4;6;2;6;6;6;-3;-3;5;100;5000;2000;-3;2;3;-3;-3;-3;6;4;1;1;2;2;3;6;2;2;2;2;2;2;4;1;3;3;6;2;4
"1-5-0 (2020-11-16)";"doi.org/10.14281/18241.1";2018;410;"KOR";732;"ROK";410070505;20180107;201712;201801;12.1;12.43;33;1;410043;410009;7;4;3;1;505;2390;"ko";2;1;1.0;0.8032128514056225;41453.815261044176;1;2;3;4;3;1;2;1;1;1;2;1;1;2;2;2;2;1;2;1;2;2;2;1;2;2;2;1;3;3;2;3;2;1;4;2;2;1;3;3;3;4;4;4;2;2;1;2;2;2;7;7;8;3;3;3;3;3;1;1;1;2;2;4;3;3;1;4;3;3;2;2;2;2;2;2;2;2;2;2;2;2;2;2;2;2;2;2;2;2;2;2;2;8;3;3;2;2;0;0;0;0;0;0;0;0;0;0;0;2;8;2;8;7;1;6;2;2;2;2;2;2;4;7;2;2;2;0;0;0;0;0;0;2;2;3;1;2;3;3;3;3;1;1;2;1;2;2;2;4;4;4;2;2;2;1;2;1;3;1;4;8;8;3;3;3;10;10;1;1;1;1;3;3;1;1;1;2;1;3;9;9;1;1;1;1;1;1;1;1;1;1;1;1;1;1;1;1;1;1;2;3;3;3;1;2;5;1;5;5;5;2;2;3;2;3;2;2;2;2;2;2;2;2;2;1;410002;410002;410002;1;2;3;3;3;1;3;3;1;2;1;3;3;3;2;2;3;8;8;8;8;4;8;8;8;8;8;8;8;2;2;1;1;1;1;2;2;1964;53;4;3;1;1;1;410;410;410;1;4;1;2390;1;2;3;2;3;2;1;1;2;1;5;1;-3;3;9;-3;2;1;2;8;3;1;10100000;410004;0;1;1;0.31833333333333336;0.19333333333333336;0.2975;0.26166666666666666;0.5;0.33;0.33;0.3866666666666667;0.0;0.0;0.0;0.0;1.0;0.0;0.0;0.3333333333333333;1.0;0.33;0.33;0.5533333333333333;1.0;0.0;1.0;0.6666666666666666;0.25;0.66;0.66;0.5233333333333333;0.0;0.0;0.0;0.0;0.0;0.0;0.0;0.0;1.0;1.0;1.0;1.0;1.0;1.0;1.0;1.0;1.0;1.0;1.0;1.0;0;0;0;0;0;8;9;9;9;8;8;9;9;8;8;8;8;8;8;3;3;-3;-3;2;800;30000;5000;8;7;1;8;10;10;10;10;1;1;4;3;7;1;3;4;3;3;1;3;3;3;3;7;1;3;4
"1-5-0 (2020-11-16)";"doi.org/10.14281/18241.1";2018;410;"KOR";732;"ROK";410070506;20180107;201712;201801;12.13;13.0;47;1;410041;410007;8;5;2;1;506;2390;"ko";2;1;1.0;0.8032128514056225;41453.815261044176;1;1;2;2;2;2;1;1;1;1;2;1;2;2;2;2;2;1;2;1;2;1;2;1;1;2;1;1;2;2;3;3;3;3;2;1;3;3;5;2;2;1;2;5;2;2;2;3;2;2;5;8;7;4;4;4;4;4;1;1;1;1;1;3;2;3;2;2;2;2;2;2;2;2;2;3;2;2;2;2;1;2;2;2;2;2;2;2;2;2;2;2;2;5;3;1;2;0;0;0;0;0;0;0;0;0;0;0;0;8;7;2;5;5;1;5;3;3;3;3;3;2;4;9;3;2;2;1;1;2;1;2;1;2;2;3;3;3;3;3;2;3;1;1;2;2;2;2;2;2;2;2;1;2;1;2;1;1;3;1;2;7;6;7;7;4;7;5;2;2;2;2;3;3;6;7;3;1;2;6;5;5;5;2;2;3;1;1;5;5;2;5;2;1;1;1;2;1;1;3;4;4;3;2;5;1;4;1;4;1;1;1;1;2;1;2;1;3;3;3;1;2;3;3;1;1;410002;410002;410002;1;1;2;2;3;2;2;4;1;3;1;2;3;3;2;4;5;8;2;8;8;3;5;5;1;5;9;5;8;2;1;1;1;1;2;3;2;1980;37;3;2;1;1;1;410;410;410;1;4;1;2390;1;2;5;3;6;3;3;2;3;2;5;1;-3;3;7;-3;2;1;3;3;1;0;100000020;410004;1;1;1;0.5961111111111111;0.5272222222222223;0.3188888888888889;0.30444444444444446;1.0;0.0;0.0;0.3333333333333333;0.33;1.0;0.8333333333333334;0.7211111111111111;1.0;1.0;1.0;1.0;0.33;0.33;0.33;0.33;1.0;0.0;1.0;0.6666666666666666;0.5;0.33;0.33;0.3866666666666667;0.2222222222222222;0.0;0.4444444444444444;0.2222222222222222;0.0;0.0;0.0;0.0;1.0;1.0;1.0;1.0;1.0;1.0;1.0;1.0;1.0;1.0;1.0;1.0;0;0;0;0;1;8;8;6;9;5;4;5;4;5;3;8;9;8;7;7;5;-3;-3;3;400;23000;0;8;4;2;8;7;6;8;5;1;5;4;4;9;3;5;5;3;1;1;1;3;2;2;9;3;6;4
"1-5-0 (2020-11-16)";"doi.org/10.14281/18241.1";2018;410;"KOR";732;"ROK";410070507;20180107;201712;201801;12.17;13.01;44;1;410041;410007;8;5;2;1;507;2390;"ko";2;1;1.0;0.8032128514056225;41453.815261044176;1;1;1;2;2;3;1;1;1;1;2;1;2;2;2;2;2;1;2;1;1;1;2;1;2;2;3;3;2;2;3;3;2;1;2;1;4;2;4;2;2;2;3;4;2;2;2;2;2;2;7;8;7;4;4;4;4;4;1;1;2;2;2;2;2;2;3;3;2;2;3;3;2;2;3;3;2;2;2;2;2;3;3;2;2;2;2;3;3;2;2;2;2;4;3;3;2;0;0;0;0;0;0;0;0;0;2;0;0;8;3;6;3;7;2;7;2;2;2;2;2;2;3;6;4;2;2;1;2;2;1;1;1;2;2;3;3;3;3;3;3;3;2;2;2;3;3;2;2;3;3;3;1;2;1;1;2;3;1;2;1;7;8;7;5;7;8;3;2;2;2;2;3;3;7;8;3;2;2;6;3;4;2;2;3;4;5;8;8;6;3;5;2;4;3;3;4;4;6;2;2;2;2;1;5;1;2;1;3;1;2;1;1;3;2;2;1;1;2;2;1;1;2;2;1;1;410002;410002;410002;2;2;3;3;2;2;2;3;2;2;2;2;2;3;1;3;3;7;1;10;7;1;10;3;3;7;9;7;8;2;2;2;2;2;3;3;1;1962;55;5;3;1;1;1;410;410;410;1;4;1;2390;1;2;3;2;3;2;0;1;0;1;1;2;3;5;10;2;1;1;2;7;2;0;100000020;410004;1;1;1;0.7333333333333334;0.6916666666666668;0.3999074074074074;0.4664814814814815;0.5;0.33;0.66;0.49666666666666676;0.66;1.0;1.0;0.8866666666666667;1.0;1.0;1.0;1.0;0.66;0.66;0.33;0.5499999999999999;1.0;0.0;1.0;0.6666666666666666;0.25;0.33;0.33;0.3033333333333334;0.3333333333333333;0.7777777777777778;0.7777777777777778;0.6296296296296297;0.0;0.0;0.0;0.0;1.0;1.0;1.0;1.0;1.0;1.0;1.0;1.0;1.0;1.0;1.0;1.0;0;0;0;1;0;8;7;6;7;4;4;3;4;5;4;3;8;4;7;5;7;1;5;2;800;65000;12000;8;6;1;7;8;8;8;5;1;2;3;3;8;2;2;3;5;2;1;3;3;2;3;8;2;2;4
"1-5-0 (2020-11-16)";"doi.org/10.14281/18241.1";2018;410;"KOR";732;"ROK";410070508;20180107;201712;201801;12.18;13.26;68;1;410048;410014;7;4;3;1;508;2390;"ko";3;1;1.0;0.8032128514056225;41453.815261044176;1;2;2;2;1;1;1;1;2;1;1;1;2;2;2;2;2;1;2;1;2;2;2;1;2;2;2;2;2;2;2;3;3;3;1;1;3;3;4;1;3;1;2;2;2;2;2;2;2;3;6;6;5;4;4;3;4;4;3;2;2;2;3;4;4;4;1;3;3;2;3;3;3;3;3;3;2;2;2;3;2;3;3;3;3;3;2;3;3;3;2;2;2;8;3;1;2;2;0;0;0;0;0;0;0;0;2;0;0;7;6;2;8;9;1;3;2;2;2;2;2;1;4;8;1;2;0;2;2;2;2;1;1;3;2;4;3;4;3;4;3;3;1;2;2;1;1;2;2;2;2;2;2;1;2;1;2;3;1;1;3;8;8;5;3;1;8;10;1;1;1;1;3;3;1;1;1;2;1;3;1;1;1;1;1;2;1;5;5;2;1;3;1;1;1;1;1;1;3;2;4;4;3;2;5;1;3;2;5;2;5;2;1;2;2;2;1;2;2;2;1;2;2;2;1;1;410001;410001;410001;1;3;2;3;3;2;2;4;2;2;1;3;2;4;1;3;7;8;3;10;7;1;8;3;5;10;10;6;6;2;3;1;1;2;4;4;2;1956;61;5;3;1;1;1;410;410;410;1;2;1;2390;1;2;2;1;3;2;0;1;1;1;5;1;-3;8;9;-3;2;2;4;3;1;2;20000000;410004;1;1;1;0.2891666666666667;0.24833333333333338;0.43;0.36;0.5;0.66;0.33;0.49666666666666676;0.0;0.0;0.0;0.0;0.0;0.0;0.0;0.0;0.66;0.66;0.66;0.66;1.0;1.0;1.0;1.0;0.5;0.33;0.33;0.3866666666666667;0.1111111111111111;0.4444444444444444;0.4444444444444444;0.3333333333333333;0.0;0.0;0.0;0.0;1.0;1.0;1.0;1.0;1.0;1.0;1.0;1.0;1.0;1.0;1.0;1.0;0;0;0;0;1;6;6;6;6;1;5;3;2;2;2;2;6;2;3;8;5;-3;-3;4;120;5500;0;-3;3;2;-3;-3;-3;6;3;2;2;4;5;5;4;4;4;3;2;2;1;1;1;4;6;5;5;4
"1-5-0 (2020-11-16)";"doi.org/10.14281/18241.1";2018;410;"KOR";732;"ROK";410070509;20180107;201712;201801;12.18;12.57;39;1;410041;410007;8;5;2;1;509;2390;"ko";2;1;1.0;0.8032128514056225;41453.815261044176;2;2;2;2;2;3;1;1;1;1;1;2;2;2;2;2;2;1;2;1;2;2;2;2;2;2;3;3;2;4;1;2;2;1;2;1;3;3;4;2;2;3;2;3;3;1;1;3;2;3;8;2;3;4;4;4;3;4;2;2;1;1;1;3;4;2;3;2;4;4;4;4;4;4;4;4;3;3;3;3;2;2;2;2;2;2;2;2;2;2;2;2;2;9;3;1;2;0;0;0;0;0;0;0;0;0;0;0;0;9;10;9;3;8;2;9;4;4;4;4;4;3;4;9;4;2;2;0;2;1;0;1;2;3;3;4;4;4;4;4;4;4;2;1;2;4;4;2;2;2;2;4;2;1;2;1;2;3;1;3;1;7;9;2;8;7;7;2;2;2;2;2;4;4;7;8;3;1;2;8;2;1;1;2;2;1;2;5;5;5;2;10;3;2;1;2;1;2;3;3;4;3;2;3;5;1;5;1;4;1;5;3;1;2;2;2;2;2;2;2;2;2;2;2;1;1;410008;410008;410008;2;3;2;3;4;3;3;3;2;2;1;2;2;3;3;3;6;9;3;10;10;1;9;9;9;10;8;8;7;3;3;2;2;4;4;4;1;1968;49;4;2;1;1;1;410;410;410;1;1;1;2390;6;0;6;3;-3;-3;1;1;1;1;7;-3;-3;-3;9;-3;1;3;5;2;1;0;100000020;410004;1;1;1;0.7758333333333334;0.8300000000000001;0.4557407407407408;0.4114814814814815;1.0;0.66;0.66;0.7733333333333334;0.66;1.0;1.0;0.8866666666666667;0.0;1.0;1.0;0.6666666666666666;0.33;1.0;1.0;0.7766666666666667;1.0;1.0;1.0;1.0;0.25;0.33;1.0;0.5266666666666667;0.0;0.4444444444444444;0.4444444444444444;0.2962962962962963;0.0;0.0;0.0;0.0;1.0;1.0;1.0;1.0;1.0;1.0;1.0;1.0;1.0;1.0;1.0;1.0;0;0;0;1;0;5;4;3;5;3;3;2;4;4;3;2;6;3;8;4;7;-3;-3;5;100;20000;0;-3;2;1;-3;-3;-3;3;2;2;1;5;5;3;3;3;3;3;3;3;4;2;3;2;3;3;6;-3
"1-5-0 (2020-11-16)";"doi.org/10.14281/18241.1";2018;410;"KOR";732;"ROK";410070510;20180107;201712;201801;12.23;13.0;37;1;410026;410002;8;5;2;1;510;2390;"ko";3;1;1.0;0.8032128514056225;41453.815261044176;1;2;2;3;1;4;1;1;2;1;2;2;1;1;2;2;2;1;2;1;2;1;2;2;2;2;2;4;1;3;2;2;3;3;1;1;4;2;3;1;2;1;1;3;2;3;1;2;2;2;8;7;8;4;4;4;4;4;3;1;1;2;2;3;2;3;3;3;4;3;2;3;2;2;3;3;2;2;3;3;2;2;2;2;2;2;2;2;2;2;2;2;2;8;3;1;2;0;0;0;0;0;0;0;0;0;0;0;0;7;6;6;3;6;1;8;4;3;3;3;3;2;3;6;4;2;1;2;0;1;1;2;1;2;2;4;4;4;4;4;4;3;1;2;2;1;2;2;2;2;2;2;1;2;1;2;3;3;1;1;2;7;8;4;8;7;7;3;2;2;2;2;2;3;6;7;2;2;2;7;6;4;6;2;2;2;3;2;2;2;2;2;2;2;1;2;1;1;1;3;3;3;3;2;5;1;4;2;3;2;4;4;3;3;3;3;2;2;2;2;2;3;2;2;3;2;-2;-2;-2;2;3;3;3;3;2;3;2;3;3;2;2;3;3;3;3;5;6;4;9;9;5;6;7;6;7;6;7;7;2;2;3;2;1;3;3;1;1992;25;2;1;1;1;1;410;410;410;1;4;2;2390;6;0;5;3;-3;-3;3;2;3;2;1;-3;3;-3;6;2;2;2;3;5;2;0;100000020;410004;2;1;2;0.7202777777777778;0.6655555555555557;0.3536111111111111;0.2488888888888889;0.5;0.33;0.33;0.3866666666666667;1.0;1.0;0.8333333333333334;0.9444444444444445;1.0;1.0;1.0;1.0;0.66;0.66;0.33;0.5499999999999999;1.0;0.0;1.0;0.6666666666666666;0.5;0.0;0.66;0.3866666666666667;0.1111111111111111;0.1111111111111111;0.1111111111111111;0.1111111111111111;0.0;0.5;0.25;0.25;1.0;1.0;1.0;1.0;1.0;1.0;1.0;1.0;1.0;1.0;1.0;1.0;1;0;0;0;1;8;8;7;7;7;8;7;8;7;4;6;7;5;6;7;6;1;5;3;450;30000;0;8;6;1;8;7;3;9;2;1;1;7;4;5;5;4;6;5;2;4;3;2;3;2;6;5;6;-3
"1-5-0 (2020-11-16)";"doi.org/10.14281/18241.1";2018;410;"KOR";732;"ROK";410070511;20180107;201712;201801;12.24;12.53;29;1;410026;410002;8;5;2;1;511;2390;"ko";2;1;1.0;0.8032128514056225;41453.815261044176;1;1;1;4;1;3;1;2;1;1;1;2;1;2;2;2;2;1;1;1;1;1;2;2;2;2;1;1;1;1;1;1;1;1;1;1;1;1;1;2;2;2;2;2;2;1;1;1;2;1;8;7;7;4;4;4;4;4;1;2;1;2;2;2;3;3;3;3;3;3;3;3;3;3;3;3;3;3;4;2;3;4;4;3;3;3;3;3;3;3;3;3;3;6;1;1;1;0;0;0;0;0;0;0;0;0;0;0;0;8;8;8;8;8;1;8;3;3;3;4;4;1;1;8;3;2;2;2;2;2;2;2;2;2;2;3;3;3;3;3;3;3;2;2;2;2;2;2;2;2;2;2;1;2;1;1;3;1;2;1;3;7;8;6;7;6;6;8;2;2;2;2;3;3;7;8;3;2;2;7;3;1;1;1;1;1;1;1;4;6;1;1;1;1;1;1;5;1;5;2;3;3;4;3;5;1;5;1;2;2;3;3;1;1;1;1;3;3;3;3;2;2;2;2;1;1;410001;410001;410001;1;4;2;2;2;3;2;2;2;2;2;2;3;2;2;4;6;6;6;6;6;6;7;6;6;6;7;6;7;2;2;2;3;2;2;3;1;1971;46;4;2;1;1;1;410;410;410;1;1;1;2390;6;0;3;2;-3;-3;3;2;3;2;1;-3;6;-3;9;2;1;1;2;6;2;0;100000020;410004;3;2;0;0.4141666666666667;0.49833333333333335;0.29819444444444443;0.05555555555555555;0.0;0.33;0.0;0.11;0.66;1.0;1.0;0.8866666666666667;0.0;0.0;0.0;0.0;0.66;0.66;0.66;0.66;0.0;1.0;1.0;0.6666666666666666;0.0;0.0;0.0;0.0;0.0;0.0;0.3333333333333333;0.1111111111111111;0.33;0.5;0.41500000000000004;0.41500000000000004;1.0;1.0;1.0;1.0;1.0;1.0;1.0;1.0;1.0;1.0;1.0;1.0;1;0;1;0;1;8;7;7;7;6;6;7;6;7;6;7;7;6;7;7;6;1;5;2;400;5500;1000;8;6;2;8;8;8;7;7;1;1;5;5;4;8;5;5;5;2;2;3;3;2;2;5;6;5;-3
"1-5-0 (2020-11-16)";"doi.org/10.14281/18241.1";2018;410;"KOR";732;"ROK";410070512;20180107;201712;201801;12.27;13.08;41;1;410026;410002;8;5;2;1;512;2390;"ko";2;1;1.0;0.8032128514056225;41453.815261044176;1;2;2;2;1;3;2;1;1;1;2;2;1;1;2;2;2;1;2;1;1;1;2;2;2;2;3;3;1;3;3;2;3;3;2;1;3;3;3;2;2;1;2;2;3;2;2;2;2;2;7;6;7;4;4;4;4;4;1;2;1;3;2;4;3;4;2;3;3;2;3;2;2;3;3;3;2;2;2;2;2;2;2;2;2;2;2;2;2;2;2;2;2;7;3;1;2;0;1;0;0;0;0;0;0;0;1;0;0;7;5;8;2;4;2;6;2;2;2;2;2;2;2;6;4;2;2;2;2;2;2;2;2;2;2;3;2;3;2;3;3;2;2;1;2;1;1;2;2;2;1;3;2;2;1;1;2;1;2;1;2;7;8;7;7;7;6;4;2;2;2;2;3;4;4;5;2;1;2;5;2;1;1;4;1;3;3;1;5;7;1;3;1;2;1;1;1;1;1;1;4;4;3;2;4;1;3;1;5;1;5;3;2;3;3;3;3;1;3;1;2;2;2;2;2;2;410001;410001;410001;1;2;3;2;3;2;1;4;2;3;2;3;2;4;1;4;6;6;2;9;7;1;7;4;2;7;7;7;7;2;2;2;2;2;2;3;2;1964;53;4;3;1;1;1;410;410;410;1;4;1;2390;1;4;3;2;3;2;1;1;1;1;5;3;-3;4;9;-3;2;2;3;5;2;7;70000000;410004;2;2;2;0.4975;0.6083333333333334;0.3601388888888889;0.30444444444444446;0.5;0.33;0.66;0.49666666666666676;0.66;1.0;0.5;0.7200000000000001;0.0;1.0;0.0;0.3333333333333333;0.66;0.33;0.33;0.44;1.0;0.0;1.0;0.6666666666666666;0.5;0.0;0.66;0.3866666666666667;0.2222222222222222;0.0;0.4444444444444444;0.2222222222222222;0.33;0.0;0.165;0.165;1.0;1.0;1.0;1.0;1.0;1.0;1.0;1.0;1.0;1.0;1.0;1.0;0;0;1;0;1;7;6;6;6;4;5;3;4;2;5;4;8;4;4;5;7;-3;-3;3;300;30000;0;-3;4;1;-3;-3;-3;7;6;1;1;3;2;3;5;5;3;2;2;2;2;3;2;2;5;6;5;4
"1-5-0 (2020-11-16)";"doi.org/10.14281/18241.1";2018;410;"KOR";732;"ROK";410070513;20180107;201712;201801;12.32;12.55;23;1;410041;410007;8;5;2;1;513;2390;"ko";2;1;1.0;0.8032128514056225;41453.815261044176;1;2;2;2;2;4;1;1;2;1;1;2;1;2;2;2;2;1;2;1;2;1;2;2;2;2;2;2;3;3;3;3;3;3;2;1;2;1;3;2;2;1;2;3;3;3;1;1;2;1;8;8;5;4;4;4;4;4;1;2;1;3;3;4;4;4;3;2;2;2;2;2;2;2;3;3;2;3;3;3;2;2;2;2;3;3;3;2;3;2;2;2;2;7;1;3;2;0;0;0;0;0;0;0;0;0;0;0;0;7;6;6;5;6;1;6;4;3;3;3;3;3;2;7;3;1;1;0;0;0;0;0;0;1;2;4;4;4;4;4;4;4;1;1;2;1;1;2;2;1;1;1;1;1;1;1;2;2;3;1;2;7;7;5;7;6;6;6;2;2;2;2;3;3;7;8;3;2;2;5;3;1;1;1;1;3;1;3;3;5;3;3;1;1;1;1;1;1;3;2;2;2;2;2;2;1;2;1;3;1;2;1;3;3;3;3;3;3;3;3;3;3;3;3;1;1;-2;-2;-2;2;2;1;2;1;2;2;2;2;2;2;2;2;2;3;3;6;7;6;6;6;6;7;7;7;6;7;6;8;2;2;1;1;2;4;4;1;1982;35;3;2;1;1;1;410;410;410;1;4;1;2390;1;2;5;3;5;3;3;2;3;2;1;5;3;-5;7;3;1;1;5;4;2;0;100000020;410004;2;2;1;0.3875;0.61;0.5397222222222222;0.4144444444444445;0.0;0.33;0.33;0.22;1.0;1.0;1.0;1.0;0.0;0.0;0.0;0.0;0.33;0.33;0.33;0.33;1.0;1.0;1.0;1.0;0.5;0.66;0.66;0.6066666666666668;0.2222222222222222;0.2222222222222222;0.2222222222222222;0.2222222222222222;0.66;0.0;0.33;0.33;1.0;1.0;1.0;1.0;1.0;1.0;1.0;1.0;1.0;1.0;1.0;1.0;0;1;0;0;1;8;6;6;5;6;6;6;6;7;7;6;8;5;7;5;6;1;5;3;300;20000;0;6;3;2;7;6;7;8;5;1;1;3;6;7;5;3;3;5;2;5;3;2;2;2;7;5;3;4
"1-5-0 (2020-11-16)";"doi.org/10.14281/18241.1";2018;410;"KOR";732;"ROK";410070514;20180107;201712;201801;12.39;12.59;20;1;410041;410007;8;5;2;1;514;2390;"ko";3;1;1.0;0.8032128514056225;41453.815261044176;1;2;2;3;2;3;1;1;1;1;1;2;2;2;2;2;2;1;2;1;1;1;2;1;2;2;3;2;3;3;3;3;4;2;3;3;4;2;3;4;4;4;4;4;2;3;3;3;2;2;7;7;7;4;4;4;4;4;1;2;1;2;2;3;3;3;3;2;3;3;3;2;2;2;2;3;2;2;2;2;2;2;2;2;3;3;3;2;3;3;2;2;2;4;3;2;2;0;0;0;0;0;0;0;0;0;0;0;0;6;7;4;5;5;2;6;2;2;3;2;2;1;4;5;3;2;1;2;0;1;0;1;1;3;2;4;4;4;4;4;4;4;2;2;2;2;2;2;2;2;2;2;1;1;1;1;2;1;3;1;4;6;6;4;4;6;7;1;2;2;2;2;3;3;7;8;3;2;2;4;1;1;1;1;1;5;1;4;7;4;1;4;1;1;1;1;1;1;1;1;4;4;3;2;5;1;5;5;5;3;3;3;2;2;1;2;2;3;3;2;2;2;2;2;1;1;8;8;8;2;3;3;3;2;2;3;4;1;1;1;4;4;4;4;4;5;6;1;10;7;1;8;7;3;10;10;7;7;2;2;2;2;2;3;3;2;1967;50;4;3;1;1;1;410;410;410;1;4;1;2390;1;2;3;2;3;2;1;1;2;1;5;1;-3;6;6;-3;2;2;3;3;1;0;100000020;410004;0;1;1;0.4700000000000001;0.7750000000000001;0.5428703703703703;0.5857407407407408;1.0;0.33;0.66;0.6633333333333334;0.66;1.0;1.0;0.8866666666666667;0.0;0.0;0.0;0.0;0.33;0.33;0.33;0.33;1.0;1.0;1.0;1.0;0.75;0.66;0.66;0.6900000000000001;0.4444444444444444;0.3333333333333333;0.6666666666666666;0.48148148148148145;0.0;0.0;0.0;0.0;1.0;1.0;1.0;1.0;1.0;1.0;1.0;1.0;1.0;1.0;1.0;1.0;0;0;0;0;0;7;6;6;6;6;4;6;6;6;6;6;7;6;7;8;6;-3;-3;3;320;34000;0;-3;3;2;-3;-3;-3;8;6;1;4;4;2;4;4;4;4;4;3;4;2;2;2;2;6;2;2;4
"1-5-0 (2020-11-16)";"doi.org/10.14281/18241.1";2018;410;"KOR";732;"ROK";410070515;20180107;201712;201801;12.42;13.03;21;1;410011;410001;8;5;1;1;515;2390;"ko";2;1;1.0;0.8032128514056225;41453.815261044176;1;2;1;2;1;4;2;1;2;1;1;2;1;1;2;2;2;1;2;1;1;1;2;1;2;2;3;2;3;3;3;3;4;2;2;1;4;2;4;2;2;2;2;3;2;3;3;3;2;2;7;6;7;4;4;4;4;4;1;2;2;3;3;4;3;3;3;3;2;2;3;3;2;3;4;4;3;2;2;4;2;2;2;2;2;2;2;2;1;2;3;2;2;7;3;1;2;0;0;0;0;0;0;0;0;0;0;0;0;7;6;7;7;6;2;6;2;4;3;3;2;2;4;7;4;2;2;2;0;2;2;1;2;3;3;3;3;3;4;4;3;3;1;2;2;2;4;2;2;2;2;4;1;1;1;2;1;3;1;1;2;8;5;3;4;6;8;3;2;2;2;2;3;3;7;8;2;2;2;7;3;2;1;4;4;1;1;3;4;7;2;7;1;5;3;1;3;2;8;2;3;3;2;2;2;1;1;1;5;1;5;1;2;2;2;2;2;2;2;2;2;2;2;2;1;1;410002;410002;410002;2;3;2;3;2;2;3;4;1;2;1;3;3;4;1;4;3;7;1;10;6;1;9;5;4;10;10;7;7;2;2;1;2;2;3;3;1;1958;59;5;3;1;1;1;410;410;410;1;2;1;2390;1;2;2;1;1;1;0;1;0;1;1;2;5;7;9;2;1;2;3;4;2;0;100000020;410004;1;1;2;0.8033333333333333;0.8316666666666668;0.4687962962962963;0.43759259259259264;1.0;0.33;0.66;0.6633333333333334;1.0;1.0;1.0;1.0;1.0;1.0;1.0;1.0;0.66;0.66;0.33;0.5499999999999999;1.0;1.0;1.0;1.0;0.75;0.66;0.66;0.6900000000000001;0.0;0.2222222222222222;0.3333333333333333;0.1851851851851852;0.0;0.0;0.0;0.0;1.0;1.0;1.0;1.0;1.0;1.0;1.0;1.0;1.0;1.0;1.0;1.0;0;0;0;0;1;7;6;5;7;5;6;4;4;5;6;5;8;8;5;7;3;4;2;3;280;18000;0;8;5;1;8;7;8;8;5;1;2;2;6;6;1;7;4;5;2;3;2;1;2;3;7;1;8;4
"1-5-0 (2020-11-16)";"doi.org/10.14281/18241.1";2018;410;"KOR";732;"ROK";410070516;20180107;201712;201801;12.44;13.11;27;1;410041;410007;8;5;2;1;516;2390;"ko";1;1;1.0;0.8032128514056225;41453.815261044176;1;1;2;1;1;3;1;1;1;1;2;2;2;1;2;2;2;1;2;1;2;1;2;1;2;2;2;3;2;2;3;3;3;3;2;1;3;3;3;3;2;2;2;2;3;2;2;3;2;2;7;6;7;4;4;4;4;4;1;2;1;1;2;3;3;3;3;2;3;3;2;2;3;2;3;4;2;2;2;3;2;2;2;2;2;2;1;1;2;1;2;1;3;5;3;1;2;0;1;0;0;0;0;0;0;0;0;0;0;6;4;4;4;4;1;3;2;3;2;2;2;2;2;8;3;2;2;1;1;1;1;1;1;2;3;3;2;3;3;2;3;3;1;1;2;2;2;2;2;2;2;3;1;2;2;2;1;2;1;2;3;8;8;8;7;9;7;2;2;2;2;2;3;3;7;8;3;2;2;7;1;1;1;1;1;1;1;5;5;1;1;5;1;1;1;1;1;1;5;3;3;3;3;2;5;1;5;5;5;5;5;1;3;3;3;3;3;3;3;3;2;3;3;3;1;1;410001;410001;410001;2;4;2;4;2;2;4;4;2;3;1;1;2;3;2;3;8;7;2;8;8;8;8;7;6;9;8;8;6;3;2;1;1;1;3;3;2;1944;73;6;3;1;1;1;410;410;410;1;2;1;2390;1;2;1;1;1;1;0;1;0;1;5;7;-3;-5;0;-3;2;2;3;5;2;0;100000020;410004;3;2;2;0.47;0.72;0.4199074074074074;0.3414814814814815;1.0;0.33;0.33;0.5533333333333333;0.66;1.0;1.0;0.8866666666666667;0.0;0.0;0.0;0.0;0.33;0.33;0.66;0.44;1.0;0.0;1.0;0.6666666666666666;0.5;0.33;0.33;0.3866666666666667;0.0;0.4444444444444444;0.4444444444444444;0.2962962962962963;0.66;0.0;0.33;0.33;1.0;1.0;1.0;1.0;1.0;1.0;1.0;1.0;1.0;1.0;1.0;1.0;0;1;0;1;1;7;6;6;6;5;6;5;5;5;5;3;7;3;6;7;5;-3;-3;3;150;40000;0;-3;5;1;-3;-3;-3;7;5;1;1;3;3;4;6;3;2;3;3;2;1;4;1;3;4;6;3;4
"1-5-0 (2020-11-16)";"doi.org/10.14281/18241.1";2018;410;"KOR";732;"ROK";410070517;20180107;201712;201801;12.49;13.26;37;1;410043;410009;7;4;3;1;517;2390;"ko";2;1;1.0;0.8032128514056225;41453.815261044176;1;1;1;1;2;2;1;1;2;1;2;2;1;1;2;2;2;1;2;1;2;2;2;1;2;2;2;2;2;2;2;3;1;1;1;1;2;1;2;1;1;1;1;1;2;1;1;1;1;1;8;8;9;3;4;4;4;4;1;1;1;1;1;1;2;1;1;1;2;2;2;1;1;1;1;1;1;1;1;2;2;2;2;2;2;2;2;2;2;2;2;2;2;8;3;1;3;1;0;0;0;0;0;0;0;0;0;0;0;8;4;8;3;8;2;9;2;2;2;2;2;2;3;10;3;2;2;0;0;0;0;0;0;2;2;3;3;3;3;3;3;3;2;2;2;2;3;2;2;3;3;3;2;2;1;2;1;1;2;1;4;10;10;6;4;3;10;7;1;1;1;1;4;4;2;2;1;2;1;4;3;1;1;1;1;1;1;1;1;1;1;1;1;1;1;1;1;1;1;1;3;3;3;3;1;1;5;1;1;1;5;2;2;3;1;3;3;3;3;1;2;3;3;3;2;1;410008;410008;410008;1;3;1;3;3;1;3;3;1;1;1;2;3;3;1;4;7;7;1;10;6;4;10;9;9;10;10;10;10;1;2;2;2;2;2;3;1;1964;53;4;3;1;1;1;410;410;410;1;4;1;2390;1;2;3;2;3;2;2;1;3;2;1;5;3;-5;0;2;1;1;2;8;3;1;10100000;410004;1;2;2;0.09638888888888889;0.19277777777777777;0.2629166666666667;0.11;0.0;0.33;0.33;0.22;0.33;0.0;0.16666666666666666;0.16555555555555557;0.0;0.0;0.0;0.0;0.0;0.0;0.0;0.0;1.0;0.0;1.0;0.6666666666666666;0.0;0.33;0.33;0.22;0.0;0.0;0.0;0.0;0.33;0.0;0.165;0.165;1.0;1.0;1.0;1.0;1.0;1.0;1.0;1.0;1.0;1.0;1.0;1.0;0;0;1;0;0;8;8;9;10;9;9;8;8;9;8;7;8;7;3;6;7;1;6;2;1000;40000;5000;9;8;1;9;9;9;9;9;1;1;2;2;5;1;7;2;2;3;3;1;3;2;2;5;1;7;4
"1-5-0 (2020-11-16)";"doi.org/10.14281/18241.1";2018;410;"KOR";732;"ROK";410070518;20180107;201712;201801;12.5;13.33;43;1;410048;410014;6;3;4;1;518;2390;"ko";3;1;1.0;0.8032128514056225;41453.815261044176;1;2;2;2;2;3;1;2;1;1;2;1;1;2;2;2;2;1;2;1;2;1;2;2;2;2;2;3;2;3;2;2;2;1;1;1;2;1;4;3;2;3;2;3;2;2;2;3;2;2;7;7;5;4;4;4;4;4;2;1;2;2;2;2;2;2;3;2;3;2;2;2;2;3;3;3;2;2;2;2;2;2;3;3;3;3;2;2;2;2;2;2;2;7;3;1;2;0;0;0;0;0;0;0;0;0;0;0;0;8;3;7;7;5;1;7;4;3;3;4;4;2;3;3;4;2;2;0;0;2;1;2;2;2;2;4;3;4;4;4;3;4;1;2;2;4;4;2;2;3;3;4;1;2;2;1;2;1;2;1;4;7;3;7;7;4;7;4;2;1;2;2;2;4;6;5;2;1;1;7;4;3;3;2;3;1;4;3;5;5;3;5;3;3;4;4;5;3;3;2;4;4;3;2;3;1;3;1;2;1;1;2;3;3;3;3;3;3;3;3;2;3;3;3;1;1;-2;-2;-2;2;3;2;2;4;2;3;4;1;2;2;3;4;3;3;4;4;8;7;8;8;7;6;4;3;7;8;7;7;2;1;1;1;1;2;2;2;1980;37;3;2;1;1;1;410;410;410;1;4;2;2390;1;2;6;3;6;3;3;2;3;2;5;1;-3;3;4;-3;2;2;5;4;2;7;70000000;410004;1;2;0;0.6511111111111112;0.6372222222222224;0.28347222222222224;0.31777777777777777;1.0;0.0;0.33;0.44333333333333336;0.66;1.0;0.8333333333333334;0.8311111111111112;1.0;1.0;1.0;1.0;0.33;0.33;0.33;0.33;0.0;0.0;1.0;0.3333333333333333;0.25;0.33;0.66;0.41333333333333333;0.0;0.2222222222222222;0.4444444444444444;0.2222222222222222;0.33;0.0;0.165;0.165;1.0;1.0;1.0;1.0;1.0;1.0;1.0;1.0;1.0;1.0;1.0;1.0;0;0;1;0;0;7;7;6;6;7;8;4;4;5;5;5;7;6;8;4;7;-3;-3;5;350;25000;3000;-3;4;1;-3;-3;-3;8;7;1;1;4;4;7;5;3;3;2;3;1;3;3;2;2;7;4;3;4
"1-5-0 (2020-11-16)";"doi.org/10.14281/18241.1";2018;410;"KOR";732;"ROK";410070519;20180107;201712;201801;13.02;13.34;32;1;410048;410014;7;4;3;1;519;2390;"ko";2;1;1.0;0.8032128514056225;41453.815261044176;1;2;2;2;1;3;1;1;1;1;2;1;2;2;2;2;2;1;2;1;1;1;1;1;2;2;2;3;3;3;3;3;4;2;2;1;4;2;3;3;3;2;3;4;3;2;1;2;2;2;7;7;7;4;4;4;4;4;1;2;1;2;3;3;3;3;3;3;3;3;3;3;2;2;3;3;2;2;2;2;2;3;3;3;2;2;2;2;2;2;3;2;2;7;3;1;2;1;0;0;0;0;0;0;0;0;1;0;0;6;5;6;5;6;1;6;2;2;2;2;1;2;3;6;3;2;0;0;0;0;0;0;2;3;2;3;2;3;3;3;3;3;2;2;2;2;2;2;2;2;3;4;1;1;1;2;3;3;1;2;4;6;6;6;6;6;6;6;1;2;2;2;3;3;6;7;2;2;2;6;5;3;1;1;1;5;1;4;5;5;3;4;1;1;1;1;1;1;4;3;3;4;2;2;2;1;3;1;3;3;2;2;2;2;2;2;2;3;3;3;2;3;3;3;2;2;410002;410002;410002;2;4;4;4;2;2;4;4;2;2;2;3;3;4;2;4;6;6;7;6;6;1;7;7;1;8;7;6;7;2;2;2;2;2;2;2;1;1981;36;3;2;1;1;1;410;410;410;1;3;1;2390;1;2;6;3;6;3;3;2;3;2;1;1;3;5;6;2;1;2;3;6;2;0;100000020;410004;2;1;1;0.5252777777777778;0.608888888888889;0.5035185185185185;0.5487037037037037;0.5;0.33;0.33;0.3866666666666667;0.66;1.0;0.8333333333333334;0.8311111111111112;1.0;0.0;0.0;0.3333333333333333;0.66;0.66;0.33;0.5499999999999999;1.0;0.0;1.0;0.6666666666666666;0.75;0.66;0.66;0.6900000000000001;0.4444444444444444;0.3333333333333333;0.4444444444444444;0.4074074074074074;0.0;0.5;0.25;0.25;1.0;1.0;1.0;1.0;1.0;1.0;1.0;1.0;1.0;1.0;1.0;1.0;1;0;0;1;0;7;6;6;6;5;6;6;6;5;6;7;7;7;6;6;6;1;6;3;500;25000;10000;8;6;2;8;7;7;7;5;2;1;6;6;7;5;5;5;5;2;1;3;2;2;3;8;5;6;4
"1-5-0 (2020-11-16)";"doi.org/10.14281/18241.1";2018;410;"KOR";732;"ROK";410070520;20180107;201712;201801;13.03;13.23;20;1;410041;410007;8;5;2;1;520;2390;"ko";2;1;1.0;0.8032128514056225;41453.815261044176;1;1;2;3;2;2;1;1;1;2;2;1;2;1;2;2;2;1;2;1;2;1;2;1;2;2;3;2;3;3;3;3;3;3;3;3;3;3;3;4;4;4;4;4;2;3;3;3;2;2;7;7;7;4;4;4;4;4;1;2;1;1;2;2;2;2;1;2;2;3;3;2;3;2;3;3;2;2;2;2;2;2;3;3;2;2;2;2;3;3;3;2;2;3;3;2;2;1;0;0;0;0;0;0;0;0;0;0;0;4;5;3;5;5;2;6;2;2;2;2;2;1;3;5;3;2;1;2;1;1;1;1;1;2;2;4;4;4;4;4;4;4;2;2;2;3;3;2;2;3;3;3;2;1;1;1;2;3;1;1;4;7;7;6;5;7;7;6;1;1;1;1;3;3;3;4;2;2;2;5;3;3;2;1;2;3;2;2;4;2;2;2;2;2;2;2;2;1;3;2;3;3;3;3;5;2;5;5;5;4;5;3;2;2;1;2;2;3;3;2;3;2;2;2;1;1;-2;-2;-2;2;3;3;2;2;3;3;3;2;2;1;3;3;4;4;3;5;4;3;2;8;2;7;5;3;9;9;8;7;1;2;1;1;1;2;2;2;1964;53;4;3;1;1;1;410;410;410;1;3;1;2390;1;3;5;3;6;3;3;2;3;2;5;3;-3;4;6;-3;2;1;3;3;1;7;70000000;410004;0;1;2;0.5811111111111111;0.6088888888888889;0.37388888888888894;0.4144444444444445;1.0;0.33;0.66;0.6633333333333334;0.33;1.0;0.3333333333333333;0.5544444444444444;1.0;0.0;1.0;0.6666666666666666;0.33;0.33;0.66;0.44;1.0;0.0;1.0;0.6666666666666666;0.5;0.66;0.66;0.6066666666666668;0.2222222222222222;0.1111111111111111;0.3333333333333333;0.2222222222222222;0.0;0.0;0.0;0.0;1.0;1.0;1.0;1.0;1.0;1.0;1.0;1.0;1.0;1.0;1.0;1.0;0;0;0;0;0;7;7;7;7;6;3;5;5;6;6;5;7;5;7;7;7;-3;-3;3;420;42000;3800;-3;3;1;-3;-3;-3;8;8;1;2;5;2;4;1;1;1;1;1;1;2;2;2;3;6;2;3;4
"1-5-0 (2020-11-16)";"doi.org/10.14281/18241.1";2018;410;"KOR";732;"ROK";410070521;20180107;201712;201801;13.04;13.32;28;1;410026;410002;8;5;2;1;521;2390;"ko";3;1;1.0;0.8032128514056225;41453.815261044176;1;2;2;3;2;3;1;1;1;2;1;2;1;2;2;2;2;1;2;1;1;1;2;2;2;2;1;2;3;2;2;2;5;2;1;1;2;1;2;2;3;1;2;2;1;3;3;2;2;2;8;7;7;4;4;4;4;4;1;1;2;2;1;2;3;2;4;4;3;4;2;3;4;3;4;3;2;2;2;2;3;2;4;3;1;1;1;1;1;2;2;2;2;6;3;1;2;0;0;0;0;0;0;0;0;0;0;0;0;5;6;6;7;6;1;6;3;3;3;3;3;2;3;7;4;2;2;1;1;1;1;1;1;3;2;4;3;2;3;3;2;3;1;2;2;2;2;2;2;2;2;3;1;2;2;2;3;1;3;1;2;8;7;7;4;6;7;3;2;2;2;2;3;3;6;4;2;1;1;4;2;2;2;2;2;2;2;2;5;4;2;1;1;2;4;4;1;1;1;3;3;3;3;2;5;1;2;1;3;1;2;1;2;2;2;2;1;2;2;2;1;2;2;2;1;1;410002;410002;410002;1;4;3;4;3;3;2;2;3;3;2;3;2;3;2;2;7;4;6;5;6;6;6;6;5;6;6;6;6;2;3;2;2;1;1;3;1;1974;43;3;2;1;1;1;410;410;410;1;4;1;2390;1;2;5;3;5;3;3;2;3;2;1;5;3;-5;3;2;1;2;3;7;2;0;100000020;410004;2;1;1;0.7761111111111112;0.608888888888889;0.5338888888888889;0.4427777777777778;0.5;0.66;0.0;0.3866666666666667;0.66;1.0;0.8333333333333334;0.8311111111111112;1.0;1.0;1.0;1.0;1.0;0.66;1.0;0.8866666666666667;1.0;1.0;1.0;1.0;1.0;0.66;0.33;0.6633333333333334;0.1111111111111111;0.1111111111111111;0.4444444444444444;0.22222222222222224;0.0;0.5;0.25;0.25;1.0;1.0;1.0;1.0;1.0;1.0;1.0;1.0;1.0;1.0;1.0;1.0;1;0;0;0;1;8;8;7;7;7;6;5;7;6;7;5;7;3;5;6;6;1;6;3;400;35000;0;8;6;1;8;7;8;8;3;1;1;6;5;8;5;6;6;5;3;1;2;3;1;4;7;5;5;4
"1-5-0 (2020-11-16)";"doi.org/10.14281/18241.1";2018;410;"KOR";732;"ROK";410070522;20180107;201712;201801;13.08;13.28;20;1;410026;410002;8;5;2;1;522;2390;"ko";2;1;1.0;0.8032128514056225;41453.815261044176;1;1;2;3;3;3;1;2;1;2;1;1;2;1;2;2;2;1;2;1;2;1;2;2;1;2;2;2;3;2;3;3;2;1;3;3;4;2;3;3;2;3;3;3;2;1;1;2;2;2;8;7;8;4;4;4;4;4;1;1;2;3;2;3;3;3;3;3;3;2;3;3;2;3;2;3;3;3;2;3;3;3;3;3;2;2;2;2;2;2;2;2;2;8;3;1;2;0;0;0;0;0;0;0;0;0;0;0;0;8;7;5;5;7;1;8;4;3;3;3;3;3;3;7;3;2;1;1;2;1;1;2;1;3;3;4;4;4;4;4;4;4;1;1;2;2;3;2;2;2;2;2;2;2;2;2;1;3;1;1;4;9;7;8;8;8;8;8;1;1;1;1;4;4;7;7;3;1;2;3;1;2;3;2;3;2;2;4;6;5;4;6;2;2;3;3;4;4;3;2;2;2;3;3;5;1;5;1;3;1;2;2;3;3;3;3;3;3;3;3;3;3;3;3;2;2;-2;-2;-2;3;2;3;3;2;2;3;3;2;2;2;2;3;2;3;3;8;7;8;7;6;7;7;7;8;7;7;8;7;2;2;1;1;1;2;2;2;1967;50;4;3;1;1;1;410;410;410;1;4;1;2390;1;2;3;2;3;2;1;1;1;1;5;1;-3;3;3;-3;2;2;2;7;2;0;100000020;410004;0;1;1;0.7058333333333333;0.6366666666666667;0.35333333333333333;0.37333333333333335;0.5;0.33;0.33;0.3866666666666667;0.66;1.0;1.0;0.8866666666666667;1.0;1.0;1.0;1.0;0.66;0.66;0.33;0.5499999999999999;0.0;1.0;1.0;0.6666666666666666;0.25;0.66;0.33;0.4133333333333334;0.1111111111111111;0.3333333333333333;0.5555555555555556;0.3333333333333333;0.0;0.0;0.0;0.0;1.0;1.0;1.0;1.0;1.0;1.0;1.0;1.0;1.0;1.0;1.0;1.0;0;0;0;0;0;8;8;7;8;7;7;8;8;7;8;7;8;8;7;8;8;-3;-3;2;450;35000;0;8;7;1;9;8;8;8;7;1;1;5;5;6;5;5;5;5;2;1;3;3;1;2;7;6;5;4
"1-5-0 (2020-11-16)";"doi.org/10.14281/18241.1";2018;410;"KOR";732;"ROK";410070523;20180107;201712;201801;13.09;13.44;35;1;410026;410002;8;5;2;1;523;2390;"ko";3;1;1.0;0.8032128514056225;41453.815261044176;1;2;2;2;1;3;1;2;1;1;2;2;1;1;2;2;2;1;2;1;2;2;2;2;2;2;2;2;2;3;2;4;3;3;3;3;3;3;2;2;2;2;3;3;3;3;2;3;3;3;4;5;4;3;4;4;3;4;3;2;1;2;2;4;3;4;2;2;2;2;2;2;2;2;3;3;2;2;2;3;2;2;2;2;2;2;2;2;2;2;2;2;2;7;3;3;2;0;0;0;0;0;0;0;0;0;2;0;0;7;6;7;4;7;2;5;2;3;2;2;3;2;3;6;4;2;1;2;2;2;2;2;1;3;2;4;3;3;2;3;3;3;1;1;2;1;1;2;2;2;3;4;1;2;2;1;2;2;1;1;3;7;5;6;7;7;6;3;2;2;2;2;4;3;6;7;2;2;2;2;2;1;1;4;2;2;2;1;6;6;1;3;1;1;1;1;1;1;1;1;4;4;3;3;5;2;4;3;5;5;5;3;3;3;3;3;2;1;2;2;3;2;2;2;2;1;410001;410001;410001;2;3;3;2;2;2;3;2;2;3;2;2;3;3;2;2;7;7;3;10;8;1;6;5;2;6;7;8;8;2;2;1;2;2;3;3;2;1956;61;5;3;1;1;1;410;410;410;1;2;1;2390;1;2;2;1;2;1;0;1;1;1;5;4;-3;-5;9;-3;2;3;5;3;1;7;70000000;410004;2;2;1;0.5952777777777778;0.6922222222222223;0.34555555555555556;0.3594444444444445;1.0;0.33;0.33;0.5533333333333333;0.66;1.0;0.8333333333333334;0.8311111111111112;0.0;1.0;1.0;0.6666666666666666;0.33;0.33;0.33;0.33;0.0;0.0;1.0;0.3333333333333333;0.5;0.33;0.66;0.49666666666666676;0.1111111111111111;0.0;0.5555555555555556;0.22222222222222224;0.66;0.0;0.33;0.33;1.0;1.0;1.0;1.0;1.0;1.0;1.0;1.0;1.0;1.0;1.0;1.0;0;1;0;0;1;5;5;7;5;5;4;3;4;2;3;4;5;4;3;7;6;-3;-3;5;70;10000;0;-3;3;2;-3;-3;-3;5;4;1;1;4;3;5;7;4;4;2;3;2;2;3;2;3;6;7;5;4
"1-5-0 (2020-11-16)";"doi.org/10.14281/18241.1";2018;410;"KOR";732;"ROK";410070524;20180107;201712;201801;13.12;13.37;25;1;410041;410007;8;5;2;1;524;2390;"ko";2;1;1.0;0.8032128514056225;41453.815261044176;1;2;2;3;2;2;1;1;1;2;1;2;2;1;2;2;2;1;2;1;2;1;1;2;2;2;2;2;2;3;3;3;3;3;2;1;3;3;2;3;2;1;2;3;2;2;1;1;2;1;8;7;5;4;4;4;4;4;1;2;1;3;2;4;3;4;2;2;3;2;2;2;2;3;3;2;2;2;3;3;2;2;2;2;3;3;2;3;2;2;2;3;2;6;2;1;1;0;0;0;0;0;0;0;0;0;0;0;0;8;5;7;6;6;2;8;3;3;3;3;3;3;2;7;3;1;1;0;0;0;0;2;2;3;2;4;4;4;4;4;3;4;1;1;2;2;2;2;2;2;2;2;1;2;2;1;2;2;3;1;3;7;6;7;7;8;8;7;1;1;1;1;2;2;3;3;2;1;2;4;2;1;1;1;1;3;1;1;5;4;2;1;1;1;1;1;1;1;1;2;2;2;3;3;5;1;5;1;2;1;2;1;3;3;3;3;3;3;3;3;3;3;3;3;2;2;-2;-2;-2;2;1;2;2;1;3;2;2;3;1;2;2;3;3;2;2;6;6;5;6;7;7;6;7;7;6;6;7;6;2;2;1;1;2;2;3;2;1992;25;2;1;1;1;1;410;410;410;1;4;2;2390;6;0;6;3;-3;-3;3;2;3;2;1;-3;3;-3;4;3;2;1;3;4;2;1;10100000;410004;2;2;2;0.2761111111111111;0.3872222222222222;0.5122222222222222;0.35944444444444446;0.0;0.33;0.33;0.22;0.33;1.0;0.3333333333333333;0.5544444444444444;0.0;0.0;0.0;0.0;0.33;0.33;0.33;0.33;1.0;1.0;1.0;1.0;0.5;0.33;0.66;0.49666666666666676;0.2222222222222222;0.0;0.4444444444444444;0.2222222222222222;0.66;0.0;0.33;0.33;1.0;1.0;1.0;1.0;1.0;1.0;1.0;1.0;1.0;1.0;1.0;1.0;0;1;0;0;1;7;6;7;6;6;7;7;6;5;7;6;8;6;7;7;7;1;5;2;450;28000;0;7;5;1;7;6;7;7;4;1;1;3;5;7;6;3;3;3;2;7;3;2;2;2;7;7;3;-3
"1-5-0 (2020-11-16)";"doi.org/10.14281/18241.1";2018;410;"KOR";732;"ROK";410070525;20180107;201712;201801;13.15;13.35;20;1;410047;410013;7;4;3;1;525;2390;"ko";3;1;1.0;0.8032128514056225;41453.815261044176;1;2;1;3;1;4;1;2;1;1;2;2;1;1;2;2;2;1;2;1;2;1;2;2;2;2;3;4;3;3;3;2;3;3;2;1;2;1;3;2;1;1;1;2;2;3;1;1;2;2;8;7;8;4;4;4;4;4;1;1;1;2;2;3;4;2;4;2;2;2;4;3;3;3;3;3;2;2;2;2;2;2;2;2;2;2;2;2;2;2;2;2;2;6;1;1;1;0;0;0;0;0;0;0;0;0;0;0;0;6;8;7;6;7;2;4;2;2;2;2;2;2;2;7;2;1;2;0;0;0;0;0;0;2;2;4;2;4;4;4;3;4;1;1;2;2;2;2;2;2;2;3;2;2;1;2;3;1;3;1;2;7;3;8;8;7;8;2;2;2;2;2;3;1;7;8;3;2;2;3;3;1;1;1;1;1;1;1;3;2;1;1;1;2;1;1;1;1;1;3;3;3;4;3;2;1;2;1;5;1;5;5;3;3;3;3;3;3;3;3;3;3;3;3;1;1;410001;410001;410001;2;2;2;2;2;2;1;2;2;2;1;2;2;2;2;3;7;6;5;5;6;6;6;6;3;5;7;6;7;2;2;1;1;1;3;3;1;1976;41;3;2;1;1;1;410;410;410;1;1;1;2390;1;3;6;3;3;2;1;1;2;1;1;5;5;-5;10;2;1;2;3;5;2;0;100000020;410004;2;1;1;0.47000000000000003;0.665;0.31601851851851853;0.34037037037037043;0.0;0.33;0.66;0.33;1.0;1.0;1.0;1.0;0.0;0.0;0.0;0.0;0.33;0.66;0.66;0.55;0.0;0.0;1.0;0.3333333333333333;0.5;0.66;0.66;0.6066666666666668;0.0;0.0;0.2222222222222222;0.07407407407407407;0.0;0.5;0.25;0.25;1.0;1.0;1.0;1.0;1.0;1.0;1.0;1.0;1.0;1.0;1.0;1.0;1;0;0;0;1;8;8;7;9;8;2;5;5;5;6;4;10;6;7;2;6;4;1;3;400;29480;0;8;5;3;10;8;10;10;5;2;1;1;2;3;4;3;3;3;2;2;4;4;4;4;2;3;2;4
"1-5-0 (2020-11-16)";"doi.org/10.14281/18241.1";2018;410;"KOR";732;"ROK";410070526;20180107;201712;201801;13.24;14.0;36;1;410041;410007;8;5;2;1;526;2390;"ko";2;1;1.0;0.8032128514056225;41453.815261044176;1;2;2;2;1;1;2;2;1;1;2;1;1;2;1;2;2;1;2;1;2;2;2;2;2;2;2;3;3;4;3;3;4;2;1;1;4;2;3;3;2;2;2;3;2;2;2;3;2;2;8;6;5;4;4;4;4;4;1;1;1;2;2;4;2;3;1;1;2;2;2;2;2;2;3;3;2;2;2;2;2;2;2;2;2;2;2;2;2;2;2;2;2;5;3;2;2;2;0;0;0;0;0;0;0;0;0;0;0;7;5;5;5;7;1;4;2;2;3;2;2;2;0;8;3;2;2;2;2;2;2;2;2;2;2;4;3;4;4;4;4;4;2;2;2;2;2;2;2;2;2;2;1;2;1;2;4;3;1;1;3;8;8;7;7;4;9;10;1;1;1;1;2;2;1;1;1;1;1;3;4;5;2;1;1;4;4;7;8;7;5;7;1;5;3;1;5;3;8;2;4;4;4;3;5;1;2;1;2;1;5;1;3;3;2;3;2;2;3;3;3;3;3;3;1;1;-2;-2;-2;1;4;3;3;2;1;4;4;1;2;2;2;2;4;3;4;5;7;2;10;8;1;9;5;1;8;9;5;6;2;2;2;2;2;2;2;2;1964;53;4;3;1;1;1;410;410;410;1;4;2;2390;1;2;6;3;6;3;3;2;3;2;1;1;3;3;4;2;2;2;3;5;2;2;20000000;410004;1;1;-1;0.27666666666666667;0.27666666666666667;0.43231481481481476;0.6979629629629629;1.0;0.33;0.33;0.5533333333333333;0.0;0.0;0.0;0.0;1.0;0.0;0.0;0.3333333333333333;0.0;0.33;0.33;0.22;0.0;0.0;1.0;0.3333333333333333;0.75;0.66;1.0;0.8033333333333333;0.3333333333333333;0.6666666666666666;0.7777777777777778;0.5925925925925926;0.0;0.0;0.0;0.0;1.0;1.0;1.0;1.0;1.0;1.0;1.0;1.0;1.0;1.0;1.0;1.0;0;0;0;0;1;7;6;5;7;5;7;4;5;5;4;5;7;4;7;7;5;1;2;3;450;30000;0;7;5;1;7;7;7;7;3;1;2;3;3;6;4;5;3;4;2;3;2;2;2;2;5;4;5;4
"1-5-0 (2020-11-16)";"doi.org/10.14281/18241.1";2018;410;"KOR";732;"ROK";410070527;20180107;201712;201801;13.25;13.48;23;1;410041;410007;8;5;2;1;527;2390;"ko";2;1;1.0;0.8032128514056225;41453.815261044176;1;2;2;2;2;3;1;1;2;1;2;1;2;1;2;2;2;1;2;1;1;1;2;1;2;1;2;2;2;3;3;3;2;1;2;1;2;1;3;3;4;2;2;3;2;2;2;3;3;2;9;5;5;4;4;4;4;4;1;2;2;2;3;3;3;3;3;2;2;2;3;2;2;2;3;3;2;2;2;3;3;2;2;2;2;2;2;2;2;2;3;2;2;7;3;3;1;0;0;0;0;0;0;0;0;0;1;0;0;7;4;5;3;3;1;7;2;2;2;2;2;2;2;7;2;2;1;2;1;1;1;2;1;2;2;3;3;3;3;3;3;3;2;2;2;3;3;2;2;3;3;3;1;1;2;2;3;1;3;1;3;7;7;3;5;6;8;3;2;2;2;2;3;3;7;8;3;2;2;7;3;4;3;3;2;3;3;4;4;5;4;3;2;3;3;2;4;4;4;2;2;3;2;1;5;1;3;1;5;1;5;1;3;3;3;3;3;1;2;2;2;3;2;3;1;1;410002;410002;410002;2;2;3;3;2;2;2;3;2;2;2;2;3;3;2;3;6;7;2;8;7;5;9;7;3;7;8;8;7;2;2;2;2;2;3;3;1;1952;65;6;3;1;1;1;410;410;410;1;2;1;2390;1;3;3;2;3;2;0;1;0;1;4;5;-3;-5;10;-3;2;3;3;3;1;0;100000020;410004;2;1;2;0.6925;0.72;0.4065740740740741;0.3548148148148148;1.0;0.33;0.33;0.5533333333333333;0.66;1.0;1.0;0.8866666666666667;1.0;1.0;1.0;1.0;0.33;0.33;0.33;0.33;1.0;0.0;1.0;0.6666666666666666;0.25;0.33;0.66;0.41333333333333333;0.2222222222222222;0.3333333333333333;0.3333333333333333;0.2962962962962963;0.0;0.5;0.25;0.25;1.0;1.0;1.0;1.0;1.0;1.0;1.0;1.0;1.0;1.0;1.0;1.0;1;0;0;0;1;5;4;4;4;4;4;3;3;4;5;3;5;4;5;4;8;-3;-3;3;160;30000;0;-3;4;1;-3;-3;-3;7;4;1;1;3;3;7;5;3;2;2;2;1;2;3;3;2;7;5;2;4
"1-5-0 (2020-11-16)";"doi.org/10.14281/18241.1";2018;410;"KOR";732;"ROK";410070528;20180107;201712;201801;13.27;14.0;33;1;410026;410002;8;5;2;1;528;2390;"ko";2;1;1.0;0.8032128514056225;41453.815261044176;1;2;2;3;2;4;1;1;2;2;1;2;1;2;1;2;2;1;1;1;1;1;2;2;2;2;2;2;1;2;2;2;2;1;3;3;2;1;2;3;2;2;3;3;1;2;2;2;2;2;7;6;7;4;4;4;4;4;1;1;2;2;2;2;2;2;4;4;4;4;4;4;4;4;4;3;3;3;3;2;3;2;2;3;2;2;3;2;3;3;2;3;3;7;1;2;1;0;0;0;0;0;0;0;0;0;0;0;0;7;7;6;6;7;1;6;3;4;3;3;3;2;2;5;4;0;1;1;0;0;1;0;0;2;2;4;4;3;3;3;3;4;2;2;2;4;4;2;2;4;4;4;1;1;2;1;2;1;2;1;2;6;7;6;6;5;6;6;2;2;2;2;3;3;7;8;3;2;2;6;5;6;6;1;1;1;1;1;1;1;1;1;1;1;1;1;1;1;1;3;3;3;4;3;5;5;5;5;5;5;5;5;3;3;3;3;3;3;3;3;3;3;3;3;4;4;-2;-2;-2;3;2;3;3;2;3;3;3;2;3;2;3;2;3;3;2;3;8;6;6;6;6;6;7;8;7;8;7;7;2;2;3;2;3;3;2;1;1960;57;5;3;1;1;1;410;410;410;1;4;1;2390;1;2;6;3;3;2;1;1;1;1;1;2;3;5;9;2;1;2;3;7;2;0;100000020;410004;2;2;0;0.6799999999999999;0.6933333333333334;0.33958333333333335;0.09666666666666668;0.5;0.33;0.33;0.3866666666666667;1.0;1.0;1.0;1.0;1.0;0.0;0.0;0.3333333333333333;1.0;1.0;1.0;1.0;1.0;1.0;1.0;1.0;0.25;0.0;0.33;0.19333333333333336;0.0;0.0;0.0;0.0;0.33;0.0;0.165;0.165;1.0;1.0;1.0;1.0;1.0;1.0;1.0;1.0;1.0;1.0;1.0;1.0;0;0;1;0;1;8;7;8;7;7;6;7;6;7;6;7;9;7;7;6;7;2;4;2;400;30000;0;9;7;1;8;7;6;7;8;1;1;4;5;7;5;5;5;5;3;1;4;4;2;2;7;5;5;4
"1-5-0 (2020-11-16)";"doi.org/10.14281/18241.1";2018;410;"KOR";732;"ROK";410070529;20180107;201712;201801;13.29;14.01;32;1;410041;410007;8;5;2;1;529;2390;"ko";2;1;1.0;0.8032128514056225;41453.815261044176;1;1;2;3;2;3;1;2;1;1;2;1;2;1;2;2;2;1;2;1;1;1;2;1;2;2;2;2;4;3;3;2;4;2;1;1;4;2;3;4;2;4;4;3;1;3;3;2;2;1;8;8;8;4;4;4;4;4;1;1;2;2;2;4;3;3;3;3;3;2;3;3;3;3;3;3;2;3;3;2;2;2;2;2;2;2;2;2;2;2;2;2;2;3;2;3;2;0;0;0;0;0;0;0;0;0;1;0;0;9;8;5;8;3;2;7;2;3;2;2;3;2;2;4;2;0;2;2;2;0;0;1;2;3;3;4;4;4;4;4;4;4;1;1;2;4;4;2;2;3;3;4;2;2;2;2;3;2;3;2;4;3;4;3;3;4;7;3;2;2;2;2;4;4;7;8;3;1;2;3;4;1;1;1;1;7;3;7;7;7;5;3;2;2;1;2;3;5;10;3;3;3;3;3;1;1;5;1;1;1;5;1;2;2;2;2;2;2;2;2;2;2;2;2;2;1;410002;410002;410002;3;2;2;4;3;2;4;3;1;1;1;3;1;3;2;2;2;8;6;3;8;3;9;8;2;5;8;7;6;2;2;2;2;2;3;3;2;1980;37;3;2;1;1;1;410;410;410;1;2;1;2390;1;2;6;3;6;3;6;3;6;3;5;1;-3;3;3;-3;2;1;3;5;2;0;100000020;410004;3;2;1;0.4833333333333334;0.6366666666666667;0.5958333333333333;0.735;0.5;0.33;0.33;0.3866666666666667;0.66;1.0;1.0;0.8866666666666667;0.0;0.0;0.0;0.0;0.66;0.66;0.66;0.66;0.0;0.0;1.0;0.3333333333333333;0.75;1.0;0.66;0.8033333333333333;0.6666666666666666;0.6666666666666666;0.6666666666666666;0.6666666666666666;0.66;0.5;0.5800000000000001;0.5800000000000001;1.0;1.0;1.0;1.0;1.0;1.0;1.0;1.0;1.0;1.0;1.0;1.0;1;1;0;1;0;8;6;2;6;3;7;4;2;7;8;6;8;7;4;7;3;-3;-3;2;400;35000;8000;-3;5;1;-3;-3;-3;8;5;1;4;4;4;8;2;3;4;5;2;1;3;3;3;2;8;2;3;4
"1-5-0 (2020-11-16)";"doi.org/10.14281/18241.1";2018;410;"KOR";732;"ROK";410070530;20180107;201712;201801;13.31;14.02;31;1;410028;410004;8;5;2;1;530;2390;"ko";2;1;1.0;0.8032128514056225;41453.815261044176;1;2;2;2;1;2;1;1;1;1;2;2;2;1;2;2;2;1;1;1;1;1;2;1;2;2;2;3;2;4;2;3;2;1;2;1;5;2;5;1;2;2;2;1;2;3;2;3;2;2;8;7;5;4;4;4;4;4;1;2;1;2;2;3;2;3;2;2;3;3;3;3;2;3;4;4;2;3;2;2;2;3;3;4;3;3;2;2;2;2;2;2;3;4;3;1;2;0;0;0;0;0;0;0;0;0;0;0;0;8;5;8;3;5;2;8;3;3;3;3;4;3;3;4;2;2;1;2;1;2;1;2;2;4;3;3;2;3;3;3;3;3;1;1;2;1;3;2;2;3;3;3;1;2;2;1;2;1;3;1;4;7;4;5;5;7;8;5;2;2;2;2;3;4;7;8;3;2;1;5;3;2;2;2;1;2;1;4;5;5;1;4;1;5;2;1;1;2;5;2;4;4;4;3;5;1;5;5;5;5;5;1;3;3;3;3;3;3;3;3;3;3;3;3;1;1;410008;410008;410008;2;2;1;2;3;2;3;4;4;1;1;2;2;3;2;3;7;5;3;8;5;5;7;4;1;8;6;7;8;2;2;2;2;1;3;3;2;1954;63;5;3;1;1;1;410;410;410;1;2;1;2390;1;3;2;1;2;1;1;1;1;1;5;3;-3;4;9;-3;2;2;3;2;1;0;100000020;410004;0;1;2;0.6091666666666666;0.665;0.3724074074074074;0.4114814814814815;1.0;0.33;0.33;0.5533333333333333;0.33;1.0;1.0;0.7766666666666667;1.0;1.0;0.0;0.6666666666666666;0.33;0.66;0.33;0.44;1.0;0.0;1.0;0.6666666666666666;0.25;0.33;1.0;0.5266666666666667;0.1111111111111111;0.3333333333333333;0.4444444444444444;0.2962962962962963;0.0;0.0;0.0;0.0;1.0;1.0;1.0;1.0;1.0;1.0;1.0;1.0;1.0;1.0;1.0;1.0;0;0;0;0;0;7;5;5;6;3;2;3;3;6;5;7;6;4;3;5;4;-3;-3;3;150;18000;0;-3;2;1;-3;-3;-3;7;5;1;1;3;2;3;3;5;2;1;3;3;1;4;1;4;6;4;6;4
"1-5-0 (2020-11-16)";"doi.org/10.14281/18241.1";2018;410;"KOR";732;"ROK";410070531;20180107;201712;201801;13.33;14.08;35;1;410041;410007;8;5;2;1;531;2390;"ko";3;1;1.0;0.8032128514056225;41453.815261044176;1;1;2;2;2;3;1;2;2;1;1;1;1;2;2;2;2;1;1;1;2;1;2;1;2;2;1;2;2;2;3;3;3;3;2;1;4;2;2;2;3;1;1;5;2;2;1;2;2;2;6;8;5;4;4;4;4;4;1;1;1;2;2;3;3;4;2;2;2;2;2;3;2;2;3;3;2;2;2;3;1;2;1;2;2;2;1;2;2;2;2;2;2;7;3;1;2;0;0;0;0;0;0;0;0;0;0;0;0;7;5;2;3;5;1;7;3;3;3;3;2;2;2;7;3;2;2;2;2;2;2;2;2;2;2;3;1;3;3;3;2;3;1;1;2;2;2;2;2;2;2;3;1;2;1;2;3;1;3;1;2;8;7;7;3;5;7;5;2;2;2;2;3;4;6;8;3;1;1;7;2;5;1;1;1;2;2;3;5;5;1;5;1;1;2;3;2;2;1;3;4;4;3;2;5;1;4;1;3;1;3;1;1;2;1;2;1;3;3;3;1;2;3;3;1;1;410002;410002;410002;1;1;2;2;3;2;2;3;2;3;1;2;3;3;1;4;5;8;2;9;8;2;6;5;2;5;9;5;6;2;1;1;1;1;2;4;2;1977;40;3;2;1;1;1;410;410;410;1;4;1;2390;1;2;3;2;5;3;2;1;3;2;5;1;-3;3;5;-3;2;1;3;4;2;0;100000020;410004;2;1;0;0.44277777777777777;0.49888888888888894;0.3906481481481482;0.322962962962963;0.5;0.0;0.0;0.16666666666666666;0.66;1.0;0.8333333333333334;0.8311111111111112;1.0;0.0;0.0;0.3333333333333333;0.33;0.66;0.33;0.44;0.0;1.0;1.0;0.6666666666666666;0.5;0.33;0.33;0.3866666666666667;0.1111111111111111;0.2222222222222222;0.4444444444444444;0.25925925925925924;0.0;0.5;0.25;0.25;1.0;1.0;1.0;1.0;1.0;1.0;1.0;1.0;1.0;1.0;1.0;1.0;1;0;0;0;1;8;8;6;8;8;5;4;5;4;4;5;7;3;6;8;6;-3;-3;3;450;25000;0;-3;2;2;-3;-3;-3;7;5;2;4;6;5;9;4;6;6;4;2;1;1;3;2;3;9;2;6;4
"1-5-0 (2020-11-16)";"doi.org/10.14281/18241.1";2018;410;"KOR";732;"ROK";410070532;20180107;201712;201801;13.36;13.56;20;1;410041;410007;8;5;2;1;532;2390;"ko";1;1;1.0;0.8032128514056225;41453.815261044176;1;1;2;2;1;3;2;1;1;1;2;1;2;1;2;2;2;1;2;1;2;2;2;1;2;2;2;3;3;3;3;3;3;3;3;3;4;2;3;3;2;2;2;3;2;3;2;3;3;1;7;5;5;4;4;4;4;4;2;2;1;2;2;3;3;3;3;2;3;2;2;2;3;2;2;3;2;2;3;2;2;2;2;2;2;2;1;2;3;2;2;2;2;8;3;1;2;0;0;0;0;0;0;0;0;0;0;0;0;5;6;5;4;4;1;5;2;4;3;3;3;2;3;7;4;2;1;0;1;1;1;1;1;3;3;2;2;4;4;4;3;2;1;2;2;1;1;2;1;2;2;3;1;2;1;2;1;2;1;2;1;4;4;4;7;8;8;8;2;2;2;2;3;3;6;8;3;2;2;7;1;1;1;1;1;3;1;5;6;4;1;5;1;1;1;1;1;1;8;2;4;3;3;2;2;1;1;1;5;5;5;1;1;2;3;3;1;2;2;2;2;2;2;2;2;2;-2;-2;-2;2;4;2;3;3;2;4;2;2;3;1;2;2;3;2;4;2;8;2;8;9;5;9;8;8;8;9;9;6;2;2;1;1;1;2;2;1;1992;25;2;1;1;1;1;410;410;410;1;3;2;2390;6;0;6;3;-3;-3;3;2;5;3;1;-3;5;-3;3;2;2;3;3;5;2;0;100000020;410004;2;2;2;0.45611111111111113;0.6922222222222223;0.5026851851851852;0.5070370370370372;1.0;0.33;0.33;0.5533333333333333;0.66;1.0;0.8333333333333334;0.8311111111111112;0.0;0.0;0.0;0.0;0.33;0.33;0.66;0.44;1.0;0.0;1.0;0.6666666666666666;0.5;0.66;0.66;0.6066666666666668;0.2222222222222222;0.4444444444444444;0.5555555555555556;0.40740740740740744;0.66;0.0;0.33;0.33;1.0;1.0;1.0;1.0;1.0;1.0;1.0;1.0;1.0;1.0;1.0;1.0;0;1;0;1;0;5;6;6;6;5;6;4;4;4;3;3;6;2;6;6;4;2;2;3;550;40000;2000;6;5;1;8;7;7;8;1;1;1;1;2;7;3;4;4;2;2;7;2;3;1;2;6;4;5;-3
"1-5-0 (2020-11-16)";"doi.org/10.14281/18241.1";2018;410;"KOR";732;"ROK";410070533;20180107;201712;201801;13.37;14.29;52;1;410041;410007;8;5;2;1;533;2390;"ko";3;1;1.0;0.8032128514056225;41453.815261044176;1;2;3;2;2;2;2;1;2;1;1;2;1;1;2;2;2;1;1;1;1;1;2;1;2;1;2;2;3;2;2;2;2;1;1;1;2;1;3;2;3;2;2;2;2;1;1;3;2;2;7;7;7;4;4;4;4;4;1;2;1;2;2;3;3;3;4;2;2;2;2;2;2;2;2;2;2;2;3;2;2;2;2;2;2;2;1;1;1;2;1;1;1;5;3;1;2;0;0;0;0;0;0;0;0;0;0;0;0;5;5;5;5;5;2;4;2;2;2;2;2;2;2;6;3;2;0;2;1;1;1;1;2;3;3;3;2;3;3;2;3;2;1;2;2;2;2;2;2;2;3;3;2;2;1;1;3;2;3;2;3;5;5;5;4;5;5;3;1;2;1;1;3;4;6;7;3;2;2;6;3;2;1;1;3;3;2;4;5;6;2;4;1;1;1;2;2;1;4;4;4;4;2;2;5;1;5;5;5;5;5;5;3;2;2;2;1;1;2;2;3;3;3;3;1;1;410002;410002;410002;1;3;2;2;3;2;2;2;2;2;2;2;2;4;1;2;4;6;6;5;5;1;5;3;1;7;7;7;7;2;2;2;2;2;3;3;2;1956;61;5;3;1;1;1;410;410;410;1;3;1;2390;1;2;3;2;3;2;2;1;3;2;5;4;-3;-5;3;-3;2;1;2;5;2;0;100000020;410004;4;2;2;0.5677777777777778;0.6372222222222222;0.5816666666666667;0.37333333333333335;1.0;0.33;0.33;0.5533333333333333;0.33;1.0;0.8333333333333334;0.7211111111111111;1.0;0.0;1.0;0.6666666666666666;0.33;0.33;0.33;0.33;1.0;1.0;1.0;1.0;0.25;0.66;0.33;0.4133333333333334;0.2222222222222222;0.3333333333333333;0.4444444444444444;0.3333333333333333;0.66;0.5;0.5800000000000001;0.5800000000000001;1.0;1.0;1.0;1.0;1.0;1.0;1.0;1.0;1.0;1.0;1.0;1.0;1;1;0;1;1;8;4;5;5;5;3;3;3;3;5;5;8;5;5;5;6;-3;-3;2;450;100000;0;-3;6;1;-3;-3;-3;8;8;1;2;4;6;5;1;2;2;4;2;1;2;2;1;2;7;2;4;4
"1-5-0 (2020-11-16)";"doi.org/10.14281/18241.1";2018;410;"KOR";732;"ROK";410070534;20180107;201712;201801;13.37;13.58;21;1;410041;410007;8;5;2;1;534;2390;"ko";3;1;1.0;0.8032128514056225;41453.815261044176;1;2;3;3;2;3;2;2;2;1;1;1;1;1;2;2;2;1;1;1;1;1;2;1;1;2;3;2;3;3;3;3;4;2;2;1;4;2;3;4;4;4;4;4;1;3;3;3;2;2;7;7;7;4;4;4;4;4;1;2;1;2;2;3;3;3;3;2;2;2;3;2;2;2;3;3;2;2;2;2;2;2;2;2;2;2;2;2;2;2;2;2;2;3;3;2;2;1;2;0;0;0;0;0;0;0;2;0;0;5;7;3;5;4;2;6;2;2;4;2;2;1;3;5;3;1;0;2;0;1;0;1;0;2;2;4;4;4;4;4;4;4;2;2;2;3;3;2;2;3;3;3;1;1;2;1;2;3;1;1;4;4;6;5;4;4;5;3;1;1;1;1;3;3;2;4;2;2;2;5;4;3;2;2;2;3;2;2;5;3;3;3;1;1;1;1;1;1;2;1;4;4;3;3;5;2;3;5;5;3;5;3;2;2;2;2;2;2;2;2;2;2;2;2;1;1;-2;-2;-2;2;3;3;3;2;2;3;4;1;1;1;3;3;3;4;4;6;6;3;8;7;1;7;6;3;10;10;6;6;2;2;2;2;2;3;3;2;1955;62;5;3;1;1;1;410;410;410;1;4;1;2390;1;2;3;2;3;2;2;1;2;1;3;3;4;4;4;2;1;1;3;4;2;2;20000000;410004;0;1;1;0.6505555555555556;0.6361111111111112;0.4039814814814815;0.4746296296296296;1.0;0.33;0.66;0.6633333333333334;0.66;1.0;0.16666666666666666;0.6088888888888889;1.0;1.0;1.0;1.0;0.33;0.33;0.33;0.33;0.0;1.0;1.0;0.6666666666666666;0.75;0.66;0.66;0.6900000000000001;0.2222222222222222;0.1111111111111111;0.4444444444444444;0.25925925925925924;0.0;0.0;0.0;0.0;1.0;1.0;1.0;1.0;1.0;1.0;1.0;1.0;1.0;1.0;1.0;1.0;0;0;0;0;0;6;7;7;7;6;4;5;5;5;5;6;7;6;8;6;7;4;2;2;580;68000;2400;7;4;1;8;8;8;8;7;1;1;4;2;5;2;3;3;3;3;2;2;2;2;3;5;3;3;4
"1-5-0 (2020-11-16)";"doi.org/10.14281/18241.1";2018;410;"KOR";732;"ROK";410070535;20180107;201712;201801;13.39;14.09;30;1;410048;410014;6;3;4;1;535;2390;"ko";3;1;1.0;0.8032128514056225;41453.815261044176;1;1;2;2;2;2;1;2;1;2;2;1;1;1;2;2;2;1;2;1;2;1;2;1;1;2;2;1;1;3;2;3;3;3;1;1;3;3;4;3;2;2;3;2;2;2;2;3;2;2;7;8;5;4;4;4;4;4;2;1;1;2;2;3;3;3;3;3;3;2;2;2;3;3;3;3;2;2;2;2;2;3;3;3;3;3;2;2;2;2;2;2;2;7;3;1;2;0;0;0;0;0;0;0;0;0;0;0;0;7;6;6;4;6;1;5;3;4;3;4;3;2;3;4;4;2;2;0;0;0;2;2;2;3;2;3;3;3;3;3;3;3;1;2;2;4;4;2;2;3;4;4;2;2;2;2;1;1;3;1;2;8;7;6;6;6;8;5;2;2;2;2;3;4;4;5;2;1;1;7;4;3;2;2;4;2;4;4;5;5;4;5;6;5;4;3;5;5;7;2;4;4;3;2;3;1;1;1;5;5;5;2;3;3;3;3;3;3;3;3;3;3;3;3;1;1;-2;-2;-2;2;3;3;3;4;2;3;3;2;2;2;3;4;3;4;3;8;7;3;9;8;4;7;3;4;7;8;7;7;2;3;1;1;1;2;3;2;1953;64;5;3;1;1;1;410;410;410;1;2;1;2390;1;3;2;1;3;2;0;1;0;1;5;4;-3;-5;9;-3;2;2;5;3;1;0;100000020;410004;1;1;1;0.7058333333333333;0.6366666666666667;0.25407407407407406;0.3414814814814815;1.0;0.66;0.33;0.6633333333333334;0.33;1.0;0.5;0.61;1.0;1.0;1.0;1.0;0.66;0.33;0.66;0.5499999999999999;0.0;0.0;1.0;0.3333333333333333;0.5;0.0;0.66;0.3866666666666667;0.1111111111111111;0.3333333333333333;0.4444444444444444;0.2962962962962963;0.0;0.0;0.0;0.0;1.0;1.0;1.0;1.0;1.0;1.0;1.0;1.0;1.0;1.0;1.0;1.0;0;0;0;0;1;8;7;7;7;7;6;6;4;6;6;4;6;6;7;4;7;-3;-3;5;60;25000;0;-3;3;1;-3;-3;-3;8;5;1;1;3;3;6;6;3;4;2;3;2;3;3;2;2;6;6;2;4
"1-5-0 (2020-11-16)";"doi.org/10.14281/18241.1";2018;410;"KOR";732;"ROK";410070536;20180107;201712;201801;13.42;14.17;35;1;410048;410014;7;4;3;1;536;2390;"ko";2;1;1.0;0.8032128514056225;41453.815261044176;1;2;2;2;2;3;1;1;1;1;2;1;2;2;2;2;2;1;2;1;1;1;2;1;2;2;2;2;4;3;3;3;2;1;2;1;2;1;4;2;2;2;2;3;3;2;1;3;2;2;6;6;6;4;4;4;3;4;3;1;1;2;3;3;2;3;2;3;3;3;3;2;2;2;3;2;2;2;2;2;2;3;3;3;2;2;2;2;2;2;3;2;3;6;2;2;2;0;1;0;0;0;0;0;0;0;2;0;0;6;5;5;6;6;2;6;1;2;2;2;1;2;3;6;2;0;0;2;0;0;0;0;2;2;3;4;2;4;4;4;3;4;2;2;2;2;2;2;2;2;3;3;1;1;1;2;3;3;1;4;3;8;8;2;4;3;7;5;1;1;2;2;3;3;6;7;2;2;2;6;5;5;1;1;1;6;1;5;5;5;3;4;1;1;1;1;1;1;5;3;4;4;2;1;2;1;4;1;4;4;5;2;3;3;3;3;3;3;3;3;3;3;3;3;1;1;410002;410002;410002;2;3;3;3;2;2;3;3;2;2;1;3;3;4;2;3;8;5;3;8;6;1;6;5;1;7;7;7;7;2;2;2;2;1;2;2;1;1953;64;5;3;1;1;1;410;410;410;1;2;1;2390;1;2;3;2;3;2;1;1;1;1;4;5;-3;-5;6;-3;1;3;5;5;2;0;100000020;410004;2;1;1;0.5394444444444445;0.6922222222222223;0.5087037037037037;0.5590740740740741;1.0;0.33;0.33;0.5533333333333333;0.66;1.0;0.8333333333333334;0.8311111111111112;1.0;0.0;0.0;0.3333333333333333;0.66;0.33;0.33;0.44;1.0;0.0;1.0;0.6666666666666666;0.25;1.0;0.66;0.6366666666666667;0.5555555555555556;0.4444444444444444;0.4444444444444444;0.48148148148148145;0.0;0.5;0.25;0.25;1.0;1.0;1.0;1.0;1.0;1.0;1.0;1.0;1.0;1.0;1.0;1.0;1;0;0;0;1;6;7;7;5;6;5;5;5;6;6;6;6;5;6;6;7;-3;-3;5;200;25000;0;-3;6;1;-3;-3;-3;7;6;1;1;6;6;7;5;5;5;5;2;1;3;2;2;3;7;6;5;4
"1-5-0 (2020-11-16)";"doi.org/10.14281/18241.1";2018;410;"KOR";732;"ROK";410070537;20180107;201712;201801;13.45;14.34;49;1;410011;410001;8;5;1;1;537;2390;"ko";2;1;1.0;0.8032128514056225;41453.815261044176;1;1;1;2;1;2;2;1;1;1;2;2;1;1;2;2;2;1;2;1;2;1;2;1;1;1;1;2;1;3;2;3;1;1;1;1;2;1;3;1;2;1;2;1;2;3;1;1;2;2;5;7;6;4;4;4;3;4;2;2;1;1;2;4;2;3;2;1;2;2;2;3;2;2;2;3;2;1;2;2;1;2;2;1;2;2;1;2;1;2;1;2;2;9;3;2;2;0;0;0;0;0;0;0;0;0;0;0;0;9;6;2;3;8;2;9;3;4;2;3;3;3;2;9;3;2;2;2;0;1;1;2;1;2;2;4;4;4;4;4;4;4;1;2;2;1;1;2;2;1;1;1;1;2;1;1;3;3;2;1;2;9;8;5;6;8;10;8;1;1;1;1;2;2;1;2;1;1;1;3;2;1;2;1;2;5;3;2;8;6;5;6;3;3;2;3;5;3;9;4;4;4;1;1;2;1;2;2;5;2;5;1;3;2;2;3;1;3;3;2;2;2;3;2;1;1;410002;410002;410002;2;3;2;2;1;2;3;2;3;2;1;1;3;4;2;3;6;9;3;10;9;3;9;2;3;9;10;8;9;2;1;1;1;1;3;2;1;1958;59;5;3;1;1;1;410;410;410;1;4;1;2390;1;2;3;2;3;2;1;1;1;1;1;1;5;5;6;3;1;2;3;5;2;3;30100000;410004;3;2;2;0.19333333333333333;0.055;0.43652777777777774;0.3322222222222222;0.0;0.0;0.0;0.0;0.33;0.0;0.0;0.11;0.0;0.0;1.0;0.3333333333333333;0.0;0.66;0.33;0.33;1.0;0.0;1.0;0.6666666666666666;0.0;0.0;0.66;0.22;0.4444444444444444;0.1111111111111111;0.7777777777777778;0.4444444444444444;0.33;0.5;0.41500000000000004;0.41500000000000004;1.0;1.0;1.0;1.0;1.0;1.0;1.0;1.0;1.0;1.0;1.0;1.0;1;0;1;0;1;7;4;6;5;1;5;1;3;1;3;4;8;3;4;8;8;4;2;3;560;16500;6000;7;3;2;6;6;7;7;2;2;2;5;5;8;4;5;5;4;2;1;1;3;1;2;8;3;5;4
"1-5-0 (2020-11-16)";"doi.org/10.14281/18241.1";2018;410;"KOR";732;"ROK";410070538;20180107;201712;201801;13.47;14.07;20;1;410047;410013;7;4;3;1;538;2390;"ko";3;1;1.0;0.8032128514056225;41453.815261044176;1;2;2;3;3;4;1;1;1;1;2;2;1;2;2;2;2;1;2;1;2;1;2;2;2;2;2;1;2;3;2;4;2;1;1;1;3;3;4;2;2;1;1;3;2;3;2;2;2;2;7;7;6;4;4;4;4;4;1;1;1;2;2;3;2;2;4;3;2;3;4;3;2;3;3;4;2;3;2;3;2;2;2;3;2;2;3;2;2;3;2;2;2;4;2;2;2;0;0;0;0;0;0;0;0;0;0;0;0;7;8;6;3;7;1;4;2;3;2;2;2;1;2;7;3;1;2;1;0;0;0;0;0;2;2;4;4;4;4;4;4;4;1;1;2;2;2;2;2;1;3;3;2;2;2;3;2;1;3;2;1;8;7;8;8;4;7;3;2;1;1;1;2;1;6;7;3;2;2;4;2;2;1;1;1;1;1;1;3;2;1;1;1;2;1;1;1;1;1;2;2;2;3;3;5;1;5;1;5;1;5;5;2;3;3;3;3;3;3;2;3;3;3;3;1;1;8;8;8;2;2;2;4;2;3;2;3;3;3;1;2;2;3;2;2;7;7;5;7;6;5;6;7;4;7;8;6;7;2;2;1;1;1;3;3;2;1977;40;3;2;1;1;1;410;410;410;1;3;1;2390;1;1;6;3;6;3;1;1;2;1;5;1;-3;6;10;-3;2;2;3;5;2;0;100000020;410004;2;1;1;0.5536111111111112;0.6655555555555557;0.4135185185185185;0.2437037037037037;0.5;0.33;0.33;0.3866666666666667;1.0;1.0;0.8333333333333334;0.9444444444444445;1.0;0.0;0.0;0.3333333333333333;0.66;0.66;0.33;0.5499999999999999;1.0;0.0;1.0;0.6666666666666666;0.25;0.33;0.66;0.41333333333333333;0.0;0.0;0.2222222222222222;0.07407407407407407;0.0;1.0;0.5;0.5;1.0;1.0;1.0;1.0;1.0;1.0;1.0;1.0;1.0;1.0;1.0;1.0;1;0;0;1;0;8;6;7;4;5;4;3;4;4;4;4;9;6;6;5;6;-3;-3;3;380;15500;500;-3;5;1;-3;-3;-3;8;4;1;2;3;4;5;5;5;5;5;2;1;4;4;4;4;6;4;3;4
"1-5-0 (2020-11-16)";"doi.org/10.14281/18241.1";2018;410;"KOR";732;"ROK";410070539;20180107;201712;201801;13.5;14.18;28;1;410028;410004;8;5;2;1;539;2390;"ko";3;1;1.0;0.8032128514056225;41453.815261044176;1;2;2;2;2;3;1;1;1;1;1;2;2;2;2;2;2;1;2;1;2;1;2;1;2;2;1;2;2;2;2;2;2;1;2;1;3;3;3;4;3;3;2;2;3;1;1;3;2;2;7;7;7;4;4;4;4;4;1;1;2;2;2;3;3;3;2;2;2;3;3;3;3;3;3;3;2;2;2;2;2;3;3;3;3;3;3;3;3;3;3;2;3;7;2;1;1;0;0;0;0;0;0;0;0;0;0;0;0;7;7;7;6;6;1;8;1;1;1;1;1;2;2;3;3;2;0;2;2;1;1;1;1;3;2;2;2;2;3;4;3;2;2;2;2;3;3;2;2;2;4;4;1;2;1;1;2;2;1;1;3;7;7;6;7;7;6;7;1;1;1;1;3;3;7;2;1;1;1;6;3;3;4;3;3;2;2;5;5;5;1;3;1;4;4;4;4;4;7;3;2;3;2;1;5;1;5;2;5;2;5;5;3;3;3;3;3;3;3;3;3;3;3;3;2;2;410001;410001;410001;3;3;2;3;3;3;4;3;3;3;2;4;2;3;3;3;6;7;7;3;7;6;6;7;7;7;10;6;6;2;2;3;3;2;4;4;2;1962;55;5;3;1;1;1;410;410;410;1;2;1;2390;1;1;3;2;6;3;1;1;1;1;5;1;-3;3;8;-3;2;1;3;8;3;0;100000020;410004;2;2;1;0.6366666666666667;0.49833333333333335;0.4916666666666667;0.31833333333333336;1.0;0.33;0.0;0.44333333333333336;0.66;0.0;1.0;0.5533333333333333;1.0;1.0;1.0;1.0;0.33;0.66;0.66;0.55;1.0;1.0;1.0;1.0;0.25;0.33;0.33;0.3033333333333334;0.1111111111111111;0.4444444444444444;0.4444444444444444;0.3333333333333333;0.66;0.0;0.33;0.33;1.0;1.0;1.0;1.0;1.0;1.0;1.0;1.0;1.0;1.0;1.0;1.0;0;1;0;0;1;7;7;7;7;4;7;7;7;4;8;7;7;7;5;8;7;-3;-3;3;500;35000;5000;8;5;1;8;8;8;8;8;1;1;4;3;5;5;5;3;3;2;2;2;2;3;3;5;5;4;4
"1-5-0 (2020-11-16)";"doi.org/10.14281/18241.1";2018;410;"KOR";732;"ROK";410070540;20180107;201712;201801;14.0;14.28;28;1;410028;410004;8;5;2;1;540;2390;"ko";3;1;1.0;0.8032128514056225;41453.815261044176;1;2;2;3;1;1;2;2;1;1;1;1;2;1;2;2;2;1;2;1;2;1;2;1;2;2;1;2;2;3;3;2;4;2;3;3;2;1;3;3;2;3;2;2;2;2;2;2;3;2;7;6;6;4;4;4;4;4;3;2;1;2;2;3;2;3;2;2;3;2;3;3;3;2;3;3;3;3;2;2;2;2;3;3;2;2;2;3;2;2;2;2;2;5;3;3;2;1;0;0;0;0;0;0;0;0;0;0;0;7;4;4;5;4;1;6;2;2;2;3;3;2;2;5;3;1;2;2;2;2;1;2;2;2;2;4;4;3;3;4;4;4;1;2;2;2;2;2;2;3;3;3;1;2;1;1;2;3;1;3;2;6;7;7;7;8;7;8;1;1;1;1;2;2;2;4;1;1;1;7;3;3;2;1;3;3;1;7;5;5;1;8;1;3;2;2;1;2;5;3;3;3;3;2;5;1;5;2;5;1;3;3;3;3;3;3;1;2;2;2;2;2;2;2;2;1;410002;410002;410002;2;3;2;3;2;2;2;2;2;3;3;2;3;3;3;2;6;6;5;6;8;4;4;3;4;8;8;6;6;2;2;2;2;2;2;3;2;1969;48;4;2;1;1;1;410;410;410;1;4;1;2390;1;2;3;2;3;2;2;1;2;1;3;3;6;7;6;2;2;2;3;4;2;2;20000000;410004;2;1;1;0.38722222222222225;0.1661111111111111;0.4227777777777778;0.5122222222222222;0.5;0.33;0.0;0.27666666666666667;0.0;0.0;0.16666666666666666;0.05555555555555555;1.0;0.0;1.0;0.6666666666666666;0.33;0.66;0.66;0.55;0.0;1.0;1.0;0.6666666666666666;0.75;0.33;0.66;0.5800000000000001;0.2222222222222222;0.6666666666666666;0.4444444444444444;0.4444444444444445;0.0;0.0;0.0;0.0;1.0;1.0;1.0;1.0;1.0;1.0;1.0;1.0;1.0;1.0;1.0;1.0;0;0;0;1;1;6;6;6;7;5;7;6;5;6;6;6;7;5;6;4;4;5;2;3;350;35000;5000;7;4;1;7;5;7;5;3;1;1;4;3;5;1;2;3;2;2;1;2;3;2;2;7;2;3;4
"1-5-0 (2020-11-16)";"doi.org/10.14281/18241.1";2018;410;"KOR";732;"ROK";410070541;20180107;201712;201801;14.05;14.3;25;1;410041;410007;8;5;2;1;541;2390;"ko";2;1;1.0;0.8032128514056225;41453.815261044176;1;2;2;2;2;2;1;1;2;1;2;1;2;1;2;2;2;1;2;1;2;1;2;1;2;1;2;2;3;2;2;3;3;3;2;1;3;3;4;3;3;2;2;4;2;2;2;3;2;2;6;8;6;4;4;4;4;4;1;1;1;2;2;2;2;2;2;3;3;2;3;2;2;2;3;3;2;3;3;2;2;2;2;2;2;2;2;2;2;3;2;2;2;7;2;2;2;2;1;0;0;0;0;0;0;0;1;0;0;7;6;7;3;7;1;7;2;2;2;2;2;2;2;7;4;2;1;2;1;1;2;1;0;1;2;3;3;3;3;3;3;3;2;2;2;3;3;2;2;3;3;3;1;1;1;1;2;3;1;1;2;6;7;4;6;7;6;7;1;1;1;1;2;2;1;2;1;1;1;7;3;4;2;3;3;2;3;3;4;5;3;3;2;3;3;5;3;3;4;2;2;2;3;2;5;1;3;1;5;1;5;1;2;3;2;2;2;1;2;2;2;2;2;3;1;1;410002;410002;410002;2;2;3;3;2;2;3;3;2;2;1;3;2;3;2;2;5;7;5;7;8;7;8;7;8;8;9;8;8;2;2;2;2;2;2;3;2;1959;58;5;3;1;1;1;410;410;410;1;3;1;2390;1;2;3;2;3;2;0;1;0;1;1;1;3;4;10;1;2;2;3;6;2;2;20000000;410004;1;1;2;0.5258333333333334;0.33166666666666667;0.3463888888888889;0.3594444444444445;1.0;0.33;0.33;0.5533333333333333;0.33;0.0;0.0;0.11;1.0;1.0;1.0;1.0;0.66;0.33;0.33;0.44;1.0;0.0;1.0;0.6666666666666666;0.5;0.66;0.33;0.49666666666666676;0.1111111111111111;0.2222222222222222;0.3333333333333333;0.22222222222222224;0.0;0.0;0.0;0.0;1.0;1.0;1.0;1.0;1.0;1.0;1.0;1.0;1.0;1.0;1.0;1.0;0;0;0;0;1;7;5;4;4;3;4;3;3;6;4;3;7;6;4;4;7;2;4;3;550;30000;0;8;4;1;8;8;4;7;4;1;2;3;5;7;2;2;3;4;2;1;3;3;2;3;7;2;2;4
"1-5-0 (2020-11-16)";"doi.org/10.14281/18241.1";2018;410;"KOR";732;"ROK";410070542;20180107;201712;201801;14.09;14.29;20;1;410047;410013;7;4;3;1;542;2390;"ko";3;1;1.0;0.8032128514056225;41453.815261044176;1;1;3;3;1;3;1;1;1;1;2;2;1;2;2;2;2;1;2;1;2;1;2;2;2;2;2;3;2;3;2;4;1;1;2;1;3;3;3;1;1;1;1;1;2;3;3;3;2;2;7;7;7;4;4;4;4;4;1;1;1;2;2;2;2;2;2;2;3;2;3;2;2;2;2;2;3;3;2;2;2;2;2;2;2;2;2;2;2;2;2;2;2;5;1;1;1;0;0;0;0;0;0;0;0;0;0;0;0;8;7;7;4;7;2;8;2;2;2;2;2;2;2;4;3;2;2;1;1;1;2;2;2;2;3;4;4;4;4;4;4;4;1;1;2;2;2;2;2;2;2;2;2;1;1;3;2;1;3;1;2;3;4;7;6;6;6;4;1;1;1;1;2;2;7;8;3;2;2;5;3;2;1;1;1;1;1;1;2;2;1;1;1;3;1;1;1;1;1;2;2;3;3;2;5;1;5;5;5;5;5;5;3;3;3;3;3;3;3;3;3;3;3;3;1;1;410001;410001;410001;2;2;2;2;2;2;2;3;2;2;2;2;2;2;2;2;8;7;5;7;7;5;5;7;5;6;7;7;7;2;2;1;1;1;4;4;1;1952;65;6;3;1;1;1;410;410;410;1;2;1;2390;1;2;1;1;1;1;0;1;0;1;1;5;8;-5;9;2;1;1;3;4;2;0;100000020;410004;2;1;1;0.5258333333333333;0.72;0.38342592592592595;0.18351851851851853;1.0;0.33;0.33;0.5533333333333333;0.66;1.0;1.0;0.8866666666666667;1.0;0.0;0.0;0.3333333333333333;0.33;0.33;0.33;0.33;1.0;0.0;1.0;0.6666666666666666;0.0;0.33;0.66;0.33;0.0;0.0;0.1111111111111111;0.037037037037037035;0.0;1.0;0.5;0.5;1.0;1.0;1.0;1.0;1.0;1.0;1.0;1.0;1.0;1.0;1.0;1.0;1;0;0;0;1;8;5;6;3;6;4;4;4;5;4;4;8;5;3;7;6;2;3;3;160;19800;0;9;4;1;9;9;9;8;4;1;1;3;4;3;5;3;3;3;2;2;4;4;4;4;4;5;3;4
"1-5-0 (2020-11-16)";"doi.org/10.14281/18241.1";2018;410;"KOR";732;"ROK";410070543;20180107;201712;201801;14.11;14.32;21;1;410011;410001;8;5;1;1;543;2390;"ko";2;1;1.0;0.8032128514056225;41453.815261044176;1;2;1;2;2;2;1;1;2;1;1;1;2;2;2;2;2;1;1;1;2;1;2;1;2;2;2;4;2;2;1;1;2;1;2;1;1;1;2;1;2;2;2;1;1;2;2;2;2;2;7;8;8;4;4;4;4;4;3;2;1;3;2;3;3;3;1;2;2;1;2;2;1;2;1;2;1;2;2;2;1;2;1;2;2;2;2;1;2;2;1;2;2;7;3;1;2;2;2;2;2;2;2;2;2;2;2;2;2;7;8;7;8;8;1;7;2;2;1;1;2;1;3;8;3;1;2;0;1;1;0;0;1;1;2;2;3;2;3;3;3;3;1;2;2;2;3;2;2;2;2;2;1;2;1;1;2;1;3;1;2;7;8;7;6;7;7;7;1;1;2;1;2;2;7;8;3;2;2;7;8;8;8;2;2;1;1;2;6;5;1;1;1;2;2;2;2;4;6;2;2;2;2;2;3;1;3;1;4;1;2;2;1;3;1;3;3;3;3;3;1;3;2;2;2;2;-2;-2;-2;1;2;2;3;2;3;2;2;2;2;2;2;1;2;1;2;5;6;5;6;7;6;6;5;5;5;5;5;6;1;1;2;1;1;2;2;1;1993;24;1;1;1;1;1;410;410;410;1;4;2;2390;6;0;3;2;-3;-3;3;2;3;2;6;-3;-3;-3;3;-3;2;1;3;6;2;0;100000020;410004;1;1;1;0.5683333333333335;0.5266666666666667;0.3813888888888889;0.26277777777777783;0.5;0.0;0.33;0.27666666666666667;0.33;1.0;1.0;0.7766666666666667;1.0;1.0;1.0;1.0;0.33;0.33;0.0;0.22;1.0;1.0;1.0;1.0;0.25;0.33;0.33;0.3033333333333334;0.0;0.1111111111111111;0.5555555555555556;0.22222222222222224;0.0;0.0;0.0;0.0;1.0;1.0;1.0;1.0;1.0;1.0;1.0;1.0;1.0;1.0;1.0;1.0;0;0;0;0;1;8;7;7;8;7;8;7;8;8;8;7;7;7;7;8;7;-3;-3;2;600;60000;0;7;6;1;8;7;8;7;6;1;1;2;2;5;5;5;2;2;2;7;2;1;3;2;5;5;5;-3
"1-5-0 (2020-11-16)";"doi.org/10.14281/18241.1";2018;410;"KOR";732;"ROK";410070544;20180107;201712;201801;14.14;15.03;49;1;410041;410007;8;5;2;1;544;2390;"ko";1;1;1.0;0.8032128514056225;41453.815261044176;1;2;2;2;1;4;1;2;1;1;2;1;1;2;2;2;2;1;2;1;2;2;2;2;2;2;2;3;3;4;3;3;4;2;1;1;5;2;4;2;4;2;3;3;2;2;2;3;2;2;8;7;7;4;4;4;4;4;1;2;1;2;2;4;3;3;3;2;2;2;2;2;2;2;3;3;2;2;2;3;2;2;2;2;2;2;2;2;2;2;2;2;2;4;3;1;2;0;1;0;0;0;0;0;0;0;0;0;0;7;4;5;6;5;1;7;2;2;2;2;2;2;3;8;3;2;2;2;1;2;1;1;2;2;2;4;4;4;4;4;4;4;2;2;2;2;2;2;2;2;2;2;1;2;1;2;3;3;1;1;2;9;9;8;5;3;10;3;1;2;2;2;4;4;7;8;3;2;2;3;4;5;3;1;1;5;4;6;8;7;5;5;3;5;5;2;5;1;8;2;4;4;3;2;2;1;1;1;2;1;2;1;2;2;2;2;2;2;2;2;3;2;3;3;1;1;410002;410002;410002;1;4;4;4;2;1;4;4;1;2;1;2;2;4;3;4;3;7;1;10;7;1;8;6;3;8;10;6;4;2;2;1;1;1;2;2;1;1971;46;4;2;1;1;1;410;410;410;1;1;1;2390;6;0;6;3;-3;-3;3;2;3;2;1;-3;1;-3;6;2;1;1;3;5;2;0;100000020;410004;2;1;0;0.5541666666666666;0.7766666666666666;0.4948148148148148;0.697962962962963;1.0;0.33;0.33;0.5533333333333333;1.0;1.0;1.0;1.0;1.0;0.0;0.0;0.3333333333333333;0.33;0.33;0.33;0.33;0.0;0.0;1.0;0.3333333333333333;0.75;0.66;1.0;0.8033333333333333;0.4444444444444444;0.5555555555555556;0.7777777777777778;0.5925925925925927;0.0;0.5;0.25;0.25;1.0;1.0;1.0;1.0;1.0;1.0;1.0;1.0;1.0;1.0;1.0;1.0;1;0;0;0;1;7;6;4;7;5;6;4;3;5;4;4;7;3;8;8;6;1;3;3;400;20000;0;8;5;2;8;8;8;7;5;1;2;8;10;6;1;1;5;7;1;1;2;2;2;2;10;1;1;-3
"1-5-0 (2020-11-16)";"doi.org/10.14281/18241.1";2018;410;"KOR";732;"ROK";410070545;20180107;201712;201801;14.15;14.36;21;1;410048;410014;6;3;4;1;545;2390;"ko";3;1;1.0;0.8032128514056225;41453.815261044176;1;2;3;3;2;2;1;2;1;1;2;1;2;1;2;2;2;1;2;1;2;1;2;1;1;2;1;1;2;2;2;2;2;1;1;1;3;3;4;4;2;1;3;2;2;2;2;3;2;2;8;7;7;4;4;4;4;4;1;2;1;2;2;3;2;3;2;2;2;3;2;3;3;3;3;2;2;2;2;3;2;3;3;3;2;2;2;2;2;2;2;2;2;8;3;1;2;0;0;0;0;0;0;0;0;0;0;0;0;8;4;7;5;7;1;6;4;3;4;3;3;2;3;7;3;2;2;0;1;0;2;2;0;3;2;4;4;4;4;4;4;4;1;2;2;4;4;2;2;3;4;4;1;2;2;1;2;1;3;1;2;8;7;8;8;8;7;5;2;1;1;1;3;4;4;5;2;1;1;6;2;3;2;3;4;5;5;5;5;5;1;5;1;5;1;3;5;5;5;2;4;4;2;2;3;1;2;1;5;5;5;2;3;3;3;3;3;3;3;3;3;3;3;3;1;1;410001;410001;410001;2;3;2;3;3;2;3;3;2;2;2;2;2;2;3;2;7;4;2;4;6;5;5;3;3;7;7;6;6;2;3;1;1;1;2;2;2;1956;61;5;3;1;1;1;410;410;410;1;2;1;2390;1;3;3;2;3;2;1;1;1;1;3;4;4;-5;9;2;1;2;5;3;1;7;70000000;410004;1;1;1;0.6783333333333332;0.5816666666666667;0.2702777777777778;0.37388888888888894;1.0;0.66;0.0;0.5533333333333333;0.33;1.0;0.5;0.61;1.0;1.0;1.0;1.0;0.33;0.66;0.66;0.55;0.0;0.0;1.0;0.3333333333333333;0.25;0.33;0.33;0.3033333333333334;0.4444444444444444;0.4444444444444444;0.4444444444444444;0.4444444444444444;0.0;0.0;0.0;0.0;1.0;1.0;1.0;1.0;1.0;1.0;1.0;1.0;1.0;1.0;1.0;1.0;0;0;0;0;1;8;7;7;7;7;8;7;7;7;8;8;8;8;8;8;8;4;1;5;150;25000;0;8;4;1;7;7;10;8;7;1;1;3;3;5;6;2;4;3;3;2;3;3;1;3;5;7;2;4
"1-5-0 (2020-11-16)";"doi.org/10.14281/18241.1";2018;410;"KOR";732;"ROK";410070546;20180107;201712;201801;14.25;14.58;33;1;410041;410007;8;5;2;1;546;2390;"ko";1;1;1.0;0.8032128514056225;41453.815261044176;1;1;2;1;1;3;1;2;1;1;2;1;2;1;2;2;2;1;2;1;2;2;2;1;2;2;2;2;2;3;2;3;3;3;2;1;4;2;4;2;3;2;2;3;2;3;2;3;2;1;8;7;6;4;4;4;4;4;1;2;1;2;2;2;3;2;3;2;3;3;2;3;3;2;3;3;2;2;2;3;3;2;2;2;2;2;1;2;2;2;2;2;2;6;3;1;2;0;0;0;0;0;0;0;0;0;0;0;0;6;4;4;3;4;1;6;2;3;2;2;3;2;4;6;3;1;1;0;1;0;0;0;1;1;2;2;3;3;4;3;3;3;1;2;2;2;2;2;2;2;2;3;1;2;1;2;1;2;1;2;1;7;8;9;7;8;8;3;2;2;2;2;3;3;7;8;3;2;2;7;2;3;1;1;1;1;1;1;5;4;1;3;1;1;1;1;1;1;6;3;3;3;2;2;2;1;5;1;5;1;5;1;1;3;2;2;2;2;2;2;1;2;2;2;2;1;410002;410002;410002;2;4;3;4;2;4;4;2;2;3;2;2;1;3;2;4;3;7;8;8;9;9;8;8;7;7;8;5;6;3;2;1;1;1;2;2;1;1988;29;2;1;1;1;1;410;410;410;1;3;2;2390;6;0;6;3;-3;-3;5;3;6;3;1;-3;3;-3;4;2;2;2;2;7;2;0;100000020;410004;2;2;1;0.5808333333333333;0.72;0.32703703703703707;0.3224074074074075;1.0;0.33;0.33;0.5533333333333333;0.66;1.0;1.0;0.8866666666666667;1.0;0.0;0.0;0.3333333333333333;0.33;0.66;0.66;0.55;0.0;0.0;1.0;0.3333333333333333;0.5;0.33;0.66;0.49666666666666676;0.0;0.0;0.4444444444444444;0.14814814814814814;0.66;0.0;0.33;0.33;1.0;1.0;1.0;1.0;1.0;1.0;1.0;1.0;1.0;1.0;1.0;1.0;0;1;0;1;0;7;6;6;6;5;6;4;4;5;5;3;7;2;7;7;5;1;4;2;700;55000;0;6;7;1;7;7;7;8;1;1;1;2;3;5;2;3;3;2;2;1;3;4;1;3;7;1;3;-3
"1-5-0 (2020-11-16)";"doi.org/10.14281/18241.1";2018;410;"KOR";732;"ROK";410070547;20180107;201712;201801;14.28;15.1;42;1;410048;410014;7;4;3;1;547;2390;"ko";2;1;1.0;0.8032128514056225;41453.815261044176;1;2;2;2;1;3;1;1;2;1;2;1;1;2;2;2;2;1;2;1;1;1;2;1;2;1;2;2;4;4;4;3;4;2;2;1;4;2;3;3;3;2;3;3;2;2;1;2;2;2;7;7;7;4;4;4;3;4;1;2;1;2;2;3;3;3;2;2;2;3;3;3;2;2;3;3;2;2;2;2;2;3;3;3;2;2;2;2;2;2;3;2;2;6;3;1;2;0;1;0;0;0;0;0;0;0;1;0;0;7;5;4;6;7;1;7;1;2;2;2;1;2;2;7;2;1;0;0;0;0;0;0;0;2;3;3;2;3;3;3;3;3;2;2;2;2;2;2;2;2;3;3;1;1;1;2;3;3;4;4;2;7;8;3;3;3;8;6;1;2;2;2;3;3;6;7;2;2;2;7;5;5;1;1;1;4;1;4;4;4;2;3;1;1;1;1;1;1;3;3;3;4;2;2;2;1;4;1;4;3;2;2;2;2;2;3;2;3;3;3;2;3;3;3;2;2;410002;410002;410002;2;3;3;3;2;2;4;4;2;2;2;3;3;4;2;4;6;6;2;9;6;1;8;7;1;8;8;7;7;2;2;2;2;2;2;2;2;1992;25;2;1;1;1;1;410;410;410;1;3;2;2390;6;0;6;3;-3;-3;3;2;3;2;1;-3;5;-3;4;2;2;1;3;6;2;0;100000020;410004;3;2;1;0.4977777777777778;0.608888888888889;0.5829166666666666;0.625;0.5;0.33;0.33;0.3866666666666667;0.66;1.0;0.8333333333333334;0.8311111111111112;1.0;0.0;0.0;0.3333333333333333;0.33;0.66;0.33;0.44;1.0;0.0;1.0;0.6666666666666666;0.75;1.0;1.0;0.9166666666666666;0.3333333333333333;0.3333333333333333;0.3333333333333333;0.3333333333333333;0.33;0.5;0.41500000000000004;0.41500000000000004;1.0;1.0;1.0;1.0;1.0;1.0;1.0;1.0;1.0;1.0;1.0;1.0;1;0;1;0;1;7;6;5;6;4;4;4;5;5;5;6;7;5;6;6;7;4;2;3;450;30000;0;8;6;1;8;7;7;7;5;2;2;6;6;7;5;5;5;5;2;1;3;2;2;2;7;5;5;-3
"1-5-0 (2020-11-16)";"doi.org/10.14281/18241.1";2018;410;"KOR";732;"ROK";410070548;20180107;201712;201801;14.29;14.5;21;1;410044;410010;6;3;4;1;548;2390;"ko";3;1;1.0;0.8032128514056225;41453.815261044176;1;1;1;2;2;3;1;2;1;1;2;1;1;2;2;2;2;1;2;1;2;2;2;1;2;2;2;2;1;3;3;3;3;3;3;3;3;3;3;3;3;1;2;3;1;1;1;3;2;2;8;7;5;4;4;4;4;4;1;1;1;1;1;3;2;3;3;2;3;3;3;2;2;3;3;3;2;2;2;2;2;2;2;2;2;2;2;2;2;2;2;2;2;7;3;2;2;2;2;2;2;2;2;2;2;2;2;2;2;7;7;5;2;8;1;6;3;2;2;3;2;2;3;6;3;2;2;1;0;0;2;0;1;3;2;4;4;4;4;4;4;4;1;1;2;2;2;2;2;2;3;3;1;2;2;2;1;2;1;1;3;7;8;7;7;7;8;6;2;2;2;2;3;3;4;5;2;1;2;6;2;2;2;1;2;4;1;5;6;6;1;4;1;1;1;2;1;2;4;3;4;2;3;2;5;1;5;5;5;3;5;2;2;2;2;2;2;2;2;2;2;2;2;2;1;1;410002;410002;410002;2;2;2;2;3;2;2;2;2;3;3;2;3;3;2;4;7;7;5;4;7;3;6;6;3;8;9;6;7;2;2;2;2;2;3;3;2;1953;64;5;3;1;1;1;410;410;410;1;2;1;2390;1;3;3;2;3;2;1;1;1;1;1;1;8;8;9;2;2;2;3;4;2;7;70000000;410004;2;2;0;0.5675;0.6366666666666667;0.3736111111111111;0.41555555555555557;1.0;0.33;0.33;0.5533333333333333;0.66;1.0;0.5;0.7200000000000001;1.0;0.0;1.0;0.6666666666666666;0.33;0.33;0.33;0.33;0.0;0.0;1.0;0.3333333333333333;0.5;0.0;0.66;0.3866666666666667;0.3333333333333333;0.4444444444444444;0.5555555555555556;0.4444444444444444;0.66;0.0;0.33;0.33;1.0;1.0;1.0;1.0;1.0;1.0;1.0;1.0;1.0;1.0;1.0;1.0;0;1;0;0;1;7;5;6;7;5;4;3;3;3;4;3;7;4;7;5;5;2;6;3;300;20000;3000;7;3;1;7;7;7;8;5;1;1;6;4;6;5;5;3;3;3;1;2;2;2;2;7;5;5;4
"1-5-0 (2020-11-16)";"doi.org/10.14281/18241.1";2018;410;"KOR";732;"ROK";410070549;20180107;201712;201801;14.31;14.56;25;1;410028;410004;8;5;2;1;549;2390;"ko";2;1;1.0;0.8032128514056225;41453.815261044176;1;1;2;2;2;3;1;1;1;1;1;2;2;2;2;2;2;1;2;1;2;1;2;2;2;2;2;2;3;3;3;2;4;2;4;2;3;3;3;4;3;3;3;2;2;3;2;3;2;2;7;7;7;4;4;4;4;4;1;1;1;1;2;2;3;3;1;2;2;2;2;2;2;2;3;3;2;2;2;3;2;2;2;2;3;3;3;3;2;3;3;3;3;8;1;3;3;2;2;2;2;2;2;2;2;2;2;2;2;4;4;4;5;5;1;7;2;3;2;2;3;2;2;7;2;2;1;1;0;0;0;1;0;2;2;3;3;3;3;3;3;3;2;2;2;3;3;2;2;3;3;3;1;2;1;2;3;3;2;2;3;7;7;7;7;7;9;6;2;2;2;2;2;2;7;8;3;2;2;3;3;3;3;3;3;3;3;4;2;2;3;3;3;4;4;3;4;4;6;3;3;3;3;3;5;1;5;2;3;3;3;5;3;3;3;3;3;3;3;3;3;3;3;3;2;2;410002;410002;410002;3;3;3;4;4;3;3;3;3;3;2;4;1;4;3;4;4;7;1;9;7;1;7;9;7;7;8;7;7;3;3;2;2;2;3;3;2;1988;29;2;1;1;1;1;410;410;410;1;3;1;2390;1;1;6;3;6;3;3;2;3;2;1;1;3;3;7;2;2;1;3;5;2;0;100000020;410004;4;2;1;0.7200000000000001;0.7750000000000001;0.5818055555555556;0.45611111111111113;1.0;0.66;0.33;0.6633333333333334;0.66;1.0;1.0;0.8866666666666667;1.0;1.0;1.0;1.0;0.33;0.33;0.33;0.33;1.0;1.0;1.0;1.0;0.75;0.66;0.66;0.6900000000000001;0.2222222222222222;0.3333333333333333;0.1111111111111111;0.2222222222222222;0.33;0.5;0.41500000000000004;0.41500000000000004;1.0;1.0;1.0;1.0;1.0;1.0;1.0;1.0;1.0;1.0;1.0;1.0;1;0;1;1;1;7;9;9;7;7;8;8;7;7;9;8;7;4;4;5;8;1;4;3;450;20000;0;8;4;1;8;8;7;7;6;1;1;4;4;6;4;4;4;4;3;1;3;3;3;3;6;4;4;4
"1-5-0 (2020-11-16)";"doi.org/10.14281/18241.1";2018;410;"KOR";732;"ROK";410070550;20180107;201712;201801;14.32;14.52;20;1;410047;410013;7;4;3;1;550;2390;"ko";3;1;1.0;0.8032128514056225;41453.815261044176;1;2;1;3;1;4;1;1;1;1;2;2;1;2;2;2;2;1;2;1;2;1;2;1;2;2;2;2;2;2;2;4;2;1;2;1;3;3;3;2;2;2;2;1;2;3;3;3;2;2;9;8;7;4;4;4;4;4;1;1;1;1;1;2;2;2;2;3;2;2;3;2;2;2;3;3;2;2;2;4;2;2;2;2;2;2;2;2;2;2;2;2;2;7;1;1;3;0;1;0;0;0;0;0;0;0;0;0;0;7;7;7;4;7;1;7;2;2;2;3;2;2;2;7;3;1;2;1;1;1;2;2;1;2;2;4;4;4;4;4;4;4;1;2;2;2;2;2;2;2;2;2;2;2;1;3;2;3;1;1;2;7;4;7;8;4;6;4;1;1;1;1;2;1;7;8;3;2;2;6;2;2;1;1;1;1;1;1;3;3;1;1;1;1;1;1;1;1;1;2;2;2;3;2;5;1;5;1;5;1;5;1;3;3;3;3;3;3;3;2;3;3;2;3;1;1;-2;-2;-2;2;2;2;3;3;3;3;3;3;3;1;2;2;3;2;2;7;7;5;8;7;5;7;7;4;7;7;6;7;2;2;1;1;1;2;3;1;1968;49;4;2;1;1;1;410;410;410;1;3;1;2390;1;1;6;3;6;3;1;1;2;1;1;1;7;3;10;2;1;1;2;6;2;0;100000020;410004;2;1;1;0.5816666666666667;0.7766666666666666;0.38601851851851854;0.18870370370370373;1.0;0.33;0.33;0.5533333333333333;1.0;1.0;1.0;1.0;1.0;0.0;0.0;0.3333333333333333;0.66;0.33;0.33;0.44;1.0;0.0;1.0;0.6666666666666666;0.25;0.33;0.33;0.3033333333333334;0.0;0.0;0.2222222222222222;0.07407407407407407;0.0;1.0;0.5;0.5;1.0;1.0;1.0;1.0;1.0;1.0;1.0;1.0;1.0;1.0;1.0;1.0;1;0;0;0;1;8;6;7;5;7;6;4;4;5;4;6;7;6;3;7;6;1;6;2;550;28500;0;10;6;1;10;10;9;8;5;1;1;2;3;3;5;3;4;3;3;2;4;4;4;4;2;4;3;4
"1-5-0 (2020-11-16)";"doi.org/10.14281/18241.1";2018;410;"KOR";732;"ROK";410070551;20180107;201712;201801;14.32;15.03;31;1;410026;410002;8;5;2;1;551;2390;"ko";2;1;1.0;0.8032128514056225;41453.815261044176;1;1;2;3;1;3;2;1;2;1;1;1;2;1;2;2;2;1;2;1;2;1;2;1;2;2;2;2;3;3;3;4;5;2;2;1;3;3;3;4;3;3;3;4;2;2;3;3;2;2;7;7;7;4;4;4;4;4;1;2;1;3;2;4;4;4;3;2;2;3;3;2;2;2;3;3;2;3;2;2;2;2;2;2;2;2;2;3;2;2;2;2;2;7;3;1;2;0;0;1;0;0;0;0;0;0;0;0;0;8;6;6;2;5;2;6;2;3;3;2;3;2;4;7;4;2;1;2;1;2;2;2;2;2;2;4;4;4;3;4;3;3;1;2;2;1;1;2;2;2;3;3;2;1;1;3;1;2;1;2;1;8;4;6;7;5;8;2;2;2;2;2;3;3;6;7;2;2;2;8;4;1;1;4;2;2;2;3;7;8;1;3;1;3;1;3;1;1;3;2;4;4;3;2;4;2;3;1;5;1;2;3;2;2;2;2;2;1;2;2;2;2;2;2;2;2;-2;-2;-2;2;2;2;2;2;1;2;2;2;2;2;2;3;4;2;4;4;7;3;9;8;1;6;5;2;8;8;8;8;2;3;2;3;2;2;3;2;1996;21;1;1;1;1;1;410;410;410;1;4;2;2390;6;0;3;2;-3;-3;3;2;3;2;6;-3;-3;-3;6;-3;2;1;3;6;2;7;70000000;410004;3;2;2;0.6227777777777779;0.7472222222222223;0.7341666666666666;0.5533333333333333;1.0;0.66;0.33;0.6633333333333334;0.66;1.0;0.8333333333333334;0.8311111111111112;0.0;1.0;1.0;0.6666666666666666;0.33;0.33;0.33;0.33;1.0;1.0;1.0;1.0;1.0;0.66;0.66;0.7733333333333334;0.1111111111111111;0.2222222222222222;0.6666666666666666;0.3333333333333333;0.66;1.0;0.8300000000000001;0.8300000000000001;1.0;1.0;1.0;1.0;1.0;1.0;1.0;1.0;1.0;1.0;1.0;1.0;1;1;0;1;0;8;6;7;7;7;5;4;4;4;5;6;8;3;4;6;7;-3;-3;3;600;40000;0;-3;6;1;-3;-3;-3;8;2;1;2;4;3;6;5;4;4;3;2;1;3;2;2;2;7;5;5;-3
"1-5-0 (2020-11-16)";"doi.org/10.14281/18241.1";2018;410;"KOR";732;"ROK";410070552;20180107;201712;201801;14.37;15.3;53;1;410031;410020;8;5;2;1;552;2390;"ko";2;1;1.0;0.8032128514056225;41453.815261044176;1;1;2;2;2;3;2;1;1;1;1;1;2;2;2;2;2;1;2;1;1;1;2;1;2;2;2;2;3;3;2;3;3;3;1;1;3;3;4;3;2;3;3;3;2;2;1;3;2;1;8;7;7;4;4;4;4;4;1;2;1;3;2;2;4;4;3;4;2;2;2;3;3;3;4;4;3;2;2;3;3;2;2;2;3;3;2;3;3;3;2;2;3;6;3;1;2;0;1;0;0;0;0;0;0;0;2;0;0;6;5;7;5;7;2;7;3;3;2;2;2;2;3;8;3;1;2;2;1;1;0;1;2;3;3;4;2;4;4;4;3;4;2;2;2;1;2;2;1;3;2;4;2;1;2;2;1;2;3;2;3;7;7;4;6;8;6;4;2;2;2;2;3;4;6;7;2;1;2;3;2;3;1;2;2;3;1;4;7;6;3;9;1;6;2;4;6;4;8;2;4;4;3;2;3;2;2;1;2;1;1;1;2;2;3;3;2;1;3;3;1;2;3;3;3;2;410002;410002;410002;3;3;2;3;2;2;3;2;3;4;2;2;2;4;2;3;4;6;8;7;7;4;8;8;4;6;8;8;8;1;3;2;2;2;3;4;1;1984;33;2;2;1;1;1;410;410;410;1;3;1;2390;1;1;6;3;5;3;2;1;3;2;1;5;3;-5;6;2;1;1;5;3;1;0;100000020;410004;3;2;1;0.8169444444444445;0.7472222222222223;0.5860185185185186;0.5070370370370372;1.0;0.66;0.33;0.6633333333333334;0.66;1.0;0.8333333333333334;0.8311111111111112;1.0;1.0;1.0;1.0;1.0;0.66;0.66;0.7733333333333334;1.0;1.0;1.0;1.0;0.5;0.66;0.66;0.6066666666666668;0.2222222222222222;0.3333333333333333;0.6666666666666666;0.40740740740740744;0.66;0.0;0.33;0.33;1.0;1.0;1.0;1.0;1.0;1.0;1.0;1.0;1.0;1.0;1.0;1.0;0;1;0;1;1;8;5;5;7;4;7;5;4;6;6;5;8;4;8;6;4;1;5;3;300;13000;3000;8;4;2;7;7;8;8;4;1;1;3;5;8;2;1;3;4;3;1;2;1;4;4;8;2;1;4
"1-5-0 (2020-11-16)";"doi.org/10.14281/18241.1";2018;410;"KOR";732;"ROK";410070553;20180107;201712;201801;14.38;15.21;43;1;410041;410007;8;5;2;1;553;2390;"ko";3;1;1.0;0.8032128514056225;41453.815261044176;2;2;2;2;2;4;2;2;1;1;1;1;1;2;2;2;2;1;1;1;1;2;2;1;2;2;3;2;3;2;2;2;3;3;1;1;3;3;4;3;2;2;2;2;2;1;1;3;2;1;10;8;6;4;4;4;4;4;1;2;1;3;2;4;3;4;4;3;2;2;2;3;2;2;3;4;2;2;2;2;2;2;3;2;2;2;2;1;2;2;1;1;1;4;2;1;2;0;1;0;1;0;0;0;0;0;0;0;0;8;6;5;4;4;2;8;2;2;2;2;2;2;2;5;2;2;0;2;2;0;2;1;1;2;2;2;3;2;3;4;3;2;1;2;2;2;1;2;2;2;3;4;1;2;1;1;2;2;3;2;3;5;5;7;5;5;6;3;2;2;2;2;4;4;7;8;3;2;2;2;2;2;1;1;1;4;3;3;6;6;4;6;1;1;2;3;2;1;5;4;4;4;2;2;4;1;4;1;5;1;3;3;2;2;2;2;1;1;2;2;2;2;2;2;1;1;-2;-2;-2;2;3;2;2;2;2;2;2;2;2;2;2;2;4;2;4;3;5;5;5;5;5;5;5;5;5;5;5;5;2;2;2;2;2;3;3;1;1982;35;3;2;1;1;1;410;410;410;1;4;2;2390;6;0;6;3;-3;-3;2;1;3;2;1;-3;3;-3;3;2;2;1;3;6;2;0;100000020;410004;3;2;0;0.6366666666666667;0.8316666666666668;0.46592592592592597;0.4335185185185186;1.0;0.33;0.66;0.6633333333333334;1.0;1.0;1.0;1.0;1.0;0.0;0.0;0.3333333333333333;0.66;0.66;0.33;0.5499999999999999;0.0;1.0;1.0;0.6666666666666666;0.5;0.66;0.33;0.49666666666666676;0.3333333333333333;0.2222222222222222;0.5555555555555556;0.3703703703703704;0.66;0.0;0.33;0.33;1.0;1.0;1.0;1.0;1.0;1.0;1.0;1.0;1.0;1.0;1.0;1.0;0;1;0;1;1;7;5;6;5;3;2;2;3;3;4;3;8;3;6;6;6;1;5;3;250;50000;0;7;5;1;7;7;7;7;3;1;2;3;7;4;1;2;3;5;2;5;2;2;1;2;5;1;3;-3
"1-5-0 (2020-11-16)";"doi.org/10.14281/18241.1";2018;410;"KOR";732;"ROK";410070554;20180107;201712;201801;14.4;15.11;31;1;410028;410004;8;5;2;1;554;2390;"ko";3;1;1.0;0.8032128514056225;41453.815261044176;1;2;2;2;1;3;2;1;1;1;1;2;2;1;2;2;2;1;2;1;1;1;2;1;2;2;2;2;2;4;2;2;3;3;1;1;2;1;3;2;3;2;2;2;2;2;1;1;2;2;8;8;8;4;4;4;4;4;1;1;1;2;2;3;2;4;2;2;3;3;3;3;2;2;4;4;2;2;2;2;2;2;2;4;2;2;2;2;3;3;3;2;2;5;3;3;2;0;0;0;0;0;0;0;0;0;0;0;0;9;3;8;3;4;2;5;2;3;2;3;4;4;3;6;2;2;1;2;0;1;2;2;2;3;2;4;4;4;4;4;4;4;1;1;2;2;3;2;2;2;2;2;1;2;1;2;3;3;1;1;4;7;6;5;4;3;8;5;1;2;2;2;3;4;7;8;3;1;2;4;4;3;1;2;1;4;3;5;7;7;2;5;1;3;2;1;2;2;4;3;4;4;4;3;5;2;5;1;3;1;2;1;3;3;3;3;1;1;3;3;2;3;3;3;2;1;410002;410002;410002;1;3;1;3;3;2;3;4;1;3;2;3;2;3;2;4;7;7;3;9;4;6;7;4;3;9;9;8;7;3;2;2;2;1;3;3;2;1989;28;2;1;2;1;1;-2;410;410;2;2;4;2390;1;0;5;3;5;3;3;2;3;2;1;1;3;3;4;2;2;1;3;4;2;0;100000020;-5;1;1;2;0.5533333333333333;0.5533333333333333;0.5853703703703703;0.5457407407407407;0.0;0.33;0.33;0.22;0.66;1.0;1.0;0.8866666666666667;1.0;1.0;0.0;0.6666666666666666;0.33;0.66;0.33;0.44;1.0;1.0;1.0;1.0;0.5;0.33;1.0;0.61;0.3333333333333333;0.4444444444444444;0.6666666666666666;0.48148148148148145;0.0;0.5;0.25;0.25;1.0;1.0;1.0;1.0;1.0;1.0;1.0;1.0;1.0;1.0;1.0;1.0;1;0;0;0;0;7;7;7;7;4;2;3;4;7;8;8;7;7;7;5;4;1;4;3;380;18000;2500;6;2;2;8;5;5;8;3;1;2;3;4;5;4;3;3;4;3;1;1;4;1;3;7;3;3;4
"1-5-0 (2020-11-16)";"doi.org/10.14281/18241.1";2018;410;"KOR";732;"ROK";410070555;20180107;201712;201801;14.43;15.24;41;1;410011;410001;8;5;1;1;555;2390;"ko";2;1;1.0;0.8032128514056225;41453.815261044176;1;2;1;2;2;2;1;1;1;2;1;2;1;2;2;2;2;1;2;1;2;1;2;1;2;2;2;3;2;1;2;2;2;1;3;3;2;1;2;3;2;2;3;2;2;2;2;2;2;2;7;6;7;2;2;3;2;2;3;2;1;3;2;3;2;3;2;3;1;2;1;2;2;1;2;2;1;2;1;2;2;2;1;2;2;2;2;1;2;1;2;2;2;7;1;1;2;2;2;2;2;2;2;2;2;2;2;2;2;6;7;6;7;6;1;6;4;3;3;3;2;2;2;6;3;1;0;1;0;1;1;1;1;1;3;2;2;2;3;3;2;2;2;2;2;2;3;2;2;2;3;3;1;2;2;1;2;2;3;2;1;7;7;7;8;7;8;8;1;2;2;2;2;2;7;8;3;1;1;6;6;7;7;6;3;2;3;3;7;6;7;7;7;2;2;2;2;3;2;2;2;2;2;2;3;1;2;2;4;1;2;2;1;2;2;1;2;2;2;2;1;2;1;2;1;1;410001;410001;410001;2;1;2;1;2;1;2;2;2;2;2;3;2;3;2;3;8;7;6;7;7;6;7;6;7;6;7;6;6;2;2;2;1;2;1;2;1;1952;65;6;3;1;1;1;410;410;410;1;2;1;2390;1;2;3;2;3;2;1;1;1;1;1;5;5;-5;5;2;1;1;3;7;2;0;100000020;410004;2;2;1;0.6508333333333334;0.5816666666666668;0.46416666666666667;0.2633333333333333;0.5;0.33;0.33;0.3866666666666667;0.33;1.0;1.0;0.7766666666666667;1.0;1.0;1.0;1.0;0.66;0.33;0.33;0.44;1.0;1.0;1.0;1.0;0.25;0.33;0.0;0.19333333333333336;0.1111111111111111;0.2222222222222222;0.6666666666666666;0.3333333333333333;0.66;0.0;0.33;0.33;1.0;1.0;1.0;1.0;1.0;1.0;1.0;1.0;1.0;1.0;1.0;1.0;0;1;0;1;0;6;7;6;7;6;7;6;7;6;7;7;6;6;6;7;7;4;1;3;350;60000;0;7;6;1;8;7;6;7;6;1;1;4;5;3;9;5;3;2;2;2;2;3;3;2;6;8;5;4
"1-5-0 (2020-11-16)";"doi.org/10.14281/18241.1";2018;410;"KOR";732;"ROK";410070556;20180107;201712;201801;14.46;15.25;39;1;410026;410002;8;5;2;1;556;2390;"ko";3;1;1.0;0.8032128514056225;41453.815261044176;1;1;3;3;3;3;1;1;1;2;1;2;1;2;2;2;2;1;1;1;2;1;2;1;2;2;3;2;3;3;3;2;3;3;3;3;3;3;3;3;4;3;3;3;2;3;3;3;2;2;7;8;8;4;4;4;4;4;1;2;1;1;2;3;3;3;4;4;4;4;4;4;4;4;4;4;4;4;4;3;3;3;3;3;3;3;3;3;4;4;4;3;3;5;1;1;1;0;0;0;0;0;0;0;0;0;0;0;0;5;6;7;6;5;1;8;3;3;3;3;3;3;4;7;4;1;2;2;1;1;0;0;0;2;2;3;3;3;3;3;3;3;2;2;2;2;2;2;2;2;2;2;2;2;1;1;3;1;2;1;2;8;7;7;4;6;6;8;2;2;2;2;3;3;7;8;3;2;2;9;7;8;7;2;2;2;2;2;2;2;2;1;1;1;1;1;1;1;1;3;3;3;4;3;2;1;5;1;1;1;1;1;3;3;3;3;3;3;3;3;3;3;3;3;1;1;410002;410002;410002;2;4;2;2;3;3;3;2;3;3;2;2;2;2;2;2;8;7;6;6;6;6;6;6;6;6;6;6;7;2;2;3;3;3;3;3;2;1992;25;2;1;1;1;1;410;410;410;1;4;1;2390;6;0;5;3;-3;-3;3;2;3;2;6;-3;-3;-3;3;-3;2;2;3;6;2;0;100000020;410004;3;2;1;0.8875000000000001;0.7750000000000001;0.5331944444444445;0.3588888888888889;1.0;0.33;0.66;0.6633333333333334;0.66;1.0;1.0;0.8866666666666667;1.0;1.0;1.0;1.0;1.0;1.0;1.0;1.0;1.0;1.0;1.0;1.0;0.5;0.66;0.66;0.6066666666666668;0.1111111111111111;0.1111111111111111;0.1111111111111111;0.1111111111111111;0.33;0.5;0.41500000000000004;0.41500000000000004;1.0;1.0;1.0;1.0;1.0;1.0;1.0;1.0;1.0;1.0;1.0;1.0;1;0;1;0;1;7;7;8;6;7;6;7;8;7;7;8;7;7;8;8;7;-3;-3;2;400;35000;0;9;6;1;9;8;8;6;8;1;1;5;5;7;5;5;5;5;2;1;4;4;3;3;7;6;6;-3
"1-5-0 (2020-11-16)";"doi.org/10.14281/18241.1";2018;410;"KOR";732;"ROK";410070557;20180107;201712;201801;14.46;15.21;35;1;410011;410001;8;5;1;1;557;2390;"ko";2;1;1.0;0.8032128514056225;41453.815261044176;1;2;2;2;2;2;2;1;1;1;2;2;1;1;2;2;2;1;2;1;2;1;2;1;2;2;2;2;3;3;3;3;3;3;2;1;3;3;5;3;2;1;2;3;2;3;1;2;2;2;9;7;6;4;4;4;4;4;1;2;1;2;2;3;3;3;2;2;3;2;2;2;2;3;3;3;3;2;2;3;2;2;2;2;2;2;2;2;2;2;2;2;2;9;3;1;2;1;2;0;0;1;0;1;1;1;2;1;1;8;6;6;4;4;1;7;3;3;3;2;2;3;4;4;3;2;2;2;1;2;2;1;1;3;2;4;3;3;3;4;3;3;1;2;2;3;3;2;2;1;2;3;2;2;1;2;3;4;3;2;1;8;7;5;7;4;7;7;1;1;1;1;3;3;2;2;2;1;1;7;2;3;1;1;2;2;3;5;5;4;4;6;2;2;1;2;3;1;4;4;4;4;2;1;1;1;1;1;5;2;5;1;1;1;1;2;1;1;1;1;1;1;1;1;1;1;410002;410002;410002;2;4;3;3;3;2;3;3;1;3;1;2;2;4;1;3;2;8;3;9;7;4;9;9;2;9;8;6;6;2;2;2;2;2;2;3;1;1953;64;5;3;1;1;1;410;410;410;1;4;1;2390;1;2;3;2;3;2;1;1;1;1;1;1;7;7;9;2;1;2;3;6;2;2;20000000;410004;3;2;2;0.4705555555555556;0.4427777777777778;0.5466666666666666;0.4700000000000001;0.5;0.33;0.33;0.3866666666666667;0.33;1.0;0.16666666666666666;0.49888888888888894;1.0;0.0;1.0;0.6666666666666666;0.33;0.33;0.33;0.33;1.0;0.0;1.0;0.6666666666666666;0.5;0.66;0.66;0.6066666666666668;0.1111111111111111;0.4444444444444444;0.4444444444444444;0.3333333333333333;0.66;0.5;0.5800000000000001;0.5800000000000001;1.0;1.0;1.0;1.0;1.0;1.0;1.0;1.0;1.0;1.0;1.0;1.0;1;1;0;1;0;7;6;5;6;5;5;4;4;6;4;4;6;4;7;7;4;4;2;3;730;135000;7000;7;6;2;6;6;8;6;6;1;2;4;5;8;2;5;4;4;2;1;2;2;2;2;8;2;4;4
"1-5-0 (2020-11-16)";"doi.org/10.14281/18241.1";2018;410;"KOR";732;"ROK";410070558;20180107;201712;201801;14.49;15.12;23;1;410047;410013;7;4;3;1;558;2390;"ko";3;1;1.0;0.8032128514056225;41453.815261044176;1;3;2;3;1;1;1;2;1;1;2;1;1;2;2;2;2;1;2;1;2;2;2;2;2;2;2;3;3;3;3;3;2;1;2;1;3;3;3;2;3;2;2;2;2;3;3;2;2;2;7;7;7;4;4;4;4;4;1;1;1;2;2;3;2;2;1;3;2;2;2;3;2;3;2;3;2;2;2;4;2;2;2;2;2;2;2;2;2;2;2;2;2;6;3;3;1;2;0;0;0;0;0;0;0;0;0;0;0;7;7;7;3;7;1;7;2;2;2;2;2;1;2;5;3;0;2;0;2;0;2;2;1;2;2;4;4;4;4;4;4;4;1;1;2;1;1;2;2;2;2;3;2;2;2;1;2;2;3;1;2;7;4;6;7;4;8;10;1;1;1;1;1;1;1;1;1;1;1;6;2;2;2;2;2;2;2;2;3;3;1;1;1;1;1;1;1;1;1;4;4;4;4;3;5;1;5;1;3;1;1;5;3;3;3;3;3;3;3;3;3;3;3;3;1;1;8;8;8;2;2;2;2;2;2;2;2;2;2;1;2;2;2;2;2;5;7;8;8;8;4;6;6;4;6;7;7;7;2;2;1;1;2;4;4;1;1996;21;1;1;1;1;1;410;410;410;1;3;2;2390;6;0;3;2;-3;-3;1;1;2;1;7;-3;-3;-3;4;-3;2;2;3;6;2;2;20000000;410004;2;2;0;0.48416666666666663;0.19333333333333336;0.33370370370370367;0.33574074074074073;0.5;0.33;0.33;0.3866666666666667;0.0;0.0;0.0;0.0;1.0;1.0;1.0;1.0;0.66;0.66;0.33;0.5499999999999999;0.0;0.0;1.0;0.3333333333333333;0.25;0.66;0.66;0.5233333333333333;0.1111111111111111;0.1111111111111111;0.2222222222222222;0.14814814814814814;0.66;0.0;0.33;0.33;1.0;1.0;1.0;1.0;1.0;1.0;1.0;1.0;1.0;1.0;1.0;1.0;0;1;0;0;1;6;6;7;7;4;4;6;5;6;4;7;7;7;2;7;6;-3;-3;3;560;25600;6900;-3;4;1;-3;-3;-3;6;1;2;1;3;4;5;5;5;5;5;3;1;4;4;4;4;7;3;3;-3
"1-5-0 (2020-11-16)";"doi.org/10.14281/18241.1";2018;410;"KOR";732;"ROK";410070559;20180107;201712;201801;14.51;15.11;20;1;410048;410014;7;4;3;1;559;2390;"ko";3;1;1.0;0.8032128514056225;41453.815261044176;1;1;2;2;2;4;1;1;2;1;1;1;2;2;2;2;2;1;2;1;1;2;2;1;2;2;3;2;3;3;4;3;4;2;1;1;5;2;3;3;3;1;2;3;3;2;2;3;2;1;6;6;3;4;4;4;4;4;3;2;1;3;2;4;3;4;3;3;2;2;3;2;2;2;3;3;2;2;2;3;2;2;2;2;2;2;2;2;2;2;1;2;2;8;3;1;2;0;1;0;0;0;0;0;0;0;0;0;0;8;5;2;8;9;1;6;2;3;2;2;2;1;4;8;3;2;0;2;1;1;2;1;2;3;3;4;3;4;4;4;3;2;1;2;2;1;1;2;2;2;3;2;1;1;2;1;3;1;3;1;2;8;8;4;2;1;8;2;2;2;2;2;4;4;7;8;3;1;1;4;1;1;1;1;1;5;1;6;8;5;1;6;1;1;1;1;3;1;3;2;4;4;3;2;5;2;3;2;5;2;5;2;2;2;2;2;1;2;2;2;2;2;2;2;3;3;-2;-2;-2;2;3;2;3;2;2;2;4;1;2;1;3;2;4;1;4;3;6;1;10;7;1;9;5;5;10;10;7;7;2;3;1;1;2;4;4;2;1996;21;1;1;1;1;1;410;410;410;1;4;2;2390;6;0;3;2;-3;-3;3;2;3;2;6;-3;-3;-3;6;-3;2;2;3;5;2;0;100000020;410004;2;1;1;0.5533333333333333;0.8866666666666667;0.6331481481481482;0.6412962962962964;1.0;0.66;0.66;0.7733333333333334;1.0;1.0;1.0;1.0;0.0;0.0;0.0;0.0;0.66;0.33;0.33;0.44;1.0;1.0;1.0;1.0;0.75;0.66;0.66;0.6900000000000001;0.4444444444444444;0.5555555555555556;0.7777777777777778;0.5925925925925927;0.0;0.5;0.25;0.25;1.0;1.0;1.0;1.0;1.0;1.0;1.0;1.0;1.0;1.0;1.0;1.0;1;0;0;0;1;6;6;5;6;2;4;2;1;3;3;2;6;2;7;4;7;-3;-3;3;450;35000;0;-3;5;1;-3;-3;-3;8;1;2;2;3;5;5;3;3;3;3;2;7;2;1;1;3;6;2;3;-3
"1-5-0 (2020-11-16)";"doi.org/10.14281/18241.1";2018;410;"KOR";732;"ROK";410070560;20180107;201712;201801;14.52;15.2;28;1;410041;410007;8;5;2;1;560;2390;"ko";3;1;1.0;0.8032128514056225;41453.815261044176;1;1;2;2;1;3;1;2;1;1;2;2;1;1;2;2;2;1;1;1;2;1;2;2;1;2;2;2;1;2;1;3;2;1;3;3;3;3;2;3;2;3;2;3;2;2;1;1;2;1;7;6;3;4;4;4;4;4;1;1;1;2;2;3;3;4;2;2;2;1;2;2;2;3;3;3;3;2;2;3;1;2;2;2;2;2;2;2;2;2;2;2;2;5;3;1;2;0;0;0;0;0;0;0;0;0;0;0;0;6;6;3;5;5;1;6;3;3;4;3;3;2;2;6;3;2;2;2;0;0;0;2;2;3;2;3;3;3;3;4;2;3;1;2;2;2;2;2;2;2;3;3;2;2;1;2;3;1;3;1;2;7;8;5;2;2;7;5;2;2;2;2;3;4;7;8;3;1;2;3;1;2;1;1;1;1;2;1;5;5;2;3;1;1;2;3;3;3;4;3;4;4;2;2;3;1;2;1;3;1;3;1;1;2;1;3;1;3;3;3;2;2;3;3;1;1;410002;410002;410002;2;1;2;2;3;2;2;2;2;2;1;2;2;3;2;4;3;6;1;7;8;2;8;5;5;5;8;6;7;2;1;1;1;1;2;3;1;1982;35;3;2;1;1;1;410;410;410;1;1;1;2390;1;1;6;3;5;3;3;2;3;2;1;5;3;-5;4;2;1;1;3;3;1;0;100000020;410004;2;1;1;0.41500000000000004;0.49833333333333335;0.2312037037037037;0.17074074074074075;0.0;0.0;0.33;0.11;0.66;1.0;1.0;0.8866666666666667;1.0;0.0;0.0;0.3333333333333333;0.33;0.33;0.33;0.33;0.0;0.0;1.0;0.3333333333333333;0.25;0.0;0.33;0.19333333333333336;0.0;0.0;0.4444444444444444;0.14814814814814814;0.0;0.5;0.25;0.25;1.0;1.0;1.0;1.0;1.0;1.0;1.0;1.0;1.0;1.0;1.0;1.0;1;0;0;0;1;6;6;4;8;5;5;3;4;3;4;5;8;3;7;8;7;1;5;3;400;23000;0;6;3;2;6;5;6;8;3;1;3;5;4;7;3;5;5;5;2;1;2;3;2;3;7;3;5;4
"1-5-0 (2020-11-16)";"doi.org/10.14281/18241.1";2018;410;"KOR";732;"ROK";410070561;20180107;201712;201801;14.54;15.29;35;1;410048;410014;6;3;4;1;561;2390;"ko";3;1;1.0;0.8032128514056225;41453.815261044176;1;2;2;2;2;2;1;2;1;1;2;1;2;1;2;2;2;1;2;1;2;1;2;1;1;2;2;1;2;2;1;3;2;1;1;1;3;3;5;2;3;2;4;2;2;2;2;3;2;2;8;8;8;4;4;4;4;4;1;2;1;2;2;2;3;3;2;2;2;2;3;2;3;3;3;3;3;2;3;3;2;3;3;3;3;3;2;2;2;2;2;2;2;7;3;1;2;0;0;0;0;0;0;0;0;0;0;0;0;7;3;7;5;7;1;6;4;4;3;3;3;2;3;4;4;2;2;1;0;0;0;2;2;2;2;4;4;4;4;4;4;4;1;2;2;4;4;2;2;2;3;4;2;2;2;2;1;1;3;1;4;7;7;7;7;4;8;3;2;1;1;1;2;4;7;6;2;1;2;7;3;3;2;2;3;5;5;5;5;5;5;5;5;7;5;5;7;3;8;2;4;4;3;2;3;1;2;1;1;1;2;2;3;3;3;3;3;3;3;3;2;3;3;3;1;1;410002;410002;410002;2;3;2;3;3;2;3;2;2;3;2;3;4;3;4;3;3;8;7;8;7;6;6;3;4;7;7;7;7;2;1;1;1;1;2;2;1;1988;29;2;1;1;1;1;410;410;410;1;4;2;2390;6;0;6;3;-3;-3;3;2;3;2;1;-3;3;-3;6;2;2;2;3;6;2;0;100000020;410004;0;1;1;0.665;0.6100000000000001;0.2702777777777778;0.37388888888888894;1.0;0.0;0.33;0.44333333333333336;0.33;1.0;1.0;0.7766666666666667;1.0;1.0;1.0;1.0;0.33;0.33;0.66;0.44;0.0;0.0;1.0;0.3333333333333333;0.25;0.33;0.33;0.3033333333333334;0.4444444444444444;0.4444444444444444;0.4444444444444444;0.4444444444444444;0.0;0.0;0.0;0.0;1.0;1.0;1.0;1.0;1.0;1.0;1.0;1.0;1.0;1.0;1.0;1.0;0;0;0;0;0;8;7;7;6;5;4;3;4;4;6;7;8;7;7;3;7;1;4;3;600;45000;2000;7;6;1;8;7;5;8;3;1;2;4;2;7;4;3;2;3;4;1;3;4;2;3;7;4;3;-3
"1-5-0 (2020-11-16)";"doi.org/10.14281/18241.1";2018;410;"KOR";732;"ROK";410070562;20180107;201712;201801;14.58;15.35;37;1;410044;410010;6;3;4;1;562;2390;"ko";3;1;1.0;0.8032128514056225;41453.815261044176;1;2;2;3;2;2;1;1;1;1;2;1;2;2;2;2;2;1;2;1;2;2;2;1;2;2;2;2;2;3;3;3;2;1;2;1;2;1;2;3;2;2;3;3;1;1;1;3;2;2;8;6;4;4;4;4;4;4;1;1;1;1;2;2;3;3;3;2;3;3;3;2;2;3;3;3;2;2;3;2;2;2;2;2;2;2;2;3;3;3;3;3;3;6;3;2;2;2;2;2;2;2;2;2;2;2;2;2;2;6;5;7;2;7;1;6;2;2;2;2;2;2;4;5;3;2;2;1;1;1;1;1;1;2;2;4;4;4;4;4;4;4;1;1;2;2;2;2;2;3;3;3;1;2;2;2;1;2;1;1;3;7;7;8;7;7;8;8;2;2;2;2;3;3;7;8;3;2;1;6;2;2;1;1;1;3;1;4;5;5;1;5;1;1;1;1;1;1;3;4;4;2;3;3;5;1;5;2;5;2;5;2;2;2;2;2;2;2;2;2;2;2;2;2;1;1;410001;410001;410001;2;3;2;2;2;3;3;2;2;2;2;3;3;3;2;4;5;7;2;7;7;2;5;7;4;8;9;7;7;2;2;2;2;1;2;3;2;1957;60;5;3;1;1;1;410;410;410;1;2;1;2390;1;2;3;2;3;2;1;1;2;1;5;3;-3;10;9;-3;2;2;3;5;2;0;100000020;410004;2;2;1;0.49833333333333335;0.665;0.4358333333333333;0.3733333333333333;1.0;0.33;0.33;0.5533333333333333;0.33;1.0;1.0;0.7766666666666667;1.0;0.0;0.0;0.3333333333333333;0.33;0.33;0.33;0.33;1.0;0.0;1.0;0.6666666666666666;0.25;0.33;0.66;0.41333333333333333;0.2222222222222222;0.3333333333333333;0.4444444444444444;0.3333333333333333;0.66;0.0;0.33;0.33;1.0;1.0;1.0;1.0;1.0;1.0;1.0;1.0;1.0;1.0;1.0;1.0;0;1;0;0;1;7;5;6;5;4;5;3;2;4;4;4;6;4;5;5;5;-3;-3;3;300;50000;7000;-3;5;1;-3;-3;-3;7;4;1;1;4;3;5;6;3;3;3;3;2;2;2;2;2;6;7;4;4
"1-5-0 (2020-11-16)";"doi.org/10.14281/18241.1";2018;410;"KOR";732;"ROK";410070563;20180107;201712;201801;15.0;15.32;32;1;410041;410007;8;5;2;1;563;2390;"ko";2;1;1.0;0.8032128514056225;41453.815261044176;1;2;2;2;2;2;1;1;2;1;2;1;2;1;2;2;2;1;2;1;2;1;2;1;2;1;2;2;3;3;2;2;2;1;2;1;3;3;4;2;2;2;3;4;2;2;2;2;2;2;8;8;8;4;4;4;4;4;1;2;2;2;2;3;3;3;2;3;2;2;2;3;2;2;3;3;2;2;2;2;2;2;2;2;2;2;2;2;2;2;2;2;2;8;3;2;2;2;0;0;0;0;0;0;0;0;2;0;0;7;4;7;3;6;1;7;2;2;2;2;2;2;3;7;4;2;1;2;1;0;2;1;1;2;2;3;3;3;3;3;3;3;2;2;2;3;3;2;2;3;3;3;1;2;2;1;2;1;3;1;2;6;7;5;7;8;7;7;1;1;1;1;2;2;1;2;1;1;2;3;3;4;2;2;2;3;3;4;4;6;3;4;2;3;3;6;3;3;3;2;2;2;3;2;5;1;2;1;5;1;5;1;2;3;3;3;2;1;2;2;3;3;2;2;1;1;410001;410001;410001;2;3;2;3;2;2;2;3;3;2;2;2;2;3;2;2;8;5;5;7;6;5;8;5;4;7;8;8;7;2;2;2;2;2;3;3;2;1953;64;5;3;1;1;1;410;410;410;1;2;1;2390;1;2;3;2;3;2;0;1;0;1;5;2;-3;6;10;-3;2;1;1;8;3;2;20000000;410004;1;1;2;0.5116666666666666;0.24833333333333335;0.37157407407407406;0.4098148148148148;0.5;0.33;0.33;0.3866666666666667;0.33;0.0;0.0;0.11;1.0;1.0;1.0;1.0;0.66;0.66;0.33;0.5499999999999999;1.0;0.0;1.0;0.6666666666666666;0.25;0.66;0.66;0.5233333333333333;0.2222222222222222;0.3333333333333333;0.3333333333333333;0.2962962962962963;0.0;0.0;0.0;0.0;1.0;1.0;1.0;1.0;1.0;1.0;1.0;1.0;1.0;1.0;1.0;1.0;0;0;0;0;1;8;8;7;7;4;4;3;4;4;4;3;8;4;6;5;8;-3;-3;1;700;400000;50000;-3;7;1;-3;-3;-3;8;8;1;1;2;4;4;5;3;3;2;2;2;2;2;3;2;3;6;2;4
"1-5-0 (2020-11-16)";"doi.org/10.14281/18241.1";2018;410;"KOR";732;"ROK";410070564;20180107;201712;201801;15.03;16.08;64;1;410028;410004;8;5;2;1;564;2390;"ko";2;1;1.0;0.8032128514056225;41453.815261044176;1;1;2;2;1;3;2;1;1;1;1;1;2;2;2;2;2;1;2;1;2;1;2;2;2;2;2;3;3;4;3;2;2;1;2;1;4;2;5;4;4;2;2;2;2;2;1;3;2;2;6;6;6;4;4;4;4;4;1;2;1;2;2;4;3;3;2;2;2;2;3;2;2;2;3;3;2;2;2;3;2;3;3;3;3;3;2;2;2;2;2;2;2;6;3;3;2;0;0;0;0;0;0;0;0;0;0;0;0;4;4;3;4;2;2;6;2;2;1;1;1;1;4;8;3;2;0;2;1;1;2;2;2;2;2;3;3;3;3;3;4;4;2;2;2;2;3;2;2;3;3;3;1;1;1;1;2;1;3;1;3;8;7;7;7;5;7;2;2;2;2;2;4;4;6;7;1;1;2;4;1;1;1;1;1;1;1;3;5;5;5;7;1;1;1;1;1;1;1;3;3;4;3;2;1;1;1;2;2;2;2;2;2;2;2;2;2;2;2;2;2;2;2;2;1;1;-2;-2;-2;1;3;3;3;3;3;3;4;2;3;1;3;4;4;1;4;4;6;1;10;9;6;7;8;3;10;10;7;7;1;3;3;3;3;3;3;1;1955;62;5;3;1;1;1;410;410;410;1;4;2;2390;1;1;3;2;3;2;0;1;2;1;1;2;5;5;6;2;1;2;2;7;2;0;100000020;410004;1;1;1;0.3727777777777778;0.5805555555555556;0.46472222222222226;0.42944444444444446;1.0;0.66;0.33;0.6633333333333334;0.66;0.0;0.8333333333333334;0.4977777777777778;0.0;0.0;0.0;0.0;0.33;0.33;0.33;0.33;1.0;1.0;1.0;1.0;0.25;0.66;1.0;0.6366666666666667;0.0;0.2222222222222222;0.4444444444444444;0.2222222222222222;0.0;0.0;0.0;0.0;1.0;1.0;1.0;1.0;1.0;1.0;1.0;1.0;1.0;1.0;1.0;1.0;0;0;0;0;1;7;4;5;4;3;3;3;4;3;4;4;7;5;6;6;2;3;3;3;600;70000;0;6;6;1;7;6;6;8;5;1;1;2;2;3;5;2;2;3;1;7;3;2;1;3;6;2;1;4
"1-5-0 (2020-11-16)";"doi.org/10.14281/18241.1";2018;410;"KOR";732;"ROK";410070565;20180107;201712;201801;15.11;16.02;51;1;410011;410001;8;5;1;1;565;2390;"ko";2;1;1.0;0.8032128514056225;41453.815261044176;1;1;1;3;2;1;2;1;1;1;2;2;2;1;1;2;2;1;2;1;2;1;2;1;1;1;2;2;1;4;2;3;1;1;1;1;2;1;4;1;2;1;2;2;2;3;1;1;2;2;7;8;6;4;4;4;4;4;2;2;1;1;1;3;2;4;2;2;2;2;1;2;2;1;2;1;2;2;2;1;2;2;2;2;1;1;2;2;1;2;2;1;2;9;3;2;2;0;0;0;0;0;0;0;0;0;0;0;0;9;4;2;6;8;2;8;3;2;3;4;3;3;2;8;3;2;1;0;1;2;2;2;2;3;2;3;4;4;4;4;3;4;1;1;2;1;1;2;2;1;1;1;1;2;2;1;3;3;2;1;2;9;8;9;7;3;9;10;1;1;1;1;2;2;2;2;1;1;1;3;3;2;3;1;3;2;3;2;6;4;2;4;3;3;1;3;2;4;4;4;4;4;2;2;5;1;3;2;5;4;5;1;2;3;2;3;2;3;3;2;2;3;2;2;1;1;-2;-2;-2;2;3;2;2;1;2;3;2;2;2;1;4;3;4;2;3;4;9;5;9;9;4;9;3;2;9;10;9;8;1;1;1;1;1;2;3;2;1956;61;5;3;1;1;1;410;410;410;1;4;1;2390;1;2;3;2;3;2;-2;-2;-2;-2;5;1;-3;8;6;-3;2;2;3;4;2;2;20000000;410004;3;2;1;0.29055555555555557;0.08277777777777778;0.4185648148148148;0.2962962962962963;0.0;0.0;0.33;0.11;0.0;0.0;0.16666666666666666;0.05555555555555555;1.0;0.0;1.0;0.6666666666666666;0.33;0.33;0.33;0.33;1.0;0.0;1.0;0.6666666666666666;0.0;0.0;1.0;0.3333333333333333;0.1111111111111111;0.1111111111111111;0.5555555555555556;0.2592592592592593;0.33;0.5;0.41500000000000004;0.41500000000000004;1.0;1.0;1.0;1.0;1.0;1.0;1.0;1.0;1.0;1.0;1.0;1.0;1;0;1;0;1;9;4;6;5;2;8;2;3;2;3;8;7;3;8;3;7;-3;-3;3;450;32000;5500;-3;4;1;-3;-3;-3;9;5;1;2;4;4;5;8;5;5;5;2;2;2;3;1;2;5;8;5;4
"1-5-0 (2020-11-16)";"doi.org/10.14281/18241.1";2018;410;"KOR";732;"ROK";410070566;20180107;201712;201801;15.16;15.51;35;1;410011;410001;8;5;1;1;566;2390;"ko";2;1;1.0;0.8032128514056225;41453.815261044176;1;1;2;2;1;1;2;1;2;1;1;2;2;1;1;2;2;1;2;1;2;2;2;1;2;2;2;3;3;4;3;2;3;3;2;1;3;3;4;3;4;2;2;2;2;3;2;3;1;1;10;10;9;4;4;4;4;4;1;2;1;2;2;3;2;2;1;2;3;2;2;2;2;2;3;3;2;2;2;2;2;2;2;2;2;2;1;2;2;2;2;1;2;6;3;2;2;2;2;1;0;0;0;0;0;0;0;0;1;8;3;4;2;3;2;6;2;3;2;2;2;2;2;9;4;2;1;0;1;0;1;0;0;2;3;4;3;3;3;4;3;4;1;1;2;4;2;2;2;3;3;3;2;2;1;3;4;1;2;2;3;8;8;4;4;2;9;10;1;1;1;1;2;3;1;1;1;1;2;7;5;1;1;1;1;1;2;2;5;4;1;4;1;1;1;1;2;2;4;2;2;4;1;2;3;1;3;1;3;2;2;2;2;2;2;3;1;1;2;2;1;2;2;3;1;1;-2;-2;-2;1;4;2;2;3;2;2;4;1;2;1;3;2;4;2;2;7;8;6;10;9;2;8;8;6;9;10;5;7;3;2;2;1;1;2;3;2;1980;37;3;2;1;1;1;410;410;410;1;4;1;2390;1;2;6;3;6;3;2;1;2;1;1;1;3;1;3;1;2;1;2;8;3;2;20000000;410004;4;2;1;0.22083333333333333;0.27666666666666667;0.6425462962962963;0.45259259259259266;1.0;0.33;0.33;0.5533333333333333;0.0;0.0;0.0;0.0;0.0;0.0;0.0;0.0;0.33;0.33;0.33;0.33;1.0;1.0;1.0;1.0;0.5;0.66;1.0;0.7200000000000001;0.0;0.1111111111111111;0.4444444444444444;0.1851851851851852;0.33;1.0;0.665;0.665;1.0;1.0;1.0;1.0;1.0;1.0;1.0;1.0;1.0;1.0;1.0;1.0;1;0;1;1;1;9;6;5;7;3;5;3;3;3;7;7;9;4;7;8;3;1;5;2;1000;40000;0;10;7;2;9;9;7;9;7;1;1;5;1;1;5;2;5;1;1;3;2;3;2;3;1;4;5;4
"1-5-0 (2020-11-16)";"doi.org/10.14281/18241.1";2018;410;"KOR";732;"ROK";410070567;20180107;201712;201801;15.18;15.39;21;1;410011;410001;8;5;1;1;567;2390;"ko";2;1;1.0;0.8032128514056225;41453.815261044176;1;2;2;3;2;2;1;2;1;1;2;2;2;2;1;2;1;1;2;1;2;1;2;1;2;2;1;2;2;3;3;2;3;3;2;1;3;3;3;2;3;2;2;3;2;2;1;3;2;2;7;7;6;4;4;4;4;4;1;2;1;2;2;3;2;2;2;2;3;3;3;3;3;3;3;4;2;2;3;3;3;2;3;3;2;2;2;2;2;2;2;2;2;7;3;1;2;2;0;0;0;0;0;0;0;0;0;0;0;7;5;4;5;4;1;8;2;3;3;4;4;1;2;7;4;2;2;1;0;1;1;2;2;3;3;3;4;4;4;3;3;3;1;2;2;2;2;2;2;1;2;2;1;2;1;2;3;2;3;2;1;8;7;7;7;5;8;8;1;1;1;1;2;2;2;1;1;2;2;7;5;4;1;4;3;4;2;3;5;4;1;2;1;1;2;1;1;1;1;2;2;2;2;2;5;1;1;2;5;2;5;2;3;3;2;3;2;3;3;3;3;3;3;3;1;1;410002;410002;410002;2;3;3;3;3;2;3;3;2;2;2;3;3;3;2;3;4;7;4;9;7;6;5;8;5;8;9;7;7;2;2;2;2;1;3;3;1;1977;40;3;2;1;1;1;410;410;410;1;4;1;2390;1;2;6;3;6;3;3;2;3;2;1;1;3;5;3;2;1;2;3;5;2;2;20000000;410004;3;2;-2;0.5397222222222222;0.30444444444444446;0.35250000000000004;0.41500000000000004;1.0;0.33;0.0;0.44333333333333336;0.33;0.0;0.16666666666666666;0.16555555555555557;1.0;1.0;1.0;1.0;0.33;0.66;0.66;0.55;0.0;0.0;0.0;0.0;0.5;0.33;0.66;0.49666666666666676;0.3333333333333333;0.2222222222222222;0.4444444444444444;0.3333333333333333;0.66;0.5;0.5800000000000001;0.5800000000000001;1.0;1.0;1.0;1.0;1.0;1.0;1.0;1.0;1.0;1.0;1.0;1.0;1;1;0;1;0;8;5;6;4;5;5;3;3;3;3;3;8;4;6;7;5;1;4;3;480;58000;2000;7;5;1;8;8;7;8;6;1;1;6;5;7;3;6;6;4;2;1;2;2;1;2;7;4;6;4
"1-5-0 (2020-11-16)";"doi.org/10.14281/18241.1";2018;410;"KOR";732;"ROK";410070568;20180107;201712;201801;15.19;15.53;34;1;410048;410014;7;4;3;1;568;2390;"ko";3;1;1.0;0.8032128514056225;41453.815261044176;1;2;2;2;2;3;1;1;1;1;2;2;2;1;2;2;2;1;2;1;2;1;2;1;2;2;2;3;3;3;3;3;4;2;2;1;4;2;4;4;4;2;3;4;2;2;1;2;2;2;7;7;7;4;4;4;4;4;1;2;1;3;2;3;3;3;3;3;3;3;3;2;1;2;2;2;2;2;2;2;2;3;3;3;2;2;2;2;2;2;3;2;2;4;3;1;2;1;0;0;0;0;0;0;0;0;1;0;0;6;5;5;6;7;1;6;2;2;2;2;2;2;3;6;2;0;0;2;0;0;0;0;2;2;3;3;2;4;3;4;3;3;1;2;2;2;2;2;2;2;3;3;1;1;1;2;1;3;1;3;4;8;8;2;3;3;8;6;1;1;1;1;3;3;6;7;2;2;2;7;5;5;1;1;1;4;1;3;5;3;3;3;1;1;1;1;1;1;3;3;3;3;2;1;3;1;3;1;4;4;5;2;2;2;2;3;3;3;3;3;3;3;3;3;1;1;410002;410002;410002;2;4;4;4;2;2;4;4;2;2;2;3;3;4;2;3;6;5;1;8;5;1;7;5;1;8;8;8;8;2;2;3;2;2;3;3;1;1971;46;4;2;1;1;1;410;410;410;1;4;1;2390;1;2;3;2;3;2;1;1;2;1;3;5;4;-5;9;2;1;1;3;7;2;0;100000020;410004;1;1;2;0.47027777777777785;0.608888888888889;0.4225;0.5116666666666667;0.5;0.33;0.33;0.3866666666666667;0.66;1.0;0.8333333333333334;0.8311111111111112;1.0;0.0;0.0;0.3333333333333333;0.66;0.33;0.0;0.33;1.0;0.0;1.0;0.6666666666666666;0.75;0.66;0.66;0.6900000000000001;0.3333333333333333;0.2222222222222222;0.4444444444444444;0.3333333333333333;0.0;0.0;0.0;0.0;1.0;1.0;1.0;1.0;1.0;1.0;1.0;1.0;1.0;1.0;1.0;1.0;0;0;0;1;0;6;6;7;7;5;5;5;5;5;6;7;6;4;6;6;6;4;1;3;450;40000;5000;7;7;1;7;7;7;7;5;2;1;6;6;6;5;5;5;5;2;1;2;2;2;2;7;5;5;4
"1-5-0 (2020-11-16)";"doi.org/10.14281/18241.1";2018;410;"KOR";732;"ROK";410070569;20180107;201712;201801;15.19;16.03;44;1;410041;410007;8;5;2;1;569;2390;"ko";1;1;1.0;0.8032128514056225;41453.815261044176;1;2;2;1;1;3;1;2;1;1;2;1;1;2;2;2;2;1;2;1;2;2;2;2;2;2;2;3;3;4;3;3;3;3;1;1;4;2;3;3;3;2;3;3;2;1;2;3;2;2;8;6;5;4;4;4;4;4;1;2;1;3;3;4;3;3;3;2;2;2;3;2;2;2;3;3;2;2;2;2;2;2;2;2;2;2;2;2;2;2;2;2;2;5;3;1;2;0;0;0;0;0;0;0;0;0;0;0;0;4;6;5;5;5;1;7;2;3;3;2;2;2;4;7;2;2;2;2;1;2;1;1;2;2;3;4;4;4;4;4;4;4;2;2;2;2;2;2;2;2;2;2;2;2;1;2;4;3;1;1;3;10;5;8;5;4;8;5;2;2;2;2;4;4;7;8;3;2;2;3;3;4;2;1;1;5;5;8;9;8;4;5;3;6;3;1;5;3;8;2;4;4;3;2;5;1;5;1;4;1;5;2;3;3;3;3;2;2;2;2;3;3;3;3;1;1;410002;410002;410002;1;4;2;4;1;1;4;4;1;1;1;2;2;4;3;4;5;7;1;10;8;1;9;7;3;8;9;7;7;2;2;2;2;1;2;2;2;1980;37;3;2;1;1;1;410;410;410;1;4;1;2390;1;2;3;2;6;3;1;1;2;1;5;1;-3;3;6;-3;2;1;3;4;2;0;100000020;410004;1;1;0;0.5258333333333333;0.72;0.43925925925925924;0.7118518518518518;1.0;0.33;0.33;0.5533333333333333;0.66;1.0;1.0;0.8866666666666667;1.0;0.0;0.0;0.3333333333333333;0.33;0.33;0.33;0.33;0.0;0.0;1.0;0.3333333333333333;0.5;0.66;1.0;0.7200000000000001;0.4444444444444444;0.7777777777777778;0.8888888888888888;0.7037037037037036;0.0;0.0;0.0;0.0;1.0;1.0;1.0;1.0;1.0;1.0;1.0;1.0;1.0;1.0;1.0;1.0;0;0;0;0;1;7;6;4;8;6;7;4;4;7;4;5;8;4;5;7;6;-3;-3;3;350;15000;0;-3;4;2;-3;-3;-3;9;3;1;2;4;6;5;1;1;1;5;2;4;2;3;2;2;8;1;4;4
"1-5-0 (2020-11-16)";"doi.org/10.14281/18241.1";2018;410;"KOR";732;"ROK";410070570;20180107;201712;201801;15.2;15.45;25;1;410028;410004;8;5;2;1;570;2390;"ko";2;1;1.0;0.8032128514056225;41453.815261044176;1;1;1;3;3;3;2;1;1;1;1;1;2;2;2;2;2;1;2;1;2;2;2;1;2;2;3;2;2;3;2;3;4;2;3;3;3;3;3;4;3;3;3;3;2;2;2;2;2;2;7;7;6;4;4;4;4;4;1;2;2;3;3;4;4;4;3;2;3;3;3;2;2;2;2;2;3;2;2;3;2;2;3;3;3;3;3;3;3;3;3;3;3;7;1;1;1;0;0;0;0;0;0;0;0;0;0;0;0;8;6;7;7;7;1;7;4;4;4;3;3;2;2;7;2;0;1;0;0;0;1;0;0;1;3;3;3;4;3;3;3;3;2;2;2;3;3;2;2;3;3;3;1;2;2;1;2;3;4;2;3;7;7;8;7;7;7;7;2;2;2;2;2;2;7;8;3;2;2;7;7;8;8;5;5;6;4;4;5;4;4;6;4;5;4;5;4;4;7;3;3;3;3;3;5;1;5;2;5;2;3;3;3;3;3;3;3;3;3;3;3;3;3;3;3;3;-2;-2;-2;2;2;2;2;2;2;3;3;2;3;3;4;3;3;4;3;3;8;8;7;7;1;3;8;7;6;7;5;6;2;3;2;2;2;4;4;1;1998;19;1;1;1;1;1;410;410;410;1;4;2;2390;6;0;3;2;-3;-3;6;3;3;2;6;-3;-3;-3;6;-3;2;1;3;4;2;0;100000020;410004;3;2;1;0.7058333333333334;0.7466666666666668;0.5473611111111112;0.5122222222222222;0.5;0.66;0.66;0.6066666666666668;0.66;1.0;1.0;0.8866666666666667;1.0;1.0;1.0;1.0;0.33;0.33;0.33;0.33;1.0;1.0;1.0;1.0;0.75;0.33;0.66;0.5800000000000001;0.5555555555555556;0.3333333333333333;0.4444444444444444;0.4444444444444444;0.33;0.0;0.165;0.165;1.0;1.0;1.0;1.0;1.0;1.0;1.0;1.0;1.0;1.0;1.0;1.0;0;0;1;1;1;6;7;7;6;7;7;7;6;6;7;7;6;6;7;6;7;-3;-3;3;450;20000;0;7;3;1;7;7;6;6;6;1;1;3;2;6;4;4;3;3;2;1;2;2;2;3;7;5;4;-3
"1-5-0 (2020-11-16)";"doi.org/10.14281/18241.1";2018;410;"KOR";732;"ROK";410070571;20180107;201712;201801;15.21;16.01;40;1;410048;410014;7;4;3;1;571;2390;"ko";3;1;1.0;0.8032128514056225;41453.815261044176;1;2;2;2;1;3;1;1;2;1;1;2;1;2;2;2;2;1;1;1;1;1;1;1;1;1;2;2;2;2;2;2;2;1;1;1;2;1;4;2;3;2;2;2;2;1;1;3;2;2;9;8;8;3;4;4;2;4;1;1;1;2;2;3;3;3;3;3;3;3;3;4;3;3;4;4;3;3;3;3;2;3;3;3;3;3;3;3;3;3;3;3;3;8;3;3;2;0;0;0;0;0;0;0;0;0;1;0;1;9;8;7;3;4;2;6;4;3;4;4;3;2;3;7;3;2;2;2;2;2;2;2;2;3;2;3;3;3;3;3;3;3;1;1;2;1;2;2;2;1;3;2;1;2;2;1;2;3;1;1;4;8;9;8;7;5;8;8;1;2;2;2;3;4;5;6;1;1;2;7;6;3;2;5;6;3;2;7;7;7;4;6;2;1;1;1;6;2;6;2;2;2;3;2;5;1;2;1;3;1;3;1;2;2;2;2;2;2;2;2;2;2;2;2;2;2;410001;410001;410001;2;3;2;2;3;3;2;3;2;2;2;2;3;2;2;3;5;7;4;7;5;5;7;6;5;7;9;8;8;2;2;1;1;1;2;2;1;1977;40;3;2;1;1;1;410;410;410;1;4;1;2390;1;2;4;2;3;2;1;1;1;1;1;1;3;5;9;2;1;2;3;5;2;0;100000020;410004;0;1;1;0.6922222222222223;0.49777777777777776;0.45546296296296296;0.4109259259259259;1.0;0.33;0.33;0.5533333333333333;0.66;0.0;0.6666666666666666;0.44222222222222224;1.0;1.0;1.0;1.0;0.66;1.0;0.66;0.7733333333333334;1.0;1.0;1.0;1.0;0.25;0.33;0.33;0.3033333333333334;0.2222222222222222;0.6666666666666666;0.6666666666666666;0.5185185185185185;0.0;0.0;0.0;0.0;1.0;1.0;1.0;1.0;1.0;1.0;1.0;1.0;1.0;1.0;1.0;1.0;0;0;0;0;0;8;8;7;8;8;8;8;8;8;7;8;8;8;8;8;8;1;4;2;280;12000;3000;8;5;1;8;8;9;8;6;1;1;5;3;6;7;5;5;4;3;2;2;3;2;3;5;6;4;4
"1-5-0 (2020-11-16)";"doi.org/10.14281/18241.1";2018;410;"KOR";732;"ROK";410070572;20180107;201712;201801;15.29;16.03;34;1;410011;410001;8;5;1;1;572;2390;"ko";2;1;1.0;0.8032128514056225;41453.815261044176;1;1;2;3;2;3;1;1;1;1;1;2;2;2;2;2;2;1;2;1;2;1;2;1;2;2;2;4;3;3;2;3;2;1;1;1;3;3;2;1;2;3;2;2;1;1;1;2;2;2;6;7;7;4;4;4;4;4;3;2;2;2;2;3;3;3;2;3;2;2;1;2;1;2;2;2;3;3;2;2;2;2;2;2;2;2;1;1;1;1;2;1;1;6;3;1;2;0;0;0;0;0;0;0;0;0;0;0;0;7;7;8;7;7;1;7;3;4;4;3;3;2;2;7;3;2;1;2;1;1;1;1;1;2;2;2;2;1;2;1;2;2;2;2;2;3;3;2;2;2;3;3;2;1;2;2;1;3;2;1;2;8;7;7;7;6;7;8;1;2;2;2;2;2;7;8;3;2;1;6;7;6;7;2;3;1;1;3;5;2;3;2;2;2;2;3;2;2;2;3;2;3;2;1;3;1;2;3;3;2;2;2;1;2;1;2;3;3;3;3;2;3;2;3;2;2;410002;410002;410002;3;2;3;2;3;2;2;2;3;2;2;2;3;2;3;2;6;7;7;8;6;7;7;7;6;7;8;7;7;2;2;2;1;2;1;2;2;1953;64;5;3;1;1;1;410;410;410;1;2;1;2390;1;2;3;2;3;2;2;1;2;1;5;1;-3;5;9;-3;2;2;3;5;2;0;100000020;410004;2;2;1;0.6508333333333334;0.6366666666666667;0.4776388888888889;0.37277777777777776;0.5;0.33;0.33;0.3866666666666667;0.66;1.0;1.0;0.8866666666666667;1.0;1.0;1.0;1.0;0.66;0.33;0.0;0.33;1.0;1.0;1.0;1.0;0.25;0.66;0.66;0.5233333333333333;0.0;0.2222222222222222;0.4444444444444444;0.2222222222222222;0.33;0.0;0.165;0.165;1.0;1.0;1.0;1.0;1.0;1.0;1.0;1.0;1.0;1.0;1.0;1.0;0;0;1;0;1;7;6;6;6;6;7;7;7;7;8;7;7;8;7;7;6;-3;-3;3;250;30000;0;7;5;1;8;7;8;8;6;1;1;3;2;8;2;3;5;2;2;1;2;2;2;2;8;2;2;4
"1-5-0 (2020-11-16)";"doi.org/10.14281/18241.1";2018;410;"KOR";732;"ROK";410070573;20180107;201712;201801;15.32;16.09;37;1;410031;410020;8;5;2;1;573;2390;"ko";2;1;1.0;0.8032128514056225;41453.815261044176;1;2;2;2;1;2;1;1;1;1;2;2;2;1;2;2;2;1;1;1;2;1;2;1;2;1;2;2;4;4;3;3;3;3;2;1;3;3;4;3;2;2;3;2;3;3;2;2;2;2;7;6;3;4;4;4;4;4;1;1;1;2;2;3;3;4;2;3;2;2;3;3;2;4;4;4;4;3;2;3;3;2;2;2;3;3;2;2;3;4;3;2;3;7;2;2;2;2;1;0;0;0;0;0;0;0;2;0;0;6;6;4;6;7;1;7;3;4;3;3;3;2;2;4;4;2;2;1;0;2;1;1;2;2;3;3;4;4;4;4;3;4;2;1;2;1;1;1;1;2;2;3;2;2;1;2;4;3;2;1;3;7;8;4;6;6;6;8;1;1;1;1;2;2;1;1;1;1;1;3;2;3;1;2;2;1;3;3;4;4;4;6;1;4;3;4;4;3;5;2;3;4;2;2;2;1;3;1;3;1;2;1;1;2;3;3;1;1;3;2;1;2;3;3;2;1;410010;410010;410010;2;1;3;3;3;2;2;3;2;2;1;1;2;3;1;2;6;8;7;7;6;4;7;7;6;8;7;7;8;2;2;1;1;2;2;3;2;1970;47;4;2;1;1;1;410;410;410;1;4;1;2390;1;2;3;2;3;2;0;1;1;1;5;1;-3;6;9;-3;2;2;5;3;1;2;20000000;410004;2;2;2;0.5116666666666666;0.24833333333333335;0.4625462962962963;0.5092592592592593;0.5;0.33;0.33;0.3866666666666667;0.33;0.0;0.0;0.11;1.0;1.0;1.0;1.0;0.66;0.66;0.33;0.5499999999999999;1.0;0.0;1.0;0.6666666666666666;0.5;1.0;1.0;0.8333333333333334;0.0;0.2222222222222222;0.3333333333333333;0.1851851851851852;0.33;0.0;0.165;0.165;1.0;1.0;1.0;1.0;1.0;1.0;1.0;1.0;1.0;1.0;1.0;1.0;0;0;1;0;1;6;4;4;5;3;4;6;3;4;5;4;5;3;5;7;6;-3;-3;5;400;25000;0;-3;4;1;-3;-3;-3;6;4;1;1;4;7;5;3;4;5;5;2;5;4;2;4;2;5;5;4;4
"1-5-0 (2020-11-16)";"doi.org/10.14281/18241.1";2018;410;"KOR";732;"ROK";410070574;20180107;201712;201801;15.35;15.55;20;1;410048;410014;7;4;3;1;574;2390;"ko";3;1;1.0;0.8032128514056225;41453.815261044176;1;1;2;3;1;3;1;2;2;1;1;2;2;1;2;1;2;1;2;1;1;2;2;1;2;2;2;2;3;3;3;3;4;2;1;1;4;2;3;2;3;1;2;2;2;2;2;2;2;1;5;6;3;4;4;4;4;4;3;2;1;2;2;4;4;4;2;3;2;2;3;3;2;2;3;3;2;2;2;3;2;2;2;2;2;2;2;2;2;2;2;2;2;8;3;1;2;0;1;1;0;0;0;0;0;0;0;0;0;8;5;2;7;8;1;7;2;2;2;2;2;1;4;7;3;2;0;2;2;1;2;1;2;2;2;4;3;4;4;4;3;3;1;2;2;1;1;2;2;2;2;2;1;1;2;3;1;1;3;1;2;8;8;5;6;2;8;5;2;2;2;2;4;4;7;8;3;1;1;7;1;1;1;1;1;5;1;5;8;5;3;7;1;1;1;1;1;1;5;2;4;4;3;3;5;2;5;2;2;1;5;2;2;2;2;2;2;2;2;2;2;2;2;2;3;3;-2;-2;-2;1;4;2;3;2;2;2;4;1;1;1;3;2;4;1;4;5;7;1;10;7;1;10;5;5;10;10;7;6;2;2;1;1;2;4;4;2;1996;21;1;1;1;1;2;410;410;-2;1;4;2;2390;6;0;3;2;-3;-3;3;2;6;3;6;-3;-3;-3;3;-3;2;2;3;5;2;0;100000020;410004;2;1;1;0.4558333333333333;0.6366666666666667;0.6030555555555556;0.6227777777777779;0.5;0.33;0.33;0.3866666666666667;0.66;1.0;1.0;0.8866666666666667;0.0;0.0;0.0;0.0;0.66;0.66;0.33;0.5499999999999999;0.0;1.0;1.0;0.6666666666666666;0.75;0.66;0.66;0.6900000000000001;0.4444444444444444;0.4444444444444444;0.7777777777777778;0.5555555555555556;0.0;1.0;0.5;0.5;1.0;1.0;1.0;1.0;1.0;1.0;1.0;1.0;1.0;1.0;1.0;1.0;1;0;0;0;1;7;6;6;7;2;4;3;3;4;3;4;7;2;8;4;6;-3;-3;3;500;40000;0;-3;5;1;-3;-3;-3;8;1;1;1;5;4;5;5;5;5;5;2;7;1;1;1;3;6;5;6;-3
"1-5-0 (2020-11-16)";"doi.org/10.14281/18241.1";2018;410;"KOR";732;"ROK";410070575;20180107;201712;201801;15.36;15.56;20;1;410043;410009;7;4;3;1;575;2390;"ko";3;1;1.0;0.8032128514056225;41453.815261044176;1;2;2;3;1;2;1;1;1;1;2;2;1;2;2;2;2;1;2;1;2;2;2;1;2;2;1;1;3;4;3;2;2;1;2;1;4;2;3;4;4;3;2;2;1;3;2;1;2;3;10;8;7;4;4;4;4;4;1;2;1;2;2;4;4;4;2;3;3;3;3;2;2;3;4;4;2;2;2;2;2;3;3;3;3;3;3;3;3;3;3;3;3;6;3;1;2;1;0;0;0;0;0;0;0;0;0;0;0;8;3;3;4;3;2;9;2;3;3;2;2;2;2;5;2;2;1;1;1;1;1;1;1;2;1;4;4;4;4;4;4;4;2;2;2;2;2;2;2;4;4;4;1;1;1;1;3;1;3;1;2;6;6;6;6;6;6;8;1;2;2;2;3;3;1;3;2;1;2;6;6;6;1;1;1;1;1;1;1;1;1;1;1;1;1;1;1;1;1;2;4;4;4;3;5;5;5;1;1;1;2;4;3;3;3;3;3;3;3;3;3;3;3;3;2;1;-2;-2;-2;3;3;3;3;3;3;3;3;3;3;2;3;3;3;3;3;6;6;6;6;6;6;6;6;6;6;6;6;6;2;2;3;3;3;4;4;2;1973;44;3;2;1;1;1;410;410;410;1;4;2;2390;1;1;3;2;3;2;1;1;6;3;1;3;6;4;9;1;1;2;2;7;2;2;20000000;410004;2;1;1;0.33166666666666667;0.27666666666666667;0.3883333333333333;0.31833333333333336;0.0;0.33;0.0;0.11;0.33;1.0;0.0;0.44333333333333336;1.0;0.0;0.0;0.3333333333333333;0.66;0.33;0.33;0.44;1.0;0.0;1.0;0.6666666666666666;0.25;0.66;1.0;0.6366666666666667;0.0;0.0;0.0;0.0;0.0;0.5;0.25;0.25;1.0;1.0;1.0;1.0;1.0;1.0;1.0;1.0;1.0;1.0;1.0;1.0;1;0;0;0;1;8;7;5;8;4;4;4;4;2;4;8;8;1;8;7;9;1;8;2;200;10000;3000;10;7;1;9;8;7;10;7;1;1;5;5;5;5;5;5;5;3;6;3;3;3;3;5;5;5;4
"1-5-0 (2020-11-16)";"doi.org/10.14281/18241.1";2018;410;"KOR";732;"ROK";410070576;20180107;201712;201801;15.37;16.11;34;1;410027;410003;8;5;2;1;576;2390;"ko";3;1;1.0;0.8032128514056225;41453.815261044176;1;2;2;2;1;2;2;1;2;2;1;1;1;1;2;2;2;1;2;1;2;1;1;1;2;2;1;2;2;2;2;2;2;1;1;1;3;3;3;2;3;2;2;2;2;3;1;3;2;2;5;6;7;4;4;4;4;4;2;2;2;3;3;4;4;4;3;2;2;2;3;3;3;3;3;3;3;2;2;3;3;3;3;2;2;2;3;3;3;2;2;2;3;8;3;1;2;0;0;0;0;0;0;0;0;0;1;0;0;8;4;7;3;7;1;8;3;2;3;3;3;3;4;7;4;2;2;1;1;1;1;2;2;2;3;3;2;4;4;3;2;3;1;1;2;2;2;2;2;1;2;3;2;2;1;1;3;3;2;1;3;7;8;4;4;3;7;5;1;2;2;2;3;3;4;5;2;2;2;6;1;1;1;1;1;4;1;3;4;5;1;4;1;1;1;2;1;1;4;2;4;4;2;2;1;1;1;1;2;1;1;1;2;3;3;3;2;2;3;3;2;3;3;3;1;1;410002;410002;410002;1;4;3;3;1;1;4;4;1;1;2;2;2;2;2;3;8;8;4;8;6;7;7;4;3;8;8;6;7;2;2;2;2;2;3;4;1;1984;33;2;2;1;1;1;410;410;410;1;4;2;2390;6;0;6;3;-3;-3;3;2;3;2;1;-3;3;-3;4;2;2;1;3;5;2;7;70000000;410004;3;2;2;0.4008333333333333;0.5266666666666666;0.5036574074074074;0.29981481481481487;1.0;0.33;0.0;0.44333333333333336;0.33;1.0;0.5;0.61;0.0;0.0;0.0;0.0;0.33;0.66;0.66;0.55;1.0;1.0;1.0;1.0;0.25;0.33;0.33;0.3033333333333334;0.3333333333333333;0.2222222222222222;0.3333333333333333;0.2962962962962963;0.33;0.5;0.41500000000000004;0.41500000000000004;1.0;1.0;1.0;1.0;1.0;1.0;1.0;1.0;1.0;1.0;1.0;1.0;1;0;1;0;1;6;5;4;6;4;5;4;4;5;4;4;6;3;5;4;6;1;3;3;800;50000;0;7;5;1;7;6;6;7;5;1;1;2;1;7;4;2;2;1;3;1;3;4;1;3;7;4;3;-3
"1-5-0 (2020-11-16)";"doi.org/10.14281/18241.1";2018;410;"KOR";732;"ROK";410070577;20180107;201712;201801;15.39;16.15;35;1;410026;410002;8;5;2;1;577;2390;"ko";2;1;1.0;0.8032128514056225;41453.815261044176;2;2;2;4;4;4;1;1;1;1;1;2;2;2;2;2;2;1;1;1;2;1;2;1;2;2;2;2;3;3;3;3;2;1;3;3;2;1;3;3;3;3;3;3;1;1;1;1;2;2;7;7;7;4;4;4;4;4;1;1;1;1;1;4;4;4;3;4;4;3;3;3;3;3;3;3;3;3;3;4;4;3;4;4;4;4;3;3;4;4;4;4;4;5;1;2;2;0;0;0;0;0;0;0;0;0;0;0;0;5;6;6;6;6;1;9;4;4;4;4;4;3;3;6;4;0;0;0;0;0;0;0;0;1;2;3;3;3;3;3;3;3;2;2;2;2;2;2;2;4;4;4;1;1;1;1;2;1;2;2;1;6;6;7;6;7;6;7;2;2;2;2;3;3;7;8;3;2;2;5;1;1;1;1;1;1;1;1;3;2;2;2;2;1;1;1;1;1;1;3;3;3;3;3;5;1;5;1;2;2;3;1;3;3;3;3;3;3;3;3;3;3;3;3;1;1;410001;410001;410001;2;2;3;2;3;2;3;3;2;3;2;3;2;2;2;2;6;6;6;6;7;7;7;5;6;6;6;5;6;3;3;4;4;4;4;4;2;1966;51;4;3;1;1;1;410;410;410;1;4;1;2390;1;2;3;2;3;2;3;2;3;2;5;1;-3;3;9;-3;2;2;3;5;2;0;100000020;410004;2;2;1;0.5258333333333334;0.665;0.44060185185185186;0.2987037037037037;0.0;0.66;0.33;0.33;1.0;1.0;1.0;1.0;0.0;0.0;0.0;0.0;1.0;0.66;0.66;0.7733333333333334;1.0;1.0;1.0;1.0;0.25;0.66;0.66;0.5233333333333333;0.0;0.0;0.2222222222222222;0.07407407407407407;0.33;0.0;0.165;0.165;1.0;1.0;1.0;1.0;1.0;1.0;1.0;1.0;1.0;1.0;1.0;1.0;0;0;1;1;0;7;6;7;6;6;6;7;6;7;6;6;6;7;6;6;6;-3;-3;3;400;20000;0;8;5;1;8;8;8;7;7;1;1;5;3;5;7;5;5;5;3;2;4;4;2;2;4;6;6;4
"1-5-0 (2020-11-16)";"doi.org/10.14281/18241.1";2018;410;"KOR";732;"ROK";410070578;20180107;201712;201801;15.44;16.1;26;1;410041;410007;8;5;2;1;578;2390;"ko";3;1;1.0;0.8032128514056225;41453.815261044176;1;1;2;2;3;3;1;2;1;1;2;1;1;2;2;2;2;1;2;1;2;1;2;1;2;2;2;2;3;2;2;3;2;1;4;2;3;3;2;2;2;1;2;3;2;1;1;2;2;2;7;5;6;4;4;3;4;4;1;1;1;2;2;4;3;4;2;3;2;2;2;2;2;2;2;3;3;2;2;2;2;2;2;2;2;2;1;2;2;2;2;2;2;5;3;1;2;0;0;0;0;0;0;0;0;0;0;0;0;6;5;2;5;5;2;6;3;4;4;3;3;2;2;6;3;2;2;1;1;1;2;2;2;3;2;3;2;4;4;3;2;3;1;2;2;2;2;2;2;2;2;3;2;2;1;2;3;3;1;1;3;7;8;3;2;4;7;5;1;2;2;2;3;3;7;8;3;1;1;8;2;2;1;2;1;3;2;2;3;4;1;3;1;1;2;2;2;3;5;3;4;3;3;2;5;1;3;1;5;2;5;1;2;2;2;3;2;2;3;3;2;3;3;3;1;1;410002;410002;410002;1;2;2;2;3;2;3;2;2;2;1;3;2;3;2;4;7;6;2;7;7;2;7;5;5;6;7;6;6;2;1;1;1;1;2;4;2;1957;60;5;3;1;1;1;410;410;410;1;4;1;2390;1;2;3;2;3;2;2;1;3;2;4;1;-3;4;7;-3;2;1;3;2;1;0;100000020;410004;2;1;0;0.5675;0.5816666666666667;0.295462962962963;0.2992592592592593;0.5;0.0;0.33;0.27666666666666667;0.66;1.0;1.0;0.8866666666666667;1.0;1.0;0.0;0.6666666666666666;0.66;0.33;0.33;0.44;0.0;0.0;1.0;0.3333333333333333;0.25;0.66;0.33;0.4133333333333334;0.2222222222222222;0.1111111111111111;0.2222222222222222;0.1851851851851852;0.0;0.5;0.25;0.25;1.0;1.0;1.0;1.0;1.0;1.0;1.0;1.0;1.0;1.0;1.0;1.0;1;0;0;0;1;5;6;4;7;4;5;5;3;2;3;3;6;2;6;5;5;-3;-3;3;450;45000;2000;-3;3;1;-3;-3;-3;7;3;2;1;5;5;6;3;5;5;4;3;1;3;3;2;4;6;5;5;4
"1-5-0 (2020-11-16)";"doi.org/10.14281/18241.1";2018;410;"KOR";732;"ROK";410070579;20180107;201712;201801;15.51;16.26;35;1;410041;410007;8;5;2;1;579;2390;"ko";1;2;1.0;0.8032128514056225;41453.815261044176;2;2;2;2;2;2;1;2;2;1;1;1;1;2;2;2;2;1;2;1;2;1;2;1;2;2;3;3;1;2;3;2;3;3;4;2;4;2;4;3;1;2;2;3;3;2;1;3;2;2;9;9;7;4;4;4;4;4;1;1;2;2;2;3;3;4;2;2;2;2;2;2;2;2;3;2;3;2;2;2;2;2;2;2;2;2;2;2;2;2;2;2;2;9;3;3;2;0;2;1;0;0;0;0;0;0;2;0;0;9;8;7;7;8;1;7;2;2;3;4;4;2;1;7;2;2;2;2;1;2;1;0;1;2;2;4;4;4;4;4;4;4;1;2;2;4;4;2;2;2;4;4;2;1;2;3;1;3;1;2;1;9;8;7;3;2;8;8;1;2;2;2;4;3;7;8;3;1;1;8;2;1;2;2;1;2;2;6;7;8;3;9;1;2;1;2;2;3;2;2;4;4;2;2;5;1;5;1;5;1;5;1;2;3;3;3;3;2;3;2;3;2;3;3;1;1;410001;410001;410001;1;2;3;3;3;2;2;3;1;3;2;2;3;4;2;3;8;7;1;8;9;3;8;9;8;9;7;8;6;2;1;1;1;2;3;3;2;1957;60;5;3;1;1;1;410;410;410;1;4;1;2390;1;2;6;3;6;3;3;2;6;3;5;4;-3;-5;3;-3;2;3;2;6;2;0;100000020;410004;2;1;0;0.49833333333333335;0.665;0.4719444444444444;0.3605555555555556;1.0;0.0;0.66;0.5533333333333333;0.33;1.0;1.0;0.7766666666666667;0.0;1.0;0.0;0.3333333333333333;0.33;0.33;0.33;0.33;0.0;1.0;1.0;0.6666666666666666;0.5;0.0;0.33;0.27666666666666667;0.1111111111111111;0.5555555555555556;0.6666666666666666;0.4444444444444445;0.0;1.0;0.5;0.5;1.0;1.0;1.0;1.0;1.0;1.0;1.0;1.0;1.0;1.0;1.0;1.0;1;0;0;1;0;8;3;5;5;7;3;7;3;8;8;7;9;7;7;4;2;-3;-3;2;400;55000;0;-3;7;1;-3;-3;-3;8;9;1;1;5;1;4;7;3;5;1;2;2;3;3;2;3;4;7;2;4
"1-5-0 (2020-11-16)";"doi.org/10.14281/18241.1";2018;410;"KOR";732;"ROK";410070580;20180107;201712;201801;15.54;16.32;38;1;410041;410007;8;5;2;1;580;2390;"ko";1;1;1.0;0.8032128514056225;41453.815261044176;1;1;2;1;1;2;1;2;1;1;2;2;2;1;2;2;1;1;2;1;2;1;2;1;2;2;3;2;3;3;3;3;3;3;2;1;3;3;3;3;2;2;3;3;2;2;2;3;2;2;7;5;5;4;4;4;1;4;3;1;1;1;1;2;2;2;3;2;2;3;2;2;3;3;4;2;2;2;2;2;2;2;1;1;2;2;2;2;2;2;2;1;1;6;3;1;2;2;1;0;0;0;0;0;0;0;0;0;1;5;6;5;5;6;1;3;1;3;1;2;3;2;3;7;3;2;0;1;1;1;0;0;1;1;2;2;2;4;4;4;2;2;1;1;2;2;2;2;2;2;3;3;1;2;2;2;1;2;1;3;2;6;8;8;4;8;8;8;1;1;1;1;2;2;1;1;1;1;1;6;2;2;1;1;2;3;1;4;5;3;1;4;1;1;1;1;1;1;3;3;3;3;2;2;5;1;5;1;5;1;4;1;1;2;2;2;2;2;2;2;1;2;2;2;4;4;-2;-2;-2;2;4;4;4;2;3;4;3;2;3;2;2;2;3;2;3;3;6;5;8;9;9;8;8;7;7;9;6;6;2;2;1;1;1;2;2;2;1999;18;1;1;1;1;1;410;410;410;1;3;2;2390;6;0;3;2;-3;-3;5;3;6;3;6;-3;-3;-3;3;-3;2;2;3;6;2;2;20000000;410004;3;2;0;0.47;0.3866666666666667;0.3175;0.4700000000000001;1.0;0.33;0.66;0.6633333333333334;0.33;0.0;0.0;0.11;1.0;0.0;1.0;0.6666666666666666;0.33;0.33;0.66;0.44;0.0;0.0;0.0;0.0;0.5;0.66;0.66;0.6066666666666668;0.2222222222222222;0.3333333333333333;0.4444444444444444;0.3333333333333333;0.66;0.0;0.33;0.33;1.0;1.0;1.0;1.0;1.0;1.0;1.0;1.0;1.0;1.0;1.0;1.0;0;1;0;1;1;5;6;5;6;5;5;3;3;3;3;3;6;3;7;7;6;-3;-3;2;500;35000;0;-3;5;1;-3;-3;-3;8;1;1;2;4;5;6;3;3;2;4;2;8;3;2;1;2;7;2;5;-3
"1-5-0 (2020-11-16)";"doi.org/10.14281/18241.1";2018;410;"KOR";732;"ROK";410070581;20180107;201712;201801;15.57;16.2;23;1;410048;410014;6;3;4;1;581;2390;"ko";3;1;1.0;0.8032128514056225;41453.815261044176;1;2;2;2;1;2;1;2;1;1;2;1;1;2;2;2;2;1;2;1;2;1;2;1;1;2;2;1;2;2;2;3;2;1;2;1;3;3;4;3;2;2;3;4;2;2;2;3;2;2;7;7;7;4;4;4;4;4;1;1;2;2;3;3;3;3;2;2;2;3;3;3;3;3;2;2;3;3;3;3;2;3;3;3;2;2;2;2;2;2;2;2;2;8;3;3;2;0;0;0;0;0;0;0;0;0;0;0;0;7;4;5;6;8;2;4;4;3;4;3;4;2;3;4;4;2;2;0;1;0;1;2;1;2;2;4;4;4;4;4;4;4;1;2;2;4;4;2;2;4;4;4;1;2;2;2;1;1;3;1;2;7;3;6;7;4;9;5;1;1;1;1;3;4;6;8;2;1;1;4;3;3;2;3;2;4;5;5;5;7;1;5;4;6;5;3;7;6;7;2;4;4;3;3;3;1;1;1;1;1;1;2;3;3;3;3;3;3;3;3;2;3;3;3;1;1;410002;410002;410002;2;3;3;3;4;2;3;4;2;3;2;4;4;4;3;4;4;8;3;8;6;3;5;3;4;5;4;7;7;2;4;1;1;1;2;2;2;1991;26;2;1;1;1;1;410;410;410;1;4;2;2390;6;0;6;3;-3;-3;3;2;3;2;1;-3;5;-3;6;2;2;2;3;5;2;0;100000020;410004;1;1;0;0.7619444444444445;0.7488888888888889;0.26101851851851854;0.3553703703703704;1.0;1.0;0.33;0.7766666666666667;0.33;1.0;0.8333333333333334;0.7211111111111111;1.0;1.0;1.0;1.0;0.33;0.66;0.66;0.55;0.0;0.0;1.0;0.3333333333333333;0.25;0.33;0.33;0.3033333333333334;0.3333333333333333;0.4444444444444444;0.4444444444444444;0.4074074074074074;0.0;0.0;0.0;0.0;1.0;1.0;1.0;1.0;1.0;1.0;1.0;1.0;1.0;1.0;1.0;1.0;0;0;0;0;1;8;7;7;6;6;5;4;3;7;5;4;8;5;8;3;7;1;2;3;500;35000;0;8;5;1;7;7;8;7;7;1;2;5;4;6;4;3;5;4;4;7;3;3;2;3;6;3;4;-3
"1-5-0 (2020-11-16)";"doi.org/10.14281/18241.1";2018;410;"KOR";732;"ROK";410070582;20180107;201712;201801;15.59;16.21;22;1;410044;410010;6;3;4;1;582;2390;"ko";3;1;1.0;0.8032128514056225;41453.815261044176;1;1;1;3;1;3;1;2;1;1;2;1;1;2;2;2;2;1;2;1;2;2;2;2;2;2;2;2;2;3;3;3;3;3;2;1;3;3;4;3;2;3;3;3;2;1;1;3;2;2;8;8;5;4;4;4;4;4;1;1;1;1;2;2;2;2;2;3;3;3;2;2;2;2;3;3;2;2;2;2;2;2;2;2;2;2;2;2;3;2;2;2;2;5;3;3;2;2;2;2;2;2;2;2;2;2;2;2;2;7;5;6;2;5;1;8;3;2;2;3;2;2;4;7;3;1;1;1;1;1;1;1;1;3;2;4;4;4;4;4;4;4;1;1;2;2;2;2;2;3;3;3;1;2;1;1;3;3;1;1;3;7;8;7;8;7;7;4;2;2;2;2;3;3;7;8;3;2;2;7;1;1;1;1;1;1;1;5;6;6;1;5;1;1;1;2;1;2;4;4;4;3;3;2;3;1;4;1;2;1;2;2;2;2;2;2;2;2;2;2;2;2;2;2;1;1;410002;410002;410002;3;3;2;3;2;3;2;2;2;2;1;3;3;3;3;3;5;7;4;4;8;6;5;8;5;9;9;8;8;2;2;2;1;1;2;2;1;1951;66;6;3;1;1;1;410;410;410;1;2;1;2390;1;4;3;2;3;2;1;1;1;1;1;5;8;-5;9;2;1;2;3;3;1;0;100000020;410004;2;1;0;0.47;0.72;0.35333333333333333;0.41500000000000004;1.0;0.33;0.33;0.5533333333333333;0.66;1.0;1.0;0.8866666666666667;0.0;0.0;0.0;0.0;0.66;0.33;0.33;0.44;0.0;0.0;1.0;0.3333333333333333;0.5;0.33;0.66;0.49666666666666676;0.0;0.4444444444444444;0.5555555555555556;0.3333333333333333;0.0;0.5;0.25;0.25;1.0;1.0;1.0;1.0;1.0;1.0;1.0;1.0;1.0;1.0;1.0;1.0;1;0;0;0;1;8;7;7;7;7;6;4;4;4;4;5;7;5;5;5;7;2;4;3;250;20000;0;8;3;1;8;8;6;7;7;1;1;5;5;6;4;4;3;3;3;1;2;3;2;2;7;5;5;4
"1-5-0 (2020-11-16)";"doi.org/10.14281/18241.1";2018;410;"KOR";732;"ROK";410070583;20180107;201712;201801;16.01;16.39;38;1;410041;410007;8;5;2;1;583;2390;"ko";3;1;1.0;0.8032128514056225;41453.815261044176;2;2;2;2;2;3;2;1;1;1;2;1;2;1;2;2;2;1;2;1;2;1;2;1;2;2;2;2;3;3;2;3;3;3;2;1;4;2;4;2;2;3;2;4;2;2;2;3;3;2;7;6;3;4;4;4;4;4;1;2;2;2;2;3;3;3;3;3;2;2;3;2;2;2;3;3;2;2;2;2;3;2;2;2;2;2;3;3;2;2;2;3;2;7;3;1;2;0;0;0;0;0;0;0;0;0;1;0;0;7;7;4;3;7;2;7;2;2;3;2;2;2;4;7;4;2;1;2;1;1;0;0;1;2;2;3;3;3;3;3;3;3;2;2;2;2;3;2;2;3;3;3;1;1;2;3;1;1;3;1;2;7;6;5;6;7;6;3;2;2;2;2;3;3;7;8;3;2;2;5;3;4;2;2;2;3;4;5;7;7;3;4;2;3;3;2;4;4;8;2;2;2;3;2;5;2;3;1;5;1;2;1;3;3;2;3;2;1;2;2;2;1;2;3;2;2;410002;410002;410002;2;3;3;3;2;2;3;3;2;2;1;2;2;3;2;3;3;7;3;9;7;3;9;8;8;8;9;7;7;2;3;3;3;3;3;3;2;1972;45;4;2;1;1;1;410;410;410;1;3;2;2390;6;0;5;3;-3;-3;2;1;2;1;1;-3;5;-3;6;2;1;2;3;3;1;0;100000020;410004;2;1;2;0.7475;0.7750000000000001;0.5544444444444444;0.5255555555555557;1.0;0.66;0.33;0.6633333333333334;0.66;1.0;1.0;0.8866666666666667;1.0;1.0;1.0;1.0;0.66;0.33;0.33;0.44;1.0;0.0;1.0;0.6666666666666666;0.5;0.66;0.66;0.6066666666666668;0.2222222222222222;0.4444444444444444;0.6666666666666666;0.4444444444444445;0.0;1.0;0.5;0.5;1.0;1.0;1.0;1.0;1.0;1.0;1.0;1.0;1.0;1.0;1.0;1.0;1;0;0;0;1;5;3;3;4;3;3;2;3;3;3;4;7;3;5;6;7;2;3;3;250;25000;0;5;3;2;4;5;4;7;3;1;2;3;4;7;1;2;2;4;2;1;2;3;2;2;7;2;2;-3
"1-5-0 (2020-11-16)";"doi.org/10.14281/18241.1";2018;410;"KOR";732;"ROK";410070584;20180107;201712;201801;16.03;16.28;25;1;410028;410004;8;5;2;1;584;2390;"ko";2;1;1.0;0.8032128514056225;41453.815261044176;1;2;2;2;3;3;1;1;1;2;1;2;1;2;2;2;2;1;1;1;2;1;2;1;2;2;3;2;2;3;3;3;3;3;3;3;3;3;4;3;3;4;3;3;2;3;2;3;3;3;6;7;3;4;4;4;4;4;1;2;2;2;2;3;3;3;3;2;3;3;3;2;2;2;3;3;2;2;2;3;3;2;2;2;3;3;2;3;3;3;3;2;3;6;1;1;2;0;0;0;0;0;0;0;0;0;0;0;0;4;4;3;3;4;1;7;2;3;3;3;3;3;2;7;2;0;0;0;0;1;0;1;0;3;2;2;2;3;3;3;3;2;2;2;2;3;3;2;2;2;3;3;1;2;2;1;3;1;2;1;2;7;7;7;7;7;8;8;2;2;2;2;3;3;7;8;3;2;2;4;2;2;2;3;2;3;3;2;2;2;2;3;4;3;3;3;4;4;6;3;3;3;3;2;2;1;5;5;5;5;5;2;3;3;3;3;3;3;3;3;3;3;3;3;1;1;410001;410001;410001;3;3;2;3;2;2;2;2;2;2;2;4;4;4;3;3;6;7;7;7;6;7;6;7;3;7;7;7;6;3;3;2;2;2;3;3;1;1948;69;6;3;1;1;1;410;410;410;1;2;1;2390;1;2;2;1;1;1;0;1;1;1;1;2;6;5;9;2;1;2;3;3;1;0;100000020;410004;3;2;1;0.7475;0.8300000000000001;0.5149537037037037;0.3224074074074075;1.0;0.66;0.66;0.7733333333333334;0.66;1.0;1.0;0.8866666666666667;1.0;1.0;1.0;1.0;0.33;0.33;0.33;0.33;1.0;1.0;1.0;1.0;0.5;0.33;0.66;0.49666666666666676;0.2222222222222222;0.1111111111111111;0.1111111111111111;0.14814814814814814;0.33;0.5;0.41500000000000004;0.41500000000000004;1.0;1.0;1.0;1.0;1.0;1.0;1.0;1.0;1.0;1.0;1.0;1.0;1;0;1;0;1;5;7;7;6;4;3;3;3;3;3;3;6;3;5;3;7;4;2;3;150;15000;0;7;3;1;7;7;6;7;3;1;1;3;3;4;4;3;3;3;3;2;2;2;3;3;4;4;3;4
"1-5-0 (2020-11-16)";"doi.org/10.14281/18241.1";2018;410;"KOR";732;"ROK";410070585;20180107;201712;201801;16.05;16.36;31;1;410011;410001;8;5;1;1;585;2390;"ko";2;1;1.0;0.8032128514056225;41453.815261044176;1;3;2;3;4;4;1;1;2;1;1;2;2;2;2;1;2;1;2;1;1;1;2;1;2;2;3;2;4;4;4;4;5;2;1;1;5;2;5;3;2;2;3;2;2;3;3;3;2;2;7;8;8;4;4;4;4;4;3;1;2;2;2;3;2;2;2;3;2;2;2;3;2;2;4;4;2;2;2;4;2;2;2;2;2;2;2;2;2;2;3;2;2;7;3;3;2;0;0;0;0;0;0;0;0;0;0;0;0;7;7;8;4;7;2;6;2;4;2;2;2;2;4;6;4;2;2;2;0;2;0;0;2;3;3;3;4;3;3;4;3;3;1;1;2;1;4;2;1;2;2;4;1;1;1;1;2;3;1;1;3;7;7;5;4;3;9;2;2;2;2;2;3;3;7;7;2;2;2;4;3;2;1;3;3;1;1;7;8;7;3;9;2;5;4;2;1;2;8;2;3;3;3;2;4;1;3;1;2;1;3;2;2;2;2;2;2;2;2;2;1;2;2;2;1;1;410002;410002;410002;2;3;2;3;2;2;3;4;1;2;1;3;3;4;1;3;3;5;1;10;7;3;7;5;4;10;10;7;6;2;3;2;2;2;3;3;2;1961;56;5;3;1;1;1;410;410;410;1;4;1;2390;1;2;6;3;6;3;0;1;2;1;5;1;-3;3;-5;-3;2;1;3;6;2;0;100000020;410004;1;1;1;0.8308333333333333;0.8866666666666667;0.6203703703703703;0.7407407407407407;1.0;0.66;0.66;0.7733333333333334;1.0;1.0;1.0;1.0;1.0;1.0;1.0;1.0;0.66;0.66;0.33;0.5499999999999999;1.0;1.0;1.0;1.0;1.0;1.0;1.0;1.0;0.0;0.6666666666666666;0.7777777777777778;0.48148148148148145;0.0;0.0;0.0;0.0;1.0;1.0;1.0;1.0;1.0;1.0;1.0;1.0;1.0;1.0;1.0;1.0;0;0;0;0;1;7;5;5;6;3;4;4;4;7;5;5;8;6;3;8;4;-3;-3;3;550;120000;0;-3;6;1;-3;-3;-3;8;7;1;2;4;5;7;1;7;3;6;2;1;2;1;1;3;7;1;6;1
"1-5-0 (2020-11-16)";"doi.org/10.14281/18241.1";2018;410;"KOR";732;"ROK";410070586;20180107;201712;201801;16.06;16.42;37;1;410048;410014;7;4;3;1;586;2390;"ko";2;1;1.0;0.8032128514056225;41453.815261044176;1;2;2;2;2;3;1;1;1;1;2;1;2;2;2;2;2;1;2;1;1;1;2;1;2;2;2;2;2;3;3;2;2;1;2;1;2;1;4;2;2;2;2;3;2;2;1;3;2;2;7;7;7;4;4;4;3;4;1;1;2;2;2;3;2;3;2;2;3;3;3;3;2;2;3;3;2;2;2;2;2;3;3;3;2;2;2;2;2;2;3;2;3;6;3;1;2;1;1;0;0;0;0;0;0;0;1;0;0;7;5;4;5;6;1;6;2;2;2;2;2;2;3;6;2;0;0;2;0;0;0;0;2;2;3;3;2;3;4;4;3;3;2;2;2;2;2;2;2;2;3;3;1;1;1;2;3;3;1;4;2;7;7;4;4;2;8;6;1;2;2;2;3;3;6;7;2;2;2;7;3;2;1;1;1;6;1;4;6;3;1;3;1;1;1;1;1;1;4;3;4;4;2;1;2;1;3;1;4;4;5;2;2;3;3;3;3;3;3;3;3;3;3;3;1;1;410002;410002;410002;2;3;3;3;2;2;3;3;2;2;2;3;3;4;2;4;7;7;2;8;6;1;8;7;1;7;7;7;8;2;2;2;2;2;2;2;1;1967;50;4;3;1;1;1;410;410;410;1;4;1;2390;1;2;3;2;3;2;2;1;2;1;1;1;5;5;6;2;1;2;5;5;2;0;100000020;410004;2;1;1;0.5394444444444445;0.6922222222222223;0.45287037037037037;0.44740740740740736;1.0;0.33;0.33;0.5533333333333333;0.66;1.0;0.8333333333333334;0.8311111111111112;1.0;0.0;0.0;0.3333333333333333;0.33;0.66;0.33;0.44;1.0;0.0;1.0;0.6666666666666666;0.25;0.33;0.66;0.41333333333333333;0.5555555555555556;0.3333333333333333;0.5555555555555556;0.48148148148148145;0.0;0.5;0.25;0.25;1.0;1.0;1.0;1.0;1.0;1.0;1.0;1.0;1.0;1.0;1.0;1.0;1;0;0;0;1;6;6;6;6;5;5;5;5;6;6;6;7;7;6;6;6;1;6;5;550;25000;5000;7;5;1;7;7;6;7;5;1;1;6;6;7;5;5;6;5;2;1;3;2;2;3;7;5;5;4
"1-5-0 (2020-11-16)";"doi.org/10.14281/18241.1";2018;410;"KOR";732;"ROK";410070587;20180107;201712;201801;16.07;16.31;23;1;410011;410001;8;5;1;1;587;2390;"ko";2;1;1.0;0.8032128514056225;41453.815261044176;1;2;2;3;2;3;1;2;2;1;1;1;2;2;2;2;1;1;2;1;2;1;2;1;2;2;2;3;2;3;3;2;3;3;2;1;3;3;4;2;2;2;3;3;2;2;1;3;2;1;8;5;3;4;4;4;4;4;1;2;1;2;2;3;2;2;3;3;3;3;3;4;4;3;3;4;3;2;3;3;3;2;3;2;2;2;2;1;1;2;2;1;2;5;3;1;2;0;0;0;0;0;0;0;0;0;0;0;0;7;7;4;5;7;2;8;2;3;3;4;3;1;2;6;3;2;2;1;0;1;2;2;2;3;2;4;4;4;4;4;3;4;1;2;2;2;2;2;2;2;1;2;2;2;1;2;3;2;1;2;3;7;8;7;7;6;8;5;2;2;2;2;3;3;7;8;3;2;1;7;5;3;1;3;2;4;2;2;5;5;3;3;1;1;2;2;1;2;4;2;3;3;3;2;5;2;5;1;5;3;3;3;2;3;2;3;2;3;3;3;3;3;3;3;3;1;410002;410002;410002;2;3;3;2;2;2;3;4;2;2;1;3;3;3;2;2;2;8;6;8;8;6;8;7;7;7;9;7;6;2;2;2;2;2;3;3;1;1992;25;2;1;1;1;1;410;410;410;1;4;1;2390;6;0;5;3;-3;-3;3;2;3;2;1;-3;3;-3;4;2;1;2;5;3;1;0;100000020;410004;4;2;-1;0.8316666666666667;0.72;0.4265740740740741;0.39648148148148155;1.0;0.33;0.33;0.5533333333333333;0.66;1.0;1.0;0.8866666666666667;1.0;1.0;1.0;1.0;0.66;1.0;1.0;0.8866666666666667;0.0;1.0;0.0;0.3333333333333333;0.5;0.33;0.66;0.49666666666666676;0.3333333333333333;0.1111111111111111;0.4444444444444444;0.2962962962962963;0.66;0.5;0.5800000000000001;0.5800000000000001;1.0;1.0;1.0;1.0;1.0;1.0;1.0;1.0;1.0;1.0;1.0;1.0;1;1;0;1;1;5;5;6;5;4;5;4;3;3;3;4;5;3;4;6;7;1;3;3;180;3000;2000;6;3;3;7;6;6;8;3;1;2;5;4;7;4;6;5;4;2;1;2;3;2;2;7;3;6;-3
"1-5-0 (2020-11-16)";"doi.org/10.14281/18241.1";2018;410;"KOR";732;"ROK";410070588;20180107;201712;201801;16.08;16.36;29;1;410048;410014;7;4;3;1;588;2390;"ko";3;1;1.0;0.8032128514056225;41453.815261044176;1;2;2;2;1;3;2;1;1;1;2;1;2;1;2;2;2;1;2;1;2;2;2;1;2;2;3;2;2;2;2;2;2;1;1;1;3;3;4;2;2;1;2;2;2;2;2;2;3;2;5;6;4;4;4;4;4;4;3;2;2;2;2;4;3;4;2;3;2;2;3;3;2;2;3;3;2;2;2;3;2;2;2;3;2;2;2;2;2;2;2;2;2;9;3;1;2;0;0;0;0;0;0;0;0;0;2;0;0;7;6;7;6;8;1;5;2;2;2;2;2;1;4;7;2;2;0;2;1;1;2;1;2;2;2;4;3;3;3;4;3;3;1;2;2;1;1;2;2;2;2;2;1;1;1;1;2;3;1;1;2;8;8;5;5;2;8;2;2;2;2;2;3;4;7;8;3;1;1;6;1;1;1;1;1;1;3;6;8;5;1;8;1;1;1;1;1;1;5;2;4;4;2;2;5;1;2;2;5;1;5;1;2;2;2;2;2;2;2;2;2;2;2;2;1;1;410001;410001;410001;1;3;2;3;3;2;2;4;2;1;1;3;3;4;1;4;8;7;1;10;8;1;9;3;3;10;9;7;6;2;3;1;2;2;4;4;1;1970;47;4;2;1;1;1;410;410;410;1;4;1;2390;1;2;5;3;3;2;1;1;1;1;1;1;6;5;9;2;1;2;3;4;2;0;100000020;410004;1;1;2;0.5108333333333334;0.7466666666666668;0.3536111111111111;0.37388888888888894;0.5;0.66;0.66;0.6066666666666668;0.66;1.0;1.0;0.8866666666666667;0.0;0.0;0.0;0.0;0.66;0.66;0.33;0.5499999999999999;1.0;0.0;1.0;0.6666666666666666;0.25;0.33;0.33;0.3033333333333334;0.0;0.5555555555555556;0.7777777777777778;0.4444444444444445;0.0;0.0;0.0;0.0;1.0;1.0;1.0;1.0;1.0;1.0;1.0;1.0;1.0;1.0;1.0;1.0;0;0;0;0;1;4;6;5;6;2;4;2;2;3;3;3;5;3;8;4;6;1;6;3;450;35000;3500;5;3;1;6;6;5;7;3;2;1;4;3;5;5;4;4;3;2;2;1;3;1;4;5;5;4;4
"1-5-0 (2020-11-16)";"doi.org/10.14281/18241.1";2018;410;"KOR";732;"ROK";410070589;20180107;201712;201801;16.11;16.46;35;1;410028;410004;8;5;2;1;589;2390;"ko";3;1;1.0;0.8032128514056225;41453.815261044176;1;1;2;2;1;2;2;1;2;1;1;2;1;2;2;1;2;1;1;1;1;2;2;1;2;2;2;3;2;3;3;3;2;1;1;1;3;3;2;2;3;2;2;2;3;3;1;3;3;2;7;4;6;4;4;4;4;4;1;1;1;2;2;3;2;3;2;3;3;3;3;2;2;3;3;4;3;2;2;2;2;3;3;2;2;2;3;3;2;2;2;3;2;5;3;1;2;0;0;0;0;0;0;0;0;0;0;0;0;9;4;7;3;4;2;7;2;3;3;4;4;3;3;5;3;2;1;2;1;2;2;1;2;3;2;4;4;4;4;4;4;4;1;1;2;1;2;2;2;3;3;2;1;2;1;3;2;1;3;1;4;7;6;4;4;7;6;6;2;2;2;2;3;3;6;8;3;2;2;5;3;3;2;2;3;2;2;4;5;5;2;5;1;4;2;2;2;3;5;3;3;4;3;2;5;1;5;1;5;1;5;5;1;2;2;2;3;3;3;3;2;3;3;3;3;2;410002;410002;410002;2;3;2;2;2;2;3;2;2;3;2;2;3;3;2;4;3;5;4;9;6;5;7;4;3;5;8;7;6;2;2;1;1;1;2;3;1;1991;26;2;1;2;1;1;-2;410;410;1;4;2;2390;6;0;5;3;-3;-3;3;2;3;2;7;-3;-3;-3;3;-3;2;2;3;4;2;0;100000020;-5;1;1;1;0.6786111111111112;0.6372222222222222;0.5524074074074075;0.3548148148148148;1.0;0.33;0.33;0.5533333333333333;0.33;1.0;0.8333333333333334;0.7211111111111111;1.0;1.0;1.0;1.0;0.66;0.33;0.33;0.44;1.0;1.0;1.0;1.0;0.25;0.33;0.66;0.41333333333333333;0.1111111111111111;0.3333333333333333;0.4444444444444444;0.2962962962962963;0.0;1.0;0.5;0.5;1.0;1.0;1.0;1.0;1.0;1.0;1.0;1.0;1.0;1.0;1.0;1.0;1;0;0;0;0;4;5;7;7;3;3;4;4;5;7;6;7;7;4;7;6;-3;-3;2;400;35000;5000;-3;4;1;-3;-3;-3;5;1;1;2;3;5;5;3;4;3;4;3;1;2;3;2;2;8;2;5;-3
"1-5-0 (2020-11-16)";"doi.org/10.14281/18241.1";2018;410;"KOR";732;"ROK";410070590;20180107;201712;201801;16.13;17.34;81;1;410031;410020;8;5;2;1;590;2390;"ko";2;1;1.0;0.8032128514056225;41453.815261044176;1;1;2;2;1;3;1;1;1;1;2;2;2;1;2;2;2;1;2;1;2;1;2;1;2;2;3;2;1;4;1;2;2;1;3;3;2;1;4;2;2;2;2;3;1;1;2;3;3;2;7;4;4;4;4;4;4;4;3;1;1;2;2;2;2;3;4;3;2;2;4;3;2;3;4;4;3;2;3;4;3;2;2;3;4;4;2;3;4;4;3;2;3;5;3;1;2;0;1;0;1;0;0;0;0;0;2;0;0;9;7;4;6;8;1;8;3;3;3;2;2;1;2;4;4;1;2;2;0;1;0;2;2;3;3;3;3;4;4;4;2;4;2;2;2;2;3;2;2;2;3;3;2;1;1;1;2;3;2;1;3;5;7;4;4;5;8;7;1;2;2;2;4;4;5;6;2;1;2;7;2;4;1;5;4;5;5;6;5;5;4;9;1;6;1;7;5;7;6;2;4;4;2;2;2;1;2;1;3;1;2;1;1;2;3;3;2;1;3;2;1;2;2;3;3;2;410001;410001;410001;2;3;3;3;2;3;2;3;2;3;2;1;2;3;2;4;8;8;5;7;5;7;7;7;6;6;8;8;8;2;2;1;1;2;2;3;1;1967;50;4;3;1;1;1;410;410;410;1;4;1;2390;1;2;3;2;3;2;1;1;2;1;1;1;7;4;9;2;1;2;5;4;2;0;100000020;410004;2;2;2;0.7472222222222222;0.7194444444444446;0.43245370370370373;0.44907407407407407;1.0;0.33;0.66;0.6633333333333334;0.66;1.0;0.6666666666666666;0.7755555555555556;1.0;1.0;1.0;1.0;0.66;0.66;0.33;0.5499999999999999;1.0;0.0;1.0;0.6666666666666666;0.25;0.0;1.0;0.4166666666666667;0.4444444444444444;0.5555555555555556;0.4444444444444444;0.48148148148148145;0.33;0.0;0.165;0.165;1.0;1.0;1.0;1.0;1.0;1.0;1.0;1.0;1.0;1.0;1.0;1.0;0;0;1;0;1;5;4;4;5;5;4;5;4;6;4;3;5;3;5;7;6;1;6;5;500;23000;3000;6;5;1;6;5;5;4;4;1;1;4;4;5;7;2;3;4;2;2;2;2;3;4;4;8;2;4
"1-5-0 (2020-11-16)";"doi.org/10.14281/18241.1";2018;410;"KOR";732;"ROK";410070591;20180107;201712;201801;16.14;17.22;68;1;410011;410001;8;5;1;1;591;2390;"ko";2;1;1.0;0.8032128514056225;41453.815261044176;2;1;2;1;2;1;1;2;1;2;2;1;1;1;2;2;2;2;2;2;1;1;1;2;2;2;2;2;1;2;1;2;2;1;1;1;2;1;2;1;2;2;1;2;1;2;2;2;2;1;8;8;9;4;4;4;4;4;1;2;2;3;2;4;3;3;3;3;3;2;3;3;2;3;3;3;2;2;2;3;2;2;3;2;3;3;2;3;2;3;2;3;2;8;2;2;2;0;0;0;0;0;0;0;0;0;0;0;0;7;7;8;7;8;1;6;1;2;1;2;2;2;3;8;4;2;2;2;1;0;2;1;2;2;2;3;3;4;3;3;3;4;1;1;2;3;3;2;2;3;4;3;1;2;1;1;3;1;2;2;3;7;8;8;7;7;8;5;2;2;2;2;3;3;7;8;3;2;2;3;1;1;1;1;1;1;1;1;6;7;2;3;1;1;1;1;1;1;1;2;4;4;4;2;4;1;4;1;3;3;3;2;2;3;2;3;3;2;3;3;3;3;3;3;1;1;410001;410001;410001;2;1;2;3;2;2;1;2;2;2;2;2;1;2;1;2;6;7;7;8;8;8;7;7;8;7;8;8;8;1;2;2;1;2;2;2;2;1989;28;2;1;1;1;1;410;410;410;1;3;2;2390;6;0;6;3;-3;-3;3;2;3;2;1;-3;3;-3;6;1;2;2;3;7;2;0;100000020;410004;4;2;1;0.40083333333333326;0.5266666666666666;0.281712962962963;0.1892592592592593;0.5;0.33;0.33;0.3866666666666667;0.0;1.0;1.0;0.6666666666666666;0.0;0.0;0.0;0.0;0.66;0.66;0.33;0.5499999999999999;0.0;0.0;1.0;0.3333333333333333;0.25;0.0;0.33;0.19333333333333336;0.0;0.0;0.5555555555555556;0.1851851851851852;0.33;0.5;0.41500000000000004;0.41500000000000004;1.0;1.0;1.0;1.0;1.0;1.0;1.0;1.0;1.0;1.0;1.0;1.0;1;0;1;1;1;8;6;7;7;7;7;7;8;8;7;8;9;7;8;7;8;1;5;2;500;35000;0;9;7;1;9;9;8;8;9;1;1;7;5;7;6;6;5;5;2;1;2;1;2;2;9;8;7;-3
"1-5-0 (2020-11-16)";"doi.org/10.14281/18241.1";2018;410;"KOR";732;"ROK";410070592;20180107;201712;201801;-5.0;-5.0;-5;1;410026;410002;8;5;2;1;592;2390;"ko";2;1;1.0;0.8032128514056225;41453.815261044176;1;2;2;2;1;3;2;1;1;1;1;2;1;2;2;2;2;2;2;1;2;1;2;1;2;2;2;3;1;1;2;2;3;3;3;3;4;2;3;2;2;3;3;2;2;3;1;2;2;2;8;7;7;3;4;4;4;4;1;2;1;2;3;3;4;3;3;2;2;2;3;2;3;3;3;3;3;3;2;3;2;2;2;3;3;3;2;2;3;2;2;2;3;7;3;1;2;0;0;0;0;0;0;0;0;0;0;0;0;7;6;7;4;5;1;4;2;2;2;3;2;2;3;7;3;2;2;2;1;1;1;1;2;2;2;4;3;4;4;4;3;4;1;1;2;2;2;2;2;2;3;3;1;1;1;1;2;2;4;1;2;7;8;7;8;7;8;5;2;2;2;2;3;3;6;7;3;2;2;6;7;3;5;4;5;4;3;4;5;4;5;4;6;3;3;3;4;4;3;2;2;3;2;2;1;1;3;1;3;1;3;2;2;2;2;3;2;2;3;2;2;2;1;1;1;1;410002;410002;410002;2;1;1;2;2;2;1;1;1;2;2;1;2;2;1;4;3;7;8;8;8;7;8;8;8;7;8;8;7;2;2;2;2;2;3;3;1;1972;45;4;2;1;1;1;410;410;410;1;4;1;2390;1;2;6;3;6;3;2;1;3;2;1;1;4;3;3;2;1;1;2;7;2;0;100000020;410004;3;3;1;0.6644444444444445;0.608888888888889;0.5092592592592593;0.2685185185185185;0.5;0.33;0.33;0.3866666666666667;0.66;1.0;0.8333333333333334;0.8311111111111112;1.0;1.0;1.0;1.0;0.33;0.33;0.66;0.44;1.0;1.0;1.0;1.0;0.5;0.0;0.0;0.16666666666666666;0.3333333333333333;0.3333333333333333;0.4444444444444444;0.3703703703703703;1.0;0.0;0.5;0.5;1.0;1.0;1.0;1.0;1.0;1.0;1.0;1.0;1.0;1.0;1.0;1.0;0;1;1;0;1;8;7;8;6;3;7;7;6;7;6;7;8;4;7;7;6;1;8;2;500;42000;2500;7;6;1;9;8;7;8;6;1;1;6;7;9;8;7;6;6;2;1;2;2;3;3;9;8;6;4
"1-5-0 (2020-11-16)";"doi.org/10.14281/18241.1";2018;410;"KOR";732;"ROK";410070593;20180107;201712;201801;16.26;16.46;20;1;410044;410010;6;3;4;1;593;2390;"ko";3;1;1.0;0.8032128514056225;41453.815261044176;1;1;2;2;1;3;1;1;1;1;2;2;2;1;2;2;2;1;2;1;2;2;2;1;2;2;2;2;2;3;2;2;2;1;3;3;3;3;2;3;3;3;2;3;2;1;1;3;2;2;8;8;8;4;4;4;4;4;1;1;1;1;2;2;3;3;3;2;3;3;2;2;2;3;3;3;2;2;3;3;2;3;3;3;2;2;2;2;2;2;2;2;2;6;3;3;2;2;2;2;2;2;2;2;2;2;2;2;2;7;4;7;2;7;1;6;2;2;2;2;2;2;3;6;3;1;1;1;1;1;1;1;1;3;2;4;4;4;4;4;4;4;1;1;2;2;2;2;2;3;3;3;1;2;1;2;1;2;3;1;3;6;7;8;6;7;7;5;2;2;2;2;4;4;7;8;3;1;2;6;2;1;1;2;1;3;1;5;5;7;1;5;1;1;1;2;1;2;4;4;3;2;3;2;3;1;5;1;2;1;2;2;2;2;2;2;2;2;2;2;2;2;2;2;1;1;410002;410002;410002;2;3;3;2;2;3;2;2;3;3;2;2;3;3;3;4;5;7;5;8;7;7;6;8;7;8;8;8;6;2;2;2;2;2;2;2;1;1988;29;2;1;1;1;1;410;410;410;1;4;2;2390;6;0;6;3;-3;-3;3;2;6;3;1;-3;4;-3;6;2;2;2;3;5;2;0;100000020;410004;2;2;2;0.5258333333333333;0.72;0.4450925925925926;0.3918518518518519;1.0;0.33;0.33;0.5533333333333333;0.66;1.0;1.0;0.8866666666666667;0.0;1.0;0.0;0.3333333333333333;0.33;0.33;0.33;0.33;1.0;0.0;1.0;0.6666666666666666;0.25;0.33;0.66;0.41333333333333333;0.2222222222222222;0.4444444444444444;0.4444444444444444;0.3703703703703704;0.66;0.0;0.33;0.33;1.0;1.0;1.0;1.0;1.0;1.0;1.0;1.0;1.0;1.0;1.0;1.0;0;1;0;0;1;8;7;7;7;6;5;5;4;4;6;7;8;6;7;5;6;1;7;2;600;50000;0;8;5;1;8;8;8;7;7;1;1;3;3;5;3;3;3;3;2;1;2;3;2;2;6;4;3;-3
"1-5-0 (2020-11-16)";"doi.org/10.14281/18241.1";2018;410;"KOR";732;"ROK";410070594;20180107;201712;201801;16.29;17.05;36;1;410047;410013;7;4;3;1;594;2390;"ko";3;1;1.0;0.8032128514056225;41453.815261044176;1;1;2;2;1;3;1;1;1;1;2;2;1;2;2;2;2;1;2;1;1;1;2;1;2;2;1;2;2;3;2;3;3;3;1;1;3;3;5;1;1;1;2;2;2;3;3;3;2;2;7;7;5;4;4;4;4;4;1;2;1;3;3;4;4;4;3;2;2;2;2;2;3;3;3;3;2;1;2;3;2;2;2;1;2;2;2;3;2;3;2;2;2;5;3;2;3;0;0;0;0;0;0;0;0;0;0;0;0;7;7;8;2;2;2;6;3;3;3;2;2;2;3;7;4;2;2;2;0;1;1;2;0;3;3;3;3;4;4;4;3;3;1;2;2;3;2;2;2;1;2;3;1;2;1;1;2;3;1;1;2;7;5;5;5;5;6;6;2;2;2;2;4;4;7;7;3;1;1;4;2;2;1;1;2;1;1;2;5;4;2;3;1;2;2;2;1;1;2;3;4;4;2;2;5;1;5;5;5;5;5;5;3;3;3;3;2;3;3;3;3;3;3;3;1;1;410001;410001;410001;2;3;3;2;2;2;1;4;1;2;1;4;4;4;2;4;7;7;2;5;7;3;8;8;3;8;10;7;7;2;1;1;1;1;3;3;1;1944;73;6;3;1;1;1;410;410;410;1;2;1;2390;1;4;1;1;1;1;0;1;0;1;1;2;5;5;9;2;1;2;5;1;1;0;100000020;410004;1;1;1;0.5816666666666667;0.61;0.33712962962962967;0.34092592592592597;1.0;0.0;0.0;0.3333333333333333;0.66;1.0;1.0;0.8866666666666667;1.0;0.0;1.0;0.6666666666666666;0.33;0.33;0.66;0.44;1.0;0.0;1.0;0.6666666666666666;0.5;0.33;0.66;0.49666666666666676;0.0;0.1111111111111111;0.4444444444444444;0.1851851851851852;0.0;0.0;0.0;0.0;1.0;1.0;1.0;1.0;1.0;1.0;1.0;1.0;1.0;1.0;1.0;1.0;0;0;0;0;1;7;5;5;5;2;4;3;3;2;3;4;7;4;6;5;3;4;2;5;160;8000;0;6;1;1;6;6;7;7;5;2;1;4;3;3;5;3;4;3;1;2;3;3;2;4;3;6;2;4
"1-5-0 (2020-11-16)";"doi.org/10.14281/18241.1";2018;410;"KOR";732;"ROK";410070595;20180107;201712;201801;16.32;16.52;20;1;410041;410007;8;5;2;1;595;2390;"ko";1;1;1.0;0.8032128514056225;41453.815261044176;1;2;2;2;2;3;1;1;2;1;1;2;2;1;2;2;2;1;2;1;2;1;2;2;2;2;2;2;3;3;3;2;3;3;2;1;3;3;4;3;4;2;2;2;2;2;1;1;2;2;6;7;7;4;4;4;4;4;1;2;1;2;2;4;4;4;3;2;2;2;2;2;2;3;2;3;2;2;2;2;2;2;2;2;3;3;3;2;3;2;2;3;2;6;2;1;1;0;0;0;0;0;0;0;0;0;0;0;0;9;7;7;5;4;1;9;3;3;2;3;3;3;2;7;3;2;1;0;0;0;0;2;2;3;2;4;4;4;4;4;4;4;1;1;2;1;1;2;2;1;2;2;1;2;2;2;1;3;1;1;2;8;7;8;7;5;7;6;1;2;2;2;3;3;7;8;3;2;2;5;1;1;1;1;1;2;1;3;3;5;1;5;1;1;1;1;1;1;1;2;2;4;2;2;2;1;2;1;5;1;5;1;3;3;3;3;3;3;3;3;3;3;3;3;1;1;410001;410001;410001;2;2;1;2;1;1;2;2;3;2;2;2;3;3;2;3;6;7;7;8;6;7;8;8;7;7;7;8;7;2;2;1;1;1;3;3;1;1960;57;5;3;1;1;1;410;410;410;1;3;1;2390;1;1;3;2;3;2;2;1;2;1;3;5;4;-5;9;3;1;1;3;5;2;0;100000020;410004;1;1;2;0.3591666666666667;0.5533333333333333;0.447962962962963;0.395925925925926;0.0;0.33;0.33;0.22;0.66;1.0;1.0;0.8866666666666667;0.0;0.0;0.0;0.0;0.33;0.33;0.33;0.33;1.0;1.0;1.0;1.0;0.5;0.66;0.66;0.6066666666666668;0.1111111111111111;0.2222222222222222;0.2222222222222222;0.1851851851851852;0.0;0.0;0.0;0.0;1.0;1.0;1.0;1.0;1.0;1.0;1.0;1.0;1.0;1.0;1.0;1.0;0;0;0;0;1;7;8;6;7;6;6;7;6;7;7;6;6;6;7;7;7;3;2;3;400;30000;500;8;5;1;8;7;10;9;6;1;1;4;4;7;7;4;4;4;3;2;3;2;2;3;7;7;4;4
"1-5-0 (2020-11-16)";"doi.org/10.14281/18241.1";2018;410;"KOR";732;"ROK";410070596;20180107;201712;201801;16.32;16.53;21;1;410048;410014;6;3;4;1;596;2390;"ko";3;1;1.0;0.8032128514056225;41453.815261044176;1;2;2;2;2;3;1;2;1;1;2;1;2;1;2;2;2;1;2;1;2;1;2;1;2;2;2;2;2;3;2;3;1;1;1;1;3;3;4;4;2;2;4;4;2;2;2;3;2;2;7;7;7;4;4;4;4;4;1;2;2;2;3;2;3;3;3;2;3;3;3;2;2;3;3;3;3;2;3;2;2;3;3;3;3;3;2;2;2;2;2;2;2;8;3;1;2;0;0;0;0;0;0;0;0;0;0;0;0;7;3;4;3;5;1;7;4;3;4;3;3;2;4;3;4;2;2;0;2;0;2;2;1;2;2;4;4;4;4;4;4;4;1;2;2;4;4;2;2;3;3;4;1;2;2;2;1;1;3;1;2;7;8;7;6;4;6;5;2;2;2;2;3;3;6;5;2;1;1;6;3;4;2;3;2;5;5;5;7;6;3;5;2;5;2;3;5;3;5;3;4;4;3;2;3;1;1;1;2;1;3;2;3;3;3;3;3;3;3;3;2;3;3;3;1;1;410002;410002;410002;2;3;2;2;3;3;3;3;2;2;2;3;4;3;4;4;4;3;2;6;6;3;4;3;3;5;7;7;7;2;2;1;1;1;2;2;2;1987;30;2;2;1;1;1;410;410;410;1;4;2;2390;1;2;6;3;6;3;3;2;3;2;1;1;3;3;4;2;2;2;5;5;2;7;70000000;410004;1;1;1;0.6786111111111112;0.6922222222222223;0.2954629629629629;0.4242592592592592;1.0;0.33;0.33;0.5533333333333333;0.66;1.0;0.8333333333333334;0.8311111111111112;1.0;1.0;1.0;1.0;0.33;0.33;0.33;0.33;0.0;0.0;1.0;0.3333333333333333;0.0;0.33;0.66;0.33;0.4444444444444444;0.4444444444444444;0.6666666666666666;0.5185185185185185;0.0;0.0;0.0;0.0;1.0;1.0;1.0;1.0;1.0;1.0;1.0;1.0;1.0;1.0;1.0;1.0;0;0;0;0;1;7;7;6;6;6;7;3;4;4;4;4;6;3;7;3;5;1;4;5;500;25000;4000;8;4;1;7;7;6;8;5;1;2;4;3;6;5;2;4;4;4;1;3;3;2;3;6;3;2;4
"1-5-0 (2020-11-16)";"doi.org/10.14281/18241.1";2018;410;"KOR";732;"ROK";410070597;20180107;201712;201801;16.38;16.59;21;1;410028;410004;8;5;2;1;597;2390;"ko";2;1;1.0;0.8032128514056225;41453.815261044176;1;1;2;3;1;2;2;1;2;2;1;1;2;1;1;2;2;1;2;1;2;1;2;1;2;2;1;2;2;3;2;3;3;3;2;1;2;1;3;3;2;3;3;3;2;2;2;3;2;2;5;6;6;4;4;4;4;4;1;2;1;2;2;3;2;3;2;2;3;2;2;2;3;3;3;3;3;3;2;3;2;3;3;3;2;2;2;2;2;2;2;2;2;7;3;3;2;1;0;0;0;0;0;0;0;0;0;0;0;6;4;4;5;7;1;6;2;2;2;2;3;2;2;5;3;2;1;2;1;0;2;2;1;1;2;4;3;3;3;4;4;4;1;2;2;2;4;2;2;2;3;3;2;2;1;1;3;2;3;1;2;7;7;6;6;7;6;7;1;1;1;1;3;2;2;4;2;1;1;6;3;3;3;3;2;4;2;7;6;6;2;8;1;1;3;3;2;3;5;3;1;3;3;2;5;2;5;1;2;1;2;2;2;2;2;2;1;2;2;2;2;2;2;2;2;1;410002;410002;410002;2;3;2;3;3;3;3;2;3;2;1;2;3;3;2;3;4;4;4;5;7;3;6;6;6;7;8;7;7;2;2;2;2;2;3;3;2;1996;21;1;1;1;1;1;410;410;410;1;5;2;2390;6;0;3;2;-3;-3;3;2;3;2;6;-3;-3;-3;4;-3;2;2;3;4;2;2;20000000;410004;3;2;1;0.5955555555555556;0.47111111111111115;0.6487962962962963;0.5075925925925926;1.0;0.33;0.0;0.44333333333333336;0.33;1.0;0.16666666666666666;0.49888888888888894;1.0;1.0;1.0;1.0;0.33;0.33;0.66;0.44;1.0;1.0;1.0;1.0;0.5;0.33;0.66;0.49666666666666676;0.3333333333333333;0.6666666666666666;0.5555555555555556;0.5185185185185185;0.66;0.5;0.5800000000000001;0.5800000000000001;1.0;1.0;1.0;1.0;1.0;1.0;1.0;1.0;1.0;1.0;1.0;1.0;1;1;0;0;1;6;6;7;7;6;6;7;6;7;6;7;6;6;7;6;6;-3;-3;3;400;38000;2000;6;4;1;7;7;6;7;2;1;1;3;5;6;1;2;2;4;2;1;3;3;1;1;8;2;3;-3
"1-5-0 (2020-11-16)";"doi.org/10.14281/18241.1";2018;410;"KOR";732;"ROK";410070598;20180107;201712;201801;16.42;17.31;48;1;410011;410001;8;5;1;1;598;2390;"ko";2;1;1.0;0.8032128514056225;41453.815261044176;1;1;1;2;1;1;2;1;2;1;1;2;2;1;1;2;2;1;2;1;2;1;2;1;2;2;2;2;1;4;2;3;1;1;1;1;2;1;3;4;3;2;1;2;2;3;1;1;2;2;3;8;6;4;4;4;4;4;3;2;1;1;1;3;2;3;1;2;2;2;3;2;1;2;2;2;2;1;2;2;2;1;2;2;2;2;1;2;2;2;1;2;2;9;3;1;2;2;0;0;0;0;0;0;0;0;0;0;0;9;5;2;3;9;2;9;3;4;3;2;3;3;2;8;3;2;2;1;1;1;2;2;2;3;2;4;4;4;4;4;4;4;1;2;2;1;1;2;2;1;1;1;1;1;2;1;3;3;2;1;2;9;8;4;8;2;9;10;1;1;1;1;1;1;1;2;1;1;1;10;2;1;2;2;3;3;2;1;4;3;1;3;2;2;3;2;1;2;3;3;4;4;2;2;2;1;2;1;2;1;3;1;2;3;2;2;2;2;3;2;2;2;3;2;1;1;410002;410002;410002;2;1;2;2;2;2;3;2;3;2;1;3;2;4;2;3;6;9;4;9;10;3;9;9;6;9;9;7;8;1;1;1;1;1;3;2;2;1987;30;2;2;1;1;1;410;410;410;1;4;2;2390;6;0;5;3;-3;-3;3;2;5;3;1;-3;1;-3;3;2;2;1;3;4;2;1;10100000;410004;3;2;1;0.24916666666666665;0.055;0.48337962962962966;0.25925925925925924;0.0;0.0;0.33;0.11;0.0;0.0;0.0;0.0;0.0;1.0;1.0;0.6666666666666666;0.33;0.33;0.0;0.22;1.0;1.0;1.0;1.0;0.0;0.0;1.0;0.3333333333333333;0.2222222222222222;0.0;0.3333333333333333;0.1851851851851852;0.33;0.5;0.41500000000000004;0.41500000000000004;1.0;1.0;1.0;1.0;1.0;1.0;1.0;1.0;1.0;1.0;1.0;1.0;1;0;1;0;1;7;6;7;8;3;8;2;3;3;3;5;8;3;4;8;6;1;6;3;460;18500;5500;8;5;2;9;8;4;8;3;1;1;6;5;10;3;5;5;5;2;1;2;1;2;2;10;2;7;-3
"1-5-0 (2020-11-16)";"doi.org/10.14281/18241.1";2018;410;"KOR";732;"ROK";410070599;20180107;201712;201801;16.43;17.07;24;1;410011;410001;8;5;1;1;599;2390;"ko";2;1;1.0;0.8032128514056225;41453.815261044176;1;2;1;3;4;2;1;2;2;1;1;2;1;1;2;2;2;1;2;1;1;1;2;1;2;2;3;2;4;4;4;4;4;2;1;1;4;2;5;2;2;1;2;2;2;3;3;3;2;2;8;7;7;4;4;4;4;4;3;1;2;2;2;3;2;2;2;3;2;2;2;3;2;2;4;4;2;2;2;3;2;2;2;2;2;2;1;2;2;2;2;2;2;7;3;3;2;1;0;2;0;0;0;0;0;0;0;0;0;8;7;7;4;5;2;6;2;3;2;2;2;2;4;6;4;2;2;2;0;2;0;1;2;3;3;3;3;3;4;4;3;3;1;1;2;3;4;2;2;2;3;4;1;1;1;1;2;3;1;1;2;7;6;3;5;6;8;3;1;1;1;1;3;3;3;3;2;1;1;4;3;2;1;3;2;1;1;7;6;5;3;8;2;5;3;3;1;1;7;2;3;3;3;2;4;1;5;1;5;2;5;1;2;2;2;2;1;2;2;2;2;2;2;2;1;1;410002;410002;410002;2;3;2;3;2;2;3;4;1;2;2;3;4;4;1;4;3;7;2;10;7;1;8;6;3;10;8;6;6;2;3;1;1;1;2;3;2;1955;62;5;3;1;1;1;410;410;410;1;2;1;2390;1;3;3;2;7;3;0;1;3;2;5;4;-3;-5;3;-3;2;1;2;7;2;1;10100000;410004;1;1;1;0.7194444444444444;0.663888888888889;0.4976851851851851;0.662037037037037;1.0;0.66;0.66;0.7733333333333334;0.33;1.0;0.3333333333333333;0.5544444444444444;1.0;1.0;1.0;1.0;0.66;0.66;0.33;0.5499999999999999;0.0;1.0;1.0;0.6666666666666666;0.75;1.0;1.0;0.9166666666666666;0.0;0.6666666666666666;0.5555555555555556;0.40740740740740744;0.0;0.0;0.0;0.0;1.0;1.0;1.0;1.0;1.0;1.0;1.0;1.0;1.0;1.0;1.0;1.0;0;0;0;0;1;7;7;7;7;5;5;4;4;7;6;5;8;4;5;8;4;-3;-3;2;450;250000;0;-3;8;1;-3;-3;-3;8;8;1;2;4;7;8;1;7;3;5;2;1;2;1;1;2;8;1;7;4
"1-5-0 (2020-11-16)";"doi.org/10.14281/18241.1";2018;410;"KOR";732;"ROK";410070600;20180107;201712;201801;16.44;17.2;36;1;410048;410014;7;4;3;1;600;2390;"ko";2;1;1.0;0.8032128514056225;41453.815261044176;1;2;2;2;1;2;1;1;1;1;2;2;2;1;2;2;2;1;2;1;2;2;2;1;2;2;2;2;2;2;2;2;2;1;1;1;3;3;3;3;2;1;2;2;2;2;2;2;3;2;3;8;4;4;4;4;3;4;3;2;1;2;2;4;4;4;2;3;2;2;2;3;2;3;4;4;2;2;2;3;2;4;4;3;3;3;2;2;2;3;2;2;2;8;3;3;2;1;0;0;2;0;0;0;0;0;2;0;0;5;5;3;6;8;1;7;2;2;2;2;2;1;4;7;3;2;0;2;1;1;2;1;2;2;2;4;3;3;3;4;3;3;1;2;2;1;1;2;2;2;2;2;1;1;1;1;2;3;1;1;2;8;5;5;5;2;8;8;1;1;1;1;2;3;4;4;2;1;1;6;1;1;1;1;2;5;3;8;8;5;2;8;1;1;1;1;1;1;5;2;3;3;2;2;4;1;2;2;5;1;5;1;1;2;1;1;1;2;2;2;1;2;2;2;1;1;410010;410010;410010;2;3;2;3;3;2;2;4;1;2;1;3;3;4;1;4;3;7;1;10;8;1;9;3;5;10;10;6;6;2;3;1;2;2;4;4;1;1970;47;4;2;1;1;1;410;410;410;1;4;1;2390;1;2;5;3;3;2;1;1;1;1;1;1;6;5;8;2;1;2;3;3;1;7;70000000;410004;1;1;2;0.49749999999999994;0.5533333333333333;0.4091666666666667;0.485;0.5;0.66;0.33;0.49666666666666676;0.33;1.0;0.5;0.61;0.0;0.0;1.0;0.3333333333333333;0.66;0.66;0.33;0.5499999999999999;1.0;0.0;1.0;0.6666666666666666;0.25;0.33;0.33;0.3033333333333334;0.4444444444444444;0.7777777777777778;0.7777777777777778;0.6666666666666666;0.0;0.0;0.0;0.0;1.0;1.0;1.0;1.0;1.0;1.0;1.0;1.0;1.0;1.0;1.0;1.0;0;0;0;0;1;5;5;5;5;5;5;3;3;3;4;3;5;7;7;3;7;1;6;3;450;35000;2000;7;3;1;6;6;5;7;3;2;2;4;5;5;3;3;3;4;1;5;1;1;1;4;5;3;4;4
"1-5-0 (2020-11-16)";"doi.org/10.14281/18241.1";2018;410;"KOR";732;"ROK";410070601;20180107;201712;201801;16.45;17.08;22;1;410028;410004;8;5;2;1;601;2390;"ko";2;2;1.0;0.8032128514056225;41453.815261044176;1;2;2;2;2;3;1;1;2;1;1;2;1;2;2;2;2;1;2;1;2;1;2;1;2;2;2;3;3;3;2;2;3;3;3;3;3;3;4;4;3;4;4;3;3;2;1;3;2;2;6;6;7;4;4;4;4;4;2;2;1;2;2;3;3;3;2;2;3;3;3;2;2;2;3;3;2;2;2;3;2;3;3;3;3;3;3;3;3;3;2;2;3;7;2;1;2;0;0;0;0;0;0;0;0;0;0;0;0;7;7;7;7;6;1;7;1;1;1;1;1;2;2;6;2;0;0;0;0;1;1;0;1;2;2;2;2;3;2;3;3;2;2;2;2;3;3;2;2;2;3;3;1;2;1;1;2;1;2;1;2;4;4;3;4;5;6;4;1;1;1;1;2;2;7;8;1;1;1;6;5;3;2;2;2;2;2;4;5;5;2;6;2;2;2;2;4;4;6;3;3;3;3;2;5;1;5;1;5;2;3;3;3;3;3;3;3;3;3;3;3;3;3;3;2;2;-2;-2;-2;2;3;2;3;3;2;2;3;3;3;2;4;4;4;4;4;5;7;1;7;7;2;6;6;7;7;7;7;7;3;3;2;2;2;3;3;2;1979;38;3;2;1;1;1;410;410;410;1;4;1;2390;1;2;3;2;3;2;1;1;1;1;5;7;-3;-5;6;-3;2;2;3;4;2;2;20000000;410004;2;2;1;0.6366666666666667;0.6083333333333334;0.5169907407407408;0.45148148148148154;1.0;0.66;0.33;0.6633333333333334;0.66;0.0;1.0;0.5533333333333333;1.0;1.0;1.0;1.0;0.33;0.33;0.33;0.33;1.0;1.0;1.0;1.0;0.5;0.66;0.66;0.6066666666666668;0.1111111111111111;0.3333333333333333;0.4444444444444444;0.2962962962962963;0.33;0.0;0.165;0.165;1.0;1.0;1.0;1.0;1.0;1.0;1.0;1.0;1.0;1.0;1.0;1.0;0;0;1;0;1;7;7;7;6;6;6;6;5;5;6;4;6;4;5;5;6;-3;-3;3;350;18000;20000;7;4;1;7;6;5;6;6;1;1;3;3;5;4;3;3;3;3;1;3;2;3;3;5;4;4;4
"1-5-0 (2020-11-16)";"doi.org/10.14281/18241.1";2018;410;"KOR";732;"ROK";410070602;20180107;201712;201801;16.47;17.07;20;1;410044;410010;6;3;4;1;602;2390;"ko";3;1;1.0;0.8032128514056225;41453.815261044176;1;1;1;2;1;2;1;1;1;1;2;1;2;2;2;2;2;1;2;1;2;2;2;2;2;2;2;2;3;3;3;3;3;3;3;3;3;3;2;3;3;3;4;3;2;1;1;3;2;2;8;8;8;4;4;4;4;4;3;2;1;1;2;3;2;3;3;2;3;3;2;2;2;3;3;4;2;2;2;2;2;2;2;2;2;2;2;3;2;2;3;2;2;6;3;2;2;2;2;2;2;2;2;2;2;2;2;2;2;8;4;7;3;8;1;7;3;2;2;3;2;2;3;5;3;1;1;1;1;1;1;1;1;2;2;4;4;4;4;4;4;4;1;1;2;2;2;2;2;2;3;3;1;2;1;2;1;3;1;1;3;7;7;7;7;7;7;4;2;2;2;2;3;3;7;8;3;2;2;8;2;2;1;1;1;4;1;5;5;5;1;5;1;1;1;2;2;1;5;4;4;3;3;2;5;1;5;1;2;1;2;2;2;2;2;2;2;2;2;2;2;2;2;2;1;1;410008;410008;410008;3;3;3;2;2;3;3;2;3;3;2;2;2;3;3;3;6;7;5;5;7;2;2;7;4;8;7;7;6;2;2;2;2;2;2;2;1;1953;64;5;3;1;1;1;410;410;410;1;3;1;2390;1;2;3;2;3;2;1;1;1;1;1;5;8;-5;9;2;1;2;3;3;1;7;70000000;410004;1;1;1;0.49833333333333335;0.665;0.4201851851851852;0.5070370370370371;1.0;0.33;0.33;0.5533333333333333;0.33;1.0;1.0;0.7766666666666667;1.0;0.0;0.0;0.3333333333333333;0.33;0.33;0.33;0.33;1.0;0.0;1.0;0.6666666666666666;0.5;0.66;0.66;0.6066666666666668;0.3333333333333333;0.4444444444444444;0.4444444444444444;0.4074074074074074;0.0;0.0;0.0;0.0;1.0;1.0;1.0;1.0;1.0;1.0;1.0;1.0;1.0;1.0;1.0;1.0;0;0;0;0;1;8;6;7;6;6;5;3;4;5;5;4;7;5;6;5;7;2;6;3;250;25000;0;8;4;1;7;4;6;8;4;1;1;3;3;3;3;5;3;3;3;3;2;2;2;2;6;3;6;-2
"1-5-0 (2020-11-16)";"doi.org/10.14281/18241.1";2018;410;"KOR";732;"ROK";410070603;20180107;201712;201801;16.5;17.16;26;1;410041;410007;8;5;2;1;603;2390;"ko";2;1;1.0;0.8032128514056225;41453.815261044176;1;2;2;1;1;2;1;1;2;1;2;1;1;2;2;2;2;1;2;1;2;1;2;2;2;2;2;1;3;1;2;3;2;1;4;2;2;1;3;2;2;1;2;3;2;2;1;1;2;2;8;7;5;4;4;4;4;4;1;1;1;2;1;3;2;3;2;2;2;2;2;3;2;3;2;3;3;2;2;3;2;2;2;3;2;2;2;2;3;2;2;2;2;5;3;1;2;0;0;0;0;0;0;0;0;0;0;0;0;6;5;3;5;6;1;7;4;3;4;3;3;2;2;7;4;2;2;2;0;1;1;2;1;3;2;3;3;3;4;3;2;3;1;2;2;2;2;2;2;2;2;2;2;2;1;2;3;1;3;1;3;7;8;5;2;3;7;4;1;2;2;2;3;3;7;8;3;1;1;9;1;2;1;1;1;2;3;5;5;5;1;2;2;1;2;3;4;3;4;3;3;4;2;2;2;1;2;1;3;1;4;1;1;2;1;2;1;2;2;2;1;1;2;2;1;1;-2;-2;-2;1;2;2;1;2;2;2;3;2;2;1;3;2;4;2;4;4;6;2;7;8;6;7;7;8;7;8;6;5;2;1;1;2;1;2;3;1;1966;51;4;3;1;1;1;410;410;410;1;4;1;2390;1;2;6;3;3;2;3;2;3;2;1;4;3;-5;4;2;1;1;3;5;2;0;100000020;410004;2;1;1;0.415;0.44333333333333336;0.3883333333333333;0.31833333333333336;0.0;0.0;0.33;0.11;0.33;1.0;1.0;0.7766666666666667;1.0;0.0;0.0;0.3333333333333333;0.33;0.66;0.33;0.44;1.0;0.0;1.0;0.6666666666666666;0.25;0.66;0.0;0.30333333333333334;0.1111111111111111;0.4444444444444444;0.4444444444444444;0.3333333333333333;0.0;0.5;0.25;0.25;1.0;1.0;1.0;1.0;1.0;1.0;1.0;1.0;1.0;1.0;1.0;1.0;1;0;0;0;1;6;6;6;7;4;3;4;3;3;5;2;8;2;6;7;7;1;6;3;500;60000;5000;6;5;1;5;6;7;8;5;2;3;5;5;5;4;5;5;4;2;7;2;3;2;2;6;4;6;4
"1-5-0 (2020-11-16)";"doi.org/10.14281/18241.1";2018;410;"KOR";732;"ROK";410070604;20180107;201712;201801;16.51;17.23;32;1;410048;410014;7;4;3;1;604;2390;"ko";3;1;1.0;0.8032128514056225;41453.815261044176;1;2;2;2;2;2;1;2;1;1;2;1;1;2;2;2;2;1;2;1;1;1;2;1;2;2;2;3;3;3;3;3;4;2;2;1;4;2;3;2;2;2;2;3;2;2;2;2;2;2;7;7;7;4;4;4;3;4;1;2;1;2;2;3;2;3;3;3;3;3;3;3;2;2;3;3;2;3;2;2;2;3;3;3;2;2;2;2;2;2;3;2;2;4;2;2;2;1;1;0;0;0;0;0;0;0;2;0;0;6;4;4;6;7;1;6;1;2;2;2;1;2;2;6;2;1;0;1;1;1;1;0;1;2;3;3;2;4;3;3;3;3;2;2;2;2;2;2;2;2;3;3;1;2;1;2;3;3;4;4;2;8;8;3;3;8;8;6;1;1;2;2;3;3;4;5;2;2;2;7;3;3;1;1;1;4;1;4;4;1;1;4;1;1;1;1;1;1;4;3;4;4;3;2;2;1;4;1;4;4;5;3;3;3;3;3;3;3;3;3;3;3;3;3;1;1;-2;-2;-2;2;4;4;4;2;2;4;4;2;2;2;3;3;3;2;3;8;7;2;6;6;1;8;8;7;7;8;7;7;2;2;2;2;2;2;2;2;1960;57;5;3;1;1;1;410;410;410;1;2;1;2390;1;2;3;2;3;2;2;1;2;1;5;1;-3;4;6;-3;2;2;3;6;2;7;70000000;410004;3;2;0;0.47;0.49833333333333335;0.4429166666666667;0.5116666666666667;0.5;0.33;0.33;0.3866666666666667;0.33;1.0;0.5;0.61;1.0;0.0;0.0;0.3333333333333333;0.66;0.66;0.33;0.5499999999999999;0.0;0.0;1.0;0.3333333333333333;0.75;0.66;0.66;0.6900000000000001;0.3333333333333333;0.3333333333333333;0.3333333333333333;0.3333333333333333;0.33;0.5;0.41500000000000004;0.41500000000000004;1.0;1.0;1.0;1.0;1.0;1.0;1.0;1.0;1.0;1.0;1.0;1.0;1;0;1;0;1;7;6;6;5;5;5;5;5;7;6;6;7;5;6;7;7;-3;-3;3;350;27000;0;-3;6;1;-3;-3;-3;7;6;2;1;6;6;5;6;5;5;5;2;2;2;2;2;3;6;7;5;4
"1-5-0 (2020-11-16)";"doi.org/10.14281/18241.1";2018;410;"KOR";732;"ROK";410070605;20180107;201712;201801;16.56;17.16;21;1;410029;410005;8;5;2;1;605;2390;"ko";2;1;1.0;0.8032128514056225;41453.815261044176;1;2;2;3;2;3;2;1;1;1;1;2;2;1;2;2;2;1;2;1;2;1;2;2;2;2;2;2;3;3;3;3;2;1;2;1;3;3;3;2;2;2;3;3;1;1;1;1;2;2;7;7;7;4;4;4;4;4;3;2;1;2;2;3;3;3;2;2;2;2;3;2;2;3;2;3;2;2;2;2;2;2;2;2;2;2;2;2;2;2;2;2;2;7;3;3;2;0;0;0;0;0;0;0;0;0;0;0;0;7;3;7;7;6;2;6;2;2;2;2;2;1;2;6;3;2;2;2;1;2;2;2;2;1;2;4;4;4;4;4;4;4;1;2;2;2;2;2;2;2;2;2;1;2;1;2;1;3;2;1;3;7;7;7;7;6;7;5;2;2;2;2;2;2;7;8;3;2;2;7;1;1;1;1;1;1;3;3;4;3;1;2;1;3;1;2;2;2;2;2;3;3;3;3;5;2;5;1;1;1;1;2;2;2;2;2;2;2;2;2;2;2;2;2;1;1;410002;410002;410002;2;2;2;2;2;2;2;2;2;2;2;3;3;4;2;3;4;8;5;7;7;7;7;7;3;3;8;7;7;2;2;1;2;2;3;3;1;1995;22;1;1;1;1;1;410;410;410;1;3;1;2390;6;0;3;2;-3;-3;5;3;6;3;6;-3;-3;-3;3;-3;2;3;3;6;2;0;100000020;410004;2;2;2;0.3591666666666667;0.5533333333333333;0.46837962962962965;0.3542592592592593;0.0;0.33;0.33;0.22;0.66;1.0;1.0;0.8866666666666667;0.0;0.0;0.0;0.0;0.33;0.33;0.33;0.33;1.0;1.0;1.0;1.0;0.25;0.66;0.66;0.5233333333333333;0.0;0.2222222222222222;0.3333333333333333;0.1851851851851852;0.33;0.0;0.165;0.165;1.0;1.0;1.0;1.0;1.0;1.0;1.0;1.0;1.0;1.0;1.0;1.0;0;0;1;0;1;7;8;7;7;7;7;7;7;7;8;7;8;7;5;5;7;-3;-3;3;400;32000;2500;8;6;1;8;7;8;7;1;1;2;5;5;6;4;8;5;5;2;3;2;2;2;2;7;4;8;-3
"1-5-0 (2020-11-16)";"doi.org/10.14281/18241.1";2018;410;"KOR";732;"ROK";410070606;20180107;201712;201801;-5.0;-5.0;-5;1;410011;410001;8;5;1;1;606;2390;"ko";2;1;1.0;0.8032128514056225;41453.815261044176;1;2;2;2;2;4;2;1;2;1;1;2;1;1;2;2;2;1;2;1;2;1;2;1;2;2;3;3;3;4;3;2;5;2;3;3;4;2;4;2;2;3;2;2;2;3;2;3;2;1;9;8;7;4;4;4;4;4;1;2;1;3;2;3;3;3;3;2;3;3;2;2;2;2;3;3;2;2;2;3;3;2;2;2;2;2;2;2;2;2;1;1;1;5;3;3;2;0;0;1;0;0;0;0;0;0;1;0;0;9;2;7;3;5;2;5;2;3;2;2;2;1;0;9;4;2;1;0;0;1;2;1;0;2;2;3;3;3;3;4;3;4;1;1;2;3;2;2;2;2;2;4;1;2;2;4;2;1;3;2;1;7;8;7;3;2;8;1;2;2;2;2;3;3;7;8;3;1;2;8;7;1;1;1;1;1;3;3;4;4;1;3;2;2;1;1;2;1;2;2;3;3;2;2;4;1;4;1;4;1;3;3;2;2;1;2;1;2;2;2;1;2;2;2;1;1;410002;410002;410002;2;3;2;2;2;2;2;4;2;2;1;3;2;4;2;4;2;6;3;10;8;2;8;3;2;6;10;7;6;2;2;2;1;1;3;3;2;1977;40;3;2;1;1;1;410;410;410;1;4;1;2390;1;2;5;3;5;3;1;1;2;1;2;1;5;3;7;2;2;1;3;6;2;0;100000020;410004;1;1;2;0.4983333333333334;0.8316666666666668;0.517962962962963;0.5359259259259259;1.0;0.33;0.66;0.6633333333333334;1.0;1.0;1.0;1.0;0.0;0.0;0.0;0.0;0.33;0.33;0.33;0.33;1.0;1.0;1.0;1.0;1.0;0.66;1.0;0.8866666666666667;0.0;0.2222222222222222;0.3333333333333333;0.1851851851851852;0.0;0.0;0.0;0.0;1.0;1.0;1.0;1.0;1.0;1.0;1.0;1.0;1.0;1.0;1.0;1.0;0;0;0;1;0;8;6;6;7;4;6;3;6;4;6;7;8;3;7;7;5;2;4;2;500;45000;5000;7;5;1;8;7;6;7;5;1;4;3;4;10;1;4;4;4;1;1;2;2;3;2;10;1;3;4
"1-5-0 (2020-11-16)";"doi.org/10.14281/18241.1";2018;410;"KOR";732;"ROK";410070607;20180107;201712;201801;-5.0;-5.0;-5;1;410048;410014;7;4;3;1;607;2390;"ko";3;1;1.0;0.8032128514056225;41453.815261044176;1;1;2;3;1;3;2;1;1;1;1;1;2;2;2;2;2;1;1;1;1;1;1;1;1;1;2;2;2;2;2;2;2;1;2;1;3;3;4;2;3;2;2;2;2;2;2;2;2;2;9;9;8;3;4;3;3;4;3;1;1;2;2;3;3;3;2;2;2;2;2;2;2;2;2;2;2;2;1;2;1;2;2;2;2;2;2;2;2;2;2;2;2;8;1;1;2;2;0;0;0;0;0;0;0;0;1;0;1;8;5;5;3;3;1;7;2;2;2;2;2;2;3;8;4;2;2;2;2;2;2;2;2;1;2;4;3;4;4;4;3;4;1;2;2;1;2;2;2;2;3;3;1;2;2;1;2;3;1;1;4;8;8;9;4;3;8;8;1;1;1;2;3;3;3;4;1;1;1;4;5;5;3;5;4;5;5;7;7;7;5;6;4;2;5;2;6;4;6;2;2;2;3;2;5;1;5;5;5;5;5;4;3;3;3;3;2;3;3;2;3;3;3;3;2;2;410001;410001;410001;2;3;2;2;1;2;3;3;3;3;2;2;3;2;2;2;3;8;6;8;7;5;7;4;5;7;9;8;8;2;2;2;2;2;3;3;2;1931;86;6;3;1;1;1;410;410;410;1;2;1;2390;1;2;1;1;1;1;0;1;0;1;1;7;4;-5;9;2;1;3;5;3;1;7;70000000;410004;0;1;1;0.5119444444444444;0.3588888888888889;0.4739814814814815;0.447962962962963;0.5;0.33;0.33;0.3866666666666667;0.66;0.0;0.3333333333333333;0.33111111111111113;1.0;1.0;1.0;1.0;0.33;0.33;0.33;0.33;1.0;1.0;1.0;1.0;0.25;0.33;0.33;0.3033333333333334;0.4444444444444444;0.6666666666666666;0.6666666666666666;0.5925925925925926;0.0;0.0;0.0;0.0;1.0;1.0;1.0;1.0;1.0;1.0;1.0;1.0;1.0;1.0;1.0;1.0;0;0;0;0;0;8;7;7;7;7;7;7;4;6;7;7;8;5;5;5;8;4;1;5;100;10000;0;9;2;1;7;6;9;7;5;1;1;6;6;7;8;6;6;6;2;2;3;3;3;3;7;8;6;4
"1-5-0 (2020-11-16)";"doi.org/10.14281/18241.1";2018;410;"KOR";732;"ROK";410070608;20180107;201712;201801;16.58;17.23;26;1;410028;410004;8;5;2;1;608;2390;"ko";3;1;1.0;0.8032128514056225;41453.815261044176;1;2;2;2;1;1;2;2;2;1;1;1;2;2;1;1;2;1;1;1;1;1;2;1;2;2;2;3;2;3;2;3;2;1;1;1;3;3;4;2;2;2;2;2;2;3;2;3;2;2;8;7;6;4;4;4;4;4;1;1;1;2;2;3;2;3;1;2;3;3;3;2;2;3;3;4;2;3;2;2;2;3;3;3;2;2;2;3;3;3;3;2;2;5;3;3;2;1;0;0;0;0;0;0;0;0;0;0;0;9;3;8;3;4;1;6;3;3;4;3;4;3;3;6;3;2;1;2;1;2;2;1;1;3;2;4;4;4;4;4;4;4;1;1;2;1;2;2;2;3;2;2;1;2;1;2;4;1;2;3;1;7;5;7;7;4;7;8;1;1;1;1;2;2;2;3;1;1;1;6;2;3;1;1;1;1;2;3;3;5;1;2;1;5;2;1;1;2;5;3;3;4;3;3;5;1;5;2;5;2;5;2;2;3;3;3;1;3;3;3;2;3;3;3;1;1;410008;410008;410008;1;3;1;3;3;3;3;4;1;3;1;3;3;3;1;3;5;5;4;9;5;4;8;3;3;8;9;7;6;2;2;1;1;1;3;4;1;1971;46;4;2;1;1;1;410;410;410;1;4;1;2390;1;2;5;3;3;2;3;2;3;2;1;5;4;-5;9;2;1;2;3;5;2;2;20000000;410004;2;2;-1;0.3180555555555556;0.30444444444444446;0.348287037037037;0.28074074074074074;1.0;0.33;0.33;0.5533333333333333;0.0;0.0;0.16666666666666666;0.05555555555555555;1.0;0.0;0.0;0.3333333333333333;0.33;0.33;0.33;0.33;0.0;1.0;1.0;0.6666666666666666;0.25;0.33;0.66;0.41333333333333333;0.0;0.2222222222222222;0.2222222222222222;0.14814814814814814;0.33;0.0;0.165;0.165;1.0;1.0;1.0;1.0;1.0;1.0;1.0;1.0;1.0;1.0;1.0;1.0;0;0;1;1;0;8;5;7;7;3;4;5;5;6;8;7;8;5;5;7;7;4;1;3;450;30000;10000;7;4;1;9;8;9;8;5;1;1;3;3;3;4;5;2;1;3;1;1;4;1;3;5;4;5;1
"1-5-0 (2020-11-16)";"doi.org/10.14281/18241.1";2018;410;"KOR";732;"ROK";410070609;20180107;201712;201801;17.01;17.22;21;1;410043;410009;7;4;3;1;609;2390;"ko";2;1;1.0;0.8032128514056225;41453.815261044176;1;1;1;2;1;1;1;1;2;1;2;1;2;1;2;2;2;1;2;1;2;2;2;1;2;2;1;2;2;4;3;3;3;3;1;1;4;2;3;4;2;3;2;5;2;2;1;3;2;2;9;8;8;4;4;4;4;4;1;1;1;1;1;4;2;2;1;2;3;3;2;2;2;2;2;2;2;2;2;3;3;3;2;2;2;2;2;2;2;2;2;2;2;7;3;3;2;1;0;0;0;0;0;0;0;0;0;0;0;7;5;4;4;5;2;7;3;4;3;3;4;2;3;7;3;1;2;0;0;0;0;0;0;2;2;4;4;4;4;4;4;4;2;1;2;1;1;2;2;4;4;4;1;1;2;1;3;1;2;2;1;8;8;4;2;1;10;7;1;1;1;1;3;3;5;3;1;2;2;1;2;2;1;1;1;7;2;3;6;8;1;3;1;1;1;1;1;1;3;2;3;3;3;2;2;1;4;1;4;1;2;1;2;2;2;2;3;3;3;3;2;2;2;2;1;1;410002;410002;410002;1;4;2;3;3;1;3;4;1;3;1;2;3;4;1;4;3;8;3;10;9;5;10;9;8;8;10;10;10;1;2;1;1;1;1;2;2;1989;28;2;1;1;1;1;410;410;410;1;4;1;2390;1;0;6;3;6;3;3;2;3;2;1;1;3;3;6;1;1;1;2;7;2;1;10100000;410004;3;2;2;0.33222222222222225;0.3327777777777778;0.543287037037037;0.5457407407407407;1.0;0.33;0.0;0.44333333333333336;0.0;0.0;0.6666666666666666;0.2222222222222222;1.0;0.0;0.0;0.3333333333333333;0.33;0.33;0.33;0.33;1.0;0.0;1.0;0.6666666666666666;0.5;0.33;1.0;0.61;0.6666666666666666;0.2222222222222222;0.5555555555555556;0.48148148148148145;0.33;0.5;0.41500000000000004;0.41500000000000004;1.0;1.0;1.0;1.0;1.0;1.0;1.0;1.0;1.0;1.0;1.0;1.0;1;0;1;1;0;8;8;8;8;8;8;6;6;4;4;4;8;4;4;8;8;1;8;2;500;80000;13000;7;7;1;7;7;7;9;7;1;2;6;6;8;1;6;6;5;3;1;3;2;3;2;8;1;2;4
"1-5-0 (2020-11-16)";"doi.org/10.14281/18241.1";2018;410;"KOR";732;"ROK";410070610;20180107;201712;201801;17.04;17.26;22;1;410041;410007;8;5;2;1;610;2390;"ko";1;1;1.0;0.8032128514056225;41453.815261044176;1;2;2;3;4;4;1;1;2;1;2;2;1;1;2;2;2;1;2;1;2;1;2;2;2;2;2;2;3;3;3;3;2;1;3;3;2;1;4;3;4;2;3;3;3;1;1;1;2;2;7;8;5;4;4;4;4;4;1;2;1;3;2;4;4;4;3;2;2;2;2;2;2;3;3;3;2;2;2;3;2;2;2;3;2;2;3;2;2;3;2;3;3;8;2;1;1;0;0;0;0;0;0;0;0;0;0;0;0;9;8;8;5;3;2;8;4;3;3;3;3;2;2;7;3;1;0;0;1;0;0;2;1;2;3;4;4;4;4;3;3;4;1;1;2;2;2;2;2;2;2;2;2;1;2;2;1;3;1;1;2;8;7;7;6;7;6;7;1;2;2;2;3;3;7;8;2;2;2;4;1;1;1;1;1;5;5;3;3;5;1;1;1;1;1;1;1;1;1;3;4;4;3;3;3;1;3;1;3;1;3;2;3;3;3;3;3;3;3;3;3;3;3;3;2;2;-2;-2;-2;2;1;3;2;2;1;2;3;3;2;2;2;3;3;2;2;6;7;4;5;7;7;7;7;8;8;7;8;7;3;2;1;1;1;3;3;2;1982;35;3;2;1;1;1;410;410;410;1;4;1;2390;1;2;6;3;6;3;3;2;3;2;5;1;-3;3;6;-3;2;1;3;4;2;0;100000020;410004;1;1;2;0.3875;0.61;0.37157407407407406;0.4098148148148148;0.0;0.33;0.33;0.22;1.0;1.0;1.0;1.0;0.0;0.0;0.0;0.0;0.33;0.33;0.33;0.33;1.0;0.0;1.0;0.6666666666666666;0.25;0.66;0.66;0.5233333333333333;0.4444444444444444;0.2222222222222222;0.2222222222222222;0.2962962962962963;0.0;0.0;0.0;0.0;1.0;1.0;1.0;1.0;1.0;1.0;1.0;1.0;1.0;1.0;1.0;1.0;0;0;0;0;1;8;7;6;5;6;7;5;6;5;7;6;6;7;6;7;8;-3;-3;3;300;18000;0;-3;4;2;-3;-3;-3;8;4;1;1;4;5;6;6;4;4;5;3;6;3;2;2;2;6;6;4;4
"1-5-0 (2020-11-16)";"doi.org/10.14281/18241.1";2018;410;"KOR";732;"ROK";410070611;20180107;201712;201801;17.07;17.46;39;1;410041;410007;8;5;2;1;611;2390;"ko";2;1;1.0;0.8032128514056225;41453.815261044176;1;2;2;2;2;3;1;1;1;1;2;1;2;2;2;2;2;1;2;1;2;1;2;1;2;2;2;2;2;3;3;2;2;1;2;1;3;3;3;2;3;2;2;4;2;2;2;3;2;2;5;6;7;4;4;4;4;4;1;2;1;2;2;3;3;3;3;3;2;2;3;2;2;2;3;3;2;2;3;2;2;2;2;2;2;2;2;2;2;2;2;2;2;7;3;2;2;0;0;0;0;0;0;0;0;0;1;0;1;8;4;5;3;3;1;7;2;2;2;2;2;2;3;6;3;2;1;2;1;1;2;1;0;2;2;3;2;3;3;3;3;3;2;2;2;2;3;2;2;3;3;3;1;1;1;2;1;1;3;2;1;7;8;7;8;7;8;3;2;2;2;2;3;3;7;8;3;2;2;7;3;4;2;2;2;3;5;6;7;6;3;4;2;3;3;3;2;3;5;2;2;2;3;2;5;1;2;1;2;1;1;1;2;3;2;2;1;1;2;2;2;3;2;2;2;2;410002;410002;410002;2;2;3;3;2;2;3;3;2;2;2;2;2;3;1;2;4;8;2;9;7;4;9;8;4;7;8;8;8;2;2;2;2;2;3;3;1;1988;29;2;1;1;1;1;410;410;410;1;1;1;2390;1;1;6;3;6;3;3;2;3;2;1;5;3;-5;7;2;1;2;3;4;2;0;100000020;410004;1;1;1;0.72;0.72;0.39037037037037037;0.4474074074074075;1.0;0.33;0.33;0.5533333333333333;0.66;1.0;1.0;0.8866666666666667;1.0;1.0;1.0;1.0;0.66;0.33;0.33;0.44;1.0;0.0;1.0;0.6666666666666666;0.25;0.33;0.66;0.41333333333333333;0.2222222222222222;0.5555555555555556;0.6666666666666666;0.48148148148148157;0.0;0.0;0.0;0.0;1.0;1.0;1.0;1.0;1.0;1.0;1.0;1.0;1.0;1.0;1.0;1.0;0;0;0;1;0;7;5;4;4;3;5;4;3;4;4;4;6;4;6;5;8;1;5;3;300;5000;0;6;3;5;5;6;4;7;3;1;2;3;3;7;2;3;3;3;2;1;3;3;2;2;6;2;2;4
"1-5-0 (2020-11-16)";"doi.org/10.14281/18241.1";2018;410;"KOR";732;"ROK";410070612;20180107;201712;201801;17.07;17.39;32;1;410048;410014;6;3;4;1;612;2390;"ko";3;1;1.0;0.8032128514056225;41453.815261044176;1;2;2;3;2;3;1;2;1;1;2;1;2;1;2;2;2;1;2;1;2;1;2;1;2;2;3;1;2;2;2;3;2;1;2;1;2;1;4;4;3;2;4;3;2;2;2;3;2;2;8;7;6;4;4;4;4;4;1;2;1;2;2;3;2;3;3;2;4;4;3;3;4;4;4;4;2;2;3;3;2;3;3;3;3;3;2;2;2;2;2;2;3;7;3;1;2;0;0;0;0;0;0;0;0;0;0;0;0;8;2;7;5;6;1;6;4;3;4;3;3;2;3;4;4;2;2;0;0;0;1;2;2;3;2;4;4;4;4;4;4;4;1;2;2;4;4;2;2;2;3;3;2;2;2;1;2;1;3;1;4;7;8;5;4;3;7;7;2;2;2;2;3;4;4;5;2;2;1;7;2;3;2;2;4;5;3;5;5;5;2;5;2;5;3;3;5;5;6;3;4;4;2;1;2;1;1;1;2;1;3;2;3;3;3;3;3;3;3;3;2;3;3;3;1;1;-2;-2;-2;2;3;3;2;4;2;3;3;2;3;2;3;4;4;3;4;5;3;2;8;5;3;6;2;3;6;8;7;7;2;4;1;1;1;2;2;1;1952;65;6;3;1;1;1;410;410;410;1;4;1;2390;1;3;3;2;3;2;1;1;1;1;3;5;4;-5;9;2;1;2;3;5;2;7;70000000;410004;0;1;1;0.8175000000000001;0.8033333333333335;0.2702777777777778;0.37388888888888894;1.0;1.0;0.66;0.8866666666666667;0.66;1.0;0.5;0.7200000000000001;1.0;1.0;1.0;1.0;0.33;0.66;1.0;0.6633333333333334;0.0;0.0;1.0;0.3333333333333333;0.25;0.33;0.33;0.3033333333333334;0.4444444444444444;0.4444444444444444;0.4444444444444444;0.4444444444444444;0.0;0.0;0.0;0.0;1.0;1.0;1.0;1.0;1.0;1.0;1.0;1.0;1.0;1.0;1.0;1.0;0;0;0;0;0;7;7;6;6;6;3;4;3;5;7;6;7;2;8;3;4;4;1;3;250;50000;0;7;5;1;7;8;9;8;7;1;1;4;2;6;6;3;4;4;4;2;3;3;2;3;6;4;3;4
"1-5-0 (2020-11-16)";"doi.org/10.14281/18241.1";2018;410;"KOR";732;"ROK";410070613;20180107;201712;201801;17.13;17.39;26;1;410044;410010;6;3;4;1;613;2390;"ko";3;1;1.0;0.8032128514056225;41453.815261044176;2;2;2;2;2;2;1;1;1;1;2;1;2;2;2;2;2;1;2;1;2;2;2;1;2;2;1;1;3;4;3;2;2;1;2;1;4;2;3;4;4;3;2;2;2;3;2;3;2;2;8;8;7;4;4;4;4;4;1;2;1;2;2;4;4;4;2;3;3;3;2;2;3;4;4;4;2;2;2;2;2;3;3;3;3;3;3;3;3;3;3;3;3;6;3;1;2;1;0;0;0;0;0;0;0;0;0;0;0;8;3;3;4;3;2;9;2;3;3;2;2;2;2;5;2;2;1;1;1;1;1;1;1;2;1;4;4;4;4;4;4;4;2;2;2;2;2;2;2;4;4;4;1;1;1;1;3;1;3;1;2;6;6;6;6;6;6;8;1;2;2;2;3;3;1;3;2;1;2;6;6;6;6;1;1;1;1;1;1;1;1;1;1;1;1;1;1;1;1;2;4;4;4;3;5;1;5;1;1;1;2;3;3;3;3;3;3;3;3;3;3;3;3;3;2;1;410002;410002;410002;2;3;2;2;3;3;3;2;3;3;2;3;2;3;3;3;5;6;5;5;7;3;5;7;4;8;6;5;5;2;2;2;2;2;2;2;2;1976;41;3;2;1;1;1;410;410;410;1;3;1;2390;1;1;6;3;6;3;3;2;3;2;1;1;3;3;9;2;2;2;3;5;2;2;20000000;410004;2;1;1;0.4425;0.44333333333333336;0.3883333333333333;0.31833333333333336;1.0;0.33;0.0;0.44333333333333336;0.33;1.0;0.0;0.44333333333333336;1.0;0.0;0.0;0.3333333333333333;0.66;0.33;0.66;0.5499999999999999;1.0;0.0;1.0;0.6666666666666666;0.25;0.66;1.0;0.6366666666666667;0.0;0.0;0.0;0.0;0.0;0.5;0.25;0.25;1.0;1.0;1.0;1.0;1.0;1.0;1.0;1.0;1.0;1.0;1.0;1.0;1;0;0;0;1;8;7;8;6;5;4;4;4;2;4;8;8;1;8;7;8;1;6;2;600;30000;8000;9;4;1;8;8;7;10;7;1;1;3;3;6;3;3;3;3;3;1;2;3;2;2;7;5;5;4
"1-5-0 (2020-11-16)";"doi.org/10.14281/18241.1";2018;410;"KOR";732;"ROK";410070614;20180107;201712;201801;17.16;17.45;29;1;410041;410007;8;5;2;1;614;2390;"ko";1;1;1.0;0.8032128514056225;41453.815261044176;1;2;1;2;1;3;1;1;2;1;2;1;2;1;2;2;2;1;2;1;2;2;2;1;2;2;2;3;3;3;3;3;3;3;4;2;3;3;3;3;2;2;3;3;2;3;2;3;2;1;8;6;6;4;4;4;4;4;1;2;1;1;2;3;3;3;2;3;3;2;3;2;3;2;3;3;3;3;2;2;2;1;2;2;1;1;2;2;2;2;2;1;1;7;3;1;2;0;1;1;0;0;0;0;0;0;0;0;0;4;4;5;4;3;1;4;2;2;3;3;3;2;3;7;4;2;1;0;1;1;1;1;1;2;2;2;4;4;4;4;2;2;1;2;2;2;2;2;2;2;2;3;1;2;1;2;1;2;1;2;1;8;9;9;7;9;9;3;2;2;2;2;3;3;7;8;3;2;2;7;1;3;1;1;3;3;1;4;5;3;1;3;1;1;1;1;2;1;5;3;3;3;2;2;5;1;5;1;5;1;4;1;1;2;2;2;1;2;2;2;2;2;2;2;2;2;-2;-2;-2;2;4;2;4;3;3;4;4;1;3;2;3;2;3;2;4;2;8;3;8;9;6;8;7;7;9;9;9;7;2;2;1;1;1;2;2;1;1997;20;1;1;1;1;1;410;410;410;1;4;2;2390;6;0;3;2;-3;-3;3;2;3;2;6;-3;-3;-3;4;-3;2;2;3;5;2;0;100000020;410004;2;2;2;0.6641666666666666;0.72;0.48416666666666663;0.4700000000000001;1.0;0.33;0.33;0.5533333333333333;0.66;1.0;1.0;0.8866666666666667;1.0;0.0;1.0;0.6666666666666666;0.66;0.33;0.66;0.5499999999999999;1.0;0.0;1.0;0.6666666666666666;0.5;0.66;0.66;0.6066666666666668;0.2222222222222222;0.3333333333333333;0.4444444444444444;0.3333333333333333;0.66;0.0;0.33;0.33;1.0;1.0;1.0;1.0;1.0;1.0;1.0;1.0;1.0;1.0;1.0;1.0;0;1;0;1;0;5;6;6;7;6;6;4;4;4;4;3;7;2;8;6;6;-3;-3;3;500;35000;1500;-3;5;1;-3;-3;-3;9;1;1;1;2;5;5;2;2;2;2;2;1;2;3;1;2;6;1;3;-3
"1-5-0 (2020-11-16)";"doi.org/10.14281/18241.1";2018;410;"KOR";732;"ROK";410070615;20180107;201712;201801;17.19;17.47;28;1;410026;410002;8;5;2;1;615;2390;"ko";2;1;1.0;0.8032128514056225;41453.815261044176;2;2;1;3;2;3;2;1;1;1;1;2;1;2;2;2;2;1;1;1;2;1;2;1;2;1;3;2;2;2;2;3;4;2;3;3;4;2;4;3;3;2;2;2;2;1;1;1;2;2;7;8;7;4;4;4;4;4;1;1;2;2;3;2;3;3;2;2;3;3;3;2;3;3;3;3;3;2;2;3;3;1;2;2;2;2;3;3;2;2;2;2;2;7;3;3;2;1;2;0;0;0;0;0;0;0;0;0;0;7;5;7;5;4;2;7;3;2;2;3;3;2;2;5;3;1;1;2;0;1;1;2;1;2;2;3;2;2;2;3;3;3;2;2;2;3;2;2;1;3;3;3;1;2;2;2;1;2;3;1;3;8;7;7;7;7;6;7;1;2;2;2;2;2;3;4;2;1;2;7;8;7;6;5;6;5;6;5;8;7;5;8;5;4;6;7;6;6;8;3;3;3;3;3;1;1;5;2;5;3;5;5;3;3;2;2;2;2;3;2;2;2;1;2;2;1;410001;410001;410001;2;2;1;1;1;2;2;2;2;3;2;2;3;3;2;2;6;7;7;8;7;6;6;7;6;8;7;8;7;2;2;2;2;1;1;2;2;1958;59;5;3;1;1;1;410;410;410;1;2;1;2390;5;1;3;2;-3;-3;2;1;2;1;1;-3;3;-5;6;2;1;2;3;4;2;7;70000000;410004;2;2;1;0.6086111111111111;0.49722222222222223;0.5888888888888889;0.5127777777777778;0.0;0.33;0.66;0.33;0.66;1.0;0.3333333333333333;0.6644444444444444;1.0;1.0;1.0;1.0;0.33;0.33;0.66;0.44;1.0;1.0;1.0;1.0;0.75;0.33;0.33;0.47000000000000003;0.4444444444444444;0.4444444444444444;0.7777777777777778;0.5555555555555556;0.66;0.0;0.33;0.33;1.0;1.0;1.0;1.0;1.0;1.0;1.0;1.0;1.0;1.0;1.0;1.0;0;1;0;0;1;8;6;7;7;4;7;6;7;7;4;5;7;5;4;7;5;1;4;3;300;25000;5000;7;4;1;8;8;7;7;7;1;1;6;6;7;6;7;6;5;2;3;2;3;3;2;7;5;8;-5
"1-5-0 (2020-11-16)";"doi.org/10.14281/18241.1";2018;410;"KOR";732;"ROK";410070616;20180107;201712;201801;17.2;17.42;22;1;410011;410001;8;5;1;1;616;2390;"ko";2;1;1.0;0.8032128514056225;41453.815261044176;1;2;2;3;1;4;2;1;2;1;1;1;1;2;2;2;2;1;2;1;1;1;2;2;2;2;3;3;4;4;4;4;4;2;1;1;4;2;5;4;2;2;3;3;2;3;3;3;2;2;7;7;7;4;4;4;4;4;1;1;2;2;2;3;2;2;3;3;2;2;2;3;2;2;4;4;2;2;2;3;2;2;2;2;2;2;2;2;2;2;2;2;2;8;3;3;2;0;0;0;0;0;0;0;0;0;0;0;0;7;7;8;4;7;2;6;2;3;2;2;2;2;4;5;4;2;2;2;0;2;0;1;2;3;3;3;3;4;3;4;4;3;1;2;2;2;3;2;2;2;3;4;1;1;1;1;3;3;1;1;3;8;7;3;3;3;9;3;2;2;2;2;3;3;7;8;2;2;2;8;3;3;2;4;4;2;2;8;6;7;4;9;2;5;3;3;2;2;8;2;3;3;3;2;2;1;2;1;2;1;2;2;2;2;2;2;1;1;2;2;1;2;2;2;2;1;410002;410002;410002;2;3;2;3;2;2;3;4;1;2;2;3;4;4;1;4;3;5;2;10;8;1;8;4;3;10;9;7;7;2;3;2;2;2;3;3;1;1971;46;4;2;1;1;1;410;410;410;1;4;1;2390;1;2;6;3;6;3;0;1;1;1;1;1;3;3;9;2;1;1;3;6;2;0;100000020;410004;2;1;1;0.8308333333333333;0.8866666666666667;0.6620370370370371;0.6990740740740741;1.0;0.66;0.66;0.7733333333333334;1.0;1.0;1.0;1.0;1.0;1.0;1.0;1.0;0.66;0.66;0.33;0.5499999999999999;1.0;1.0;1.0;1.0;0.75;1.0;1.0;0.9166666666666666;0.1111111111111111;0.7777777777777778;0.5555555555555556;0.48148148148148157;0.0;0.5;0.25;0.25;1.0;1.0;1.0;1.0;1.0;1.0;1.0;1.0;1.0;1.0;1.0;1.0;1;0;0;0;1;7;7;6;7;4;4;4;4;7;7;6;6;7;6;7;4;1;5;3;530;60000;0;8;6;1;8;7;8;8;6;1;2;4;6;7;1;6;3;5;2;1;2;1;2;3;8;1;7;4
"1-5-0 (2020-11-16)";"doi.org/10.14281/18241.1";2018;410;"KOR";732;"ROK";410070617;20180107;201712;201801;17.24;17.43;20;1;410026;410002;8;5;2;1;617;2390;"ko";2;1;1.0;0.8032128514056225;41453.815261044176;2;2;2;3;3;3;1;1;1;2;1;2;1;2;2;2;2;1;2;1;1;1;2;1;2;2;2;2;2;3;2;3;2;1;3;3;2;1;3;3;2;3;3;3;1;2;2;2;2;2;4;7;6;4;4;4;4;4;1;1;2;3;3;3;4;4;2;3;2;3;2;3;3;3;3;3;2;3;3;2;4;3;3;3;4;4;4;4;4;4;4;3;3;6;1;2;1;0;0;0;0;0;0;0;0;0;0;0;0;6;6;6;7;6;1;6;4;4;4;4;4;3;3;6;3;0;0;0;0;0;0;0;0;1;2;4;4;4;4;4;4;4;2;2;2;2;2;2;2;3;3;3;1;1;1;1;2;1;2;1;2;6;6;7;7;5;6;7;2;2;2;2;2;2;7;8;3;1;2;6;2;1;1;1;1;1;1;1;1;1;1;1;1;1;1;1;1;1;1;2;2;2;2;3;5;1;3;1;1;1;1;2;3;3;3;3;3;3;3;3;3;3;3;3;2;2;410002;410002;410002;2;2;2;2;2;2;2;2;2;2;2;2;2;2;2;2;5;6;7;7;7;7;6;7;7;6;7;7;7;2;2;4;4;4;4;4;2;1985;32;2;2;1;1;1;410;410;410;1;4;1;2390;1;2;5;3;6;3;3;2;3;2;1;1;3;3;3;2;2;2;3;6;2;0;100000020;410004;2;2;1;0.4833333333333334;0.6366666666666667;0.39458333333333334;0.20666666666666667;0.5;0.33;0.33;0.3866666666666667;0.66;1.0;1.0;0.8866666666666667;0.0;0.0;0.0;0.0;0.66;0.66;0.66;0.66;1.0;1.0;1.0;1.0;0.25;0.33;0.66;0.41333333333333333;0.0;0.0;0.0;0.0;0.33;0.0;0.165;0.165;1.0;1.0;1.0;1.0;1.0;1.0;1.0;1.0;1.0;1.0;1.0;1.0;0;0;1;0;1;6;6;8;7;7;6;7;6;7;7;6;6;6;6;7;6;1;6;3;500;35000;10000;8;6;1;7;7;7;7;7;1;1;5;5;7;5;5;5;5;2;1;2;2;2;2;7;5;5;4
"1-5-0 (2020-11-16)";"doi.org/10.14281/18241.1";2018;410;"KOR";732;"ROK";410070618;20180107;201712;201801;17.27;18.04;37;1;410026;410002;8;5;2;1;618;2390;"ko";3;1;1.0;0.8032128514056225;41453.815261044176;1;1;2;2;1;3;1;1;2;1;1;1;2;2;2;2;2;1;2;1;2;1;2;1;2;2;2;2;2;3;3;3;2;1;2;1;2;1;3;2;2;2;2;4;2;2;2;3;2;2;7;6;5;4;4;4;4;4;1;2;1;3;2;4;4;4;3;3;3;3;3;2;2;2;3;3;2;2;2;2;2;3;3;3;3;3;3;3;3;3;3;3;3;8;3;3;2;0;1;1;0;0;0;0;0;0;1;0;0;7;4;6;3;5;1;6;2;2;2;2;2;2;3;6;3;2;1;2;1;2;1;2;2;3;2;4;3;4;4;4;3;3;1;2;2;1;1;2;2;2;3;3;1;2;1;1;3;1;2;1;2;7;3;8;7;5;4;3;2;2;2;2;4;4;4;4;2;2;1;6;2;2;1;4;1;2;3;4;7;8;1;2;1;1;1;1;1;1;1;2;4;4;3;2;5;2;2;1;5;1;2;2;1;2;2;2;2;3;2;2;2;2;2;2;2;2;-2;-2;-2;1;3;2;3;3;3;3;1;1;2;1;3;2;4;1;4;4;7;4;9;8;1;6;7;2;7;6;8;8;2;2;2;1;1;3;3;1;1992;25;2;1;1;1;1;410;410;410;1;4;2;2390;6;0;6;3;-3;-3;3;2;3;2;1;-3;3;-3;6;2;2;1;3;6;2;7;70000000;410004;3;2;1;0.595;0.6366666666666667;0.549675925925926;0.3918518518518519;1.0;0.33;0.33;0.5533333333333333;0.66;1.0;0.5;0.7200000000000001;1.0;1.0;0.0;0.6666666666666666;0.66;0.33;0.33;0.44;1.0;1.0;1.0;1.0;0.25;0.33;0.66;0.41333333333333333;0.1111111111111111;0.3333333333333333;0.6666666666666666;0.3703703703703704;0.33;0.5;0.41500000000000004;0.41500000000000004;1.0;1.0;1.0;1.0;1.0;1.0;1.0;1.0;1.0;1.0;1.0;1.0;1;0;1;0;1;6;6;6;7;6;5;4;6;6;4;4;7;3;4;7;7;2;6;3;1000;50000;10000;6;5;1;6;6;7;7;3;1;2;4;5;6;4;4;3;2;2;1;3;2;2;3;7;5;6;-3
"1-5-0 (2020-11-16)";"doi.org/10.14281/18241.1";2018;410;"KOR";732;"ROK";410070619;20180107;201712;201801;17.29;17.5;21;1;410028;410004;8;5;2;1;619;2390;"ko";2;1;1.0;0.8032128514056225;41453.815261044176;1;2;3;2;1;1;2;2;1;1;2;2;2;1;1;2;1;1;1;1;1;1;2;1;2;2;2;2;2;3;2;3;2;1;1;1;3;3;4;1;2;2;2;2;2;3;1;3;3;2;7;5;5;4;4;4;4;4;1;2;1;2;2;3;3;3;1;2;4;4;4;3;4;4;4;4;3;2;2;2;2;2;2;3;3;3;1;2;3;3;2;3;3;3;3;3;2;2;0;0;0;0;0;0;0;0;0;0;0;8;3;7;4;4;1;7;2;2;2;3;3;1;3;7;3;2;1;2;1;2;2;1;2;4;3;4;4;3;4;4;4;4;1;1;2;2;2;2;2;2;2;2;1;2;1;2;4;1;3;1;4;7;7;5;4;5;7;9;1;1;1;1;2;2;2;3;1;1;1;8;1;1;1;1;1;1;1;3;4;3;1;2;1;3;2;1;1;2;5;3;3;4;4;3;5;1;1;2;5;5;5;5;3;3;3;3;1;3;3;3;3;3;3;3;1;1;410001;410001;410001;1;1;1;2;3;2;3;3;2;3;1;3;3;3;2;3;9;6;5;9;4;3;8;3;4;5;7;7;7;3;2;2;2;1;3;4;1;1949;68;6;3;1;1;1;410;410;410;1;2;1;2390;1;2;3;2;2;1;3;2;1;1;1;5;6;-5;9;2;1;2;4;2;1;2;20000000;410004;0;1;-1;0.3180555555555556;0.30444444444444446;0.14962962962962964;0.2992592592592593;1.0;0.33;0.33;0.5533333333333333;0.0;0.0;0.16666666666666666;0.05555555555555555;0.0;0.0;0.0;0.0;0.33;0.66;1.0;0.6633333333333334;0.0;0.0;0.0;0.0;0.25;0.33;0.66;0.41333333333333333;0.0;0.2222222222222222;0.3333333333333333;0.1851851851851852;0.0;0.0;0.0;0.0;1.0;1.0;1.0;1.0;1.0;1.0;1.0;1.0;1.0;1.0;1.0;1.0;0;0;0;0;0;4;5;8;5;3;3;3;4;6;7;8;5;5;5;7;4;2;3;4;120;23000;0;8;3;1;8;4;4;8;5;1;1;3;1;1;5;3;4;1;3;2;1;4;1;4;1;6;4;1
"1-5-0 (2020-11-16)";"doi.org/10.14281/18241.1";2018;410;"KOR";732;"ROK";410070620;20180107;201712;201801;17.3;18.08;37;1;410041;410007;8;5;2;1;620;2390;"ko";2;1;1.0;0.8032128514056225;41453.815261044176;1;2;2;2;2;4;2;2;1;1;1;1;1;2;2;2;2;1;2;2;2;2;2;1;2;2;2;3;3;4;4;3;2;1;2;1;4;2;3;4;3;2;4;4;3;3;2;2;3;2;7;5;8;4;4;4;4;4;3;1;2;2;2;3;3;3;2;3;4;3;2;3;2;2;3;4;2;2;2;3;2;1;1;1;2;2;2;2;2;1;2;2;2;7;3;3;2;0;0;0;0;0;0;0;0;0;0;0;0;3;9;7;3;8;2;8;1;1;1;2;2;2;3;7;3;2;0;2;2;0;0;0;2;3;2;4;4;4;4;4;4;4;2;2;2;2;3;2;2;3;2;4;2;1;1;1;2;4;1;3;1;8;7;3;4;8;7;4;2;2;2;2;4;4;7;8;3;1;2;3;2;1;1;3;2;8;3;5;9;7;3;10;2;2;3;2;2;4;3;2;4;4;3;3;5;2;5;1;2;1;1;1;1;2;2;2;2;2;2;1;1;1;2;2;3;2;-2;-2;-2;2;2;3;3;3;2;4;4;1;1;2;2;2;3;1;3;3;9;7;7;8;3;9;9;9;8;8;8;7;2;2;2;2;2;2;2;1;1994;23;1;1;1;1;1;410;410;410;1;4;2;2390;6;0;6;3;-3;-3;6;3;6;3;7;-3;-3;-3;3;-3;2;2;3;7;2;0;100000020;410004;2;2;0;0.6508333333333333;0.6933333333333334;0.5842592592592593;0.6701851851851852;0.5;0.33;0.33;0.3866666666666667;1.0;1.0;1.0;1.0;0.0;1.0;1.0;0.6666666666666666;0.66;0.66;0.33;0.5499999999999999;0.0;1.0;1.0;0.6666666666666666;0.25;0.66;1.0;0.6366666666666667;0.7777777777777778;0.4444444444444444;0.8888888888888888;0.7037037037037037;0.66;0.0;0.33;0.33;1.0;1.0;1.0;1.0;1.0;1.0;1.0;1.0;1.0;1.0;1.0;1.0;0;1;0;1;0;5;6;4;6;3;7;4;6;7;5;7;8;6;7;3;2;-3;-3;3;600;70000;0;-3;7;1;-3;-3;-3;7;1;1;5;7;5;7;2;3;3;4;2;4;3;1;1;2;5;2;3;-3
"1-5-0 (2020-11-16)";"doi.org/10.14281/18241.1";2018;410;"KOR";732;"ROK";410070621;20180107;201712;201801;17.3;18.14;44;1;410048;410014;7;4;3;1;621;2390;"ko";2;1;1.0;0.8032128514056225;41453.815261044176;1;2;2;2;2;2;1;1;1;1;2;1;2;2;2;2;2;1;2;1;1;1;2;1;2;2;2;3;3;3;3;3;4;2;2;1;4;2;3;4;4;2;4;4;2;2;2;2;2;2;7;7;7;4;4;4;4;4;3;2;1;2;2;3;2;3;3;3;3;3;3;3;2;2;3;3;2;2;2;3;2;3;3;2;2;2;2;3;2;2;3;2;2;5;3;1;2;1;0;0;0;0;0;0;0;0;1;0;0;7;5;5;6;6;1;6;2;2;2;2;2;2;2;5;2;0;0;2;1;0;1;1;1;2;3;3;2;3;4;4;3;3;2;2;2;2;2;2;2;2;3;3;1;1;1;2;3;3;1;4;2;8;8;2;3;7;8;6;1;1;2;2;3;3;2;2;2;1;1;7;5;4;1;1;1;4;2;2;6;3;1;2;1;1;1;1;1;1;2;3;4;4;3;2;3;1;4;1;4;4;5;3;3;3;3;3;3;3;3;3;3;3;3;3;2;2;410002;410002;410002;2;3;3;4;2;2;4;4;2;2;2;3;3;4;2;3;6;6;2;7;6;1;8;8;2;8;8;8;8;2;2;3;3;2;3;3;2;1976;41;3;2;1;1;1;410;410;410;1;4;1;2390;1;2;5;3;6;3;3;2;3;2;3;1;4;6;9;2;2;2;3;6;2;2;20000000;410004;2;1;1;0.4422222222222222;0.4427777777777778;0.485;0.5116666666666667;0.5;0.33;0.33;0.3866666666666667;0.33;1.0;0.16666666666666666;0.49888888888888894;1.0;0.0;0.0;0.3333333333333333;0.66;0.66;0.33;0.5499999999999999;1.0;0.0;1.0;0.6666666666666666;0.75;0.66;0.66;0.6900000000000001;0.3333333333333333;0.1111111111111111;0.5555555555555556;0.3333333333333333;0.0;0.5;0.25;0.25;1.0;1.0;1.0;1.0;1.0;1.0;1.0;1.0;1.0;1.0;1.0;1.0;1;0;0;0;1;6;6;6;6;5;5;5;5;6;6;6;6;5;6;7;6;4;1;3;550;35000;7080;7;6;1;7;7;8;7;5;1;1;6;6;7;5;6;5;5;2;1;2;2;2;2;8;5;6;4
"1-5-0 (2020-11-16)";"doi.org/10.14281/18241.1";2018;410;"KOR";732;"ROK";410070622;20180107;201712;201801;17.35;18.39;64;1;410031;410020;8;5;2;1;622;2390;"ko";2;1;1.0;0.8032128514056225;41453.815261044176;1;1;1;3;2;3;2;1;1;1;1;2;2;1;2;2;2;1;2;1;1;1;2;2;2;2;2;2;4;4;4;3;3;3;2;1;4;2;3;4;3;3;4;3;3;1;2;2;2;2;8;8;6;4;4;4;4;4;1;2;1;3;2;4;4;4;4;3;3;3;4;3;4;4;4;4;4;3;3;4;3;3;3;4;4;4;3;4;4;4;3;3;3;7;3;3;1;0;2;0;0;0;0;0;0;0;2;0;0;5;8;7;7;8;2;8;3;2;3;3;2;1;3;4;2;1;2;2;0;2;0;0;2;2;2;3;3;4;4;4;3;4;2;2;2;2;1;2;2;3;3;3;2;2;1;1;3;3;2;1;2;7;7;4;7;5;7;5;2;2;2;2;4;4;7;8;3;1;2;5;3;3;1;4;4;7;7;6;7;6;5;9;4;7;1;4;5;5;7;2;4;4;3;3;3;2;3;1;1;1;1;1;1;2;3;2;2;1;3;3;2;2;3;3;3;3;410002;410002;410002;2;3;4;3;3;2;2;3;2;3;1;1;2;3;1;4;2;8;2;8;9;1;8;8;4;8;8;8;8;2;3;2;3;2;4;4;2;1992;25;2;1;1;1;1;410;410;410;1;4;2;2390;6;0;6;3;-3;-3;3;2;5;3;1;-3;3;-3;4;2;2;1;3;6;2;0;100000020;410004;3;2;2;0.7891666666666668;0.6916666666666668;0.7194907407407408;0.7314814814814815;0.5;0.66;0.33;0.49666666666666676;0.66;1.0;1.0;0.8866666666666667;1.0;1.0;1.0;1.0;0.66;0.66;1.0;0.7733333333333334;1.0;1.0;1.0;1.0;0.5;1.0;1.0;0.8333333333333334;0.6666666666666666;0.5555555555555556;0.6666666666666666;0.6296296296296297;0.33;0.5;0.41500000000000004;0.41500000000000004;1.0;1.0;1.0;1.0;1.0;1.0;1.0;1.0;1.0;1.0;1.0;1.0;1;0;1;0;1;7;7;6;7;7;8;7;6;8;4;4;8;2;7;5;7;1;4;3;600;27000;5000;8;7;1;7;8;7;7;5;1;1;2;3;9;2;5;3;2;3;1;4;1;4;3;9;1;5;-3
"1-5-0 (2020-11-16)";"doi.org/10.14281/18241.1";2018;410;"KOR";732;"ROK";410070623;20180107;201712;201801;17.39;18.44;65;1;410028;410004;8;5;2;1;623;2390;"ko";2;1;1.0;0.8032128514056225;41453.815261044176;1;1;1;2;1;2;1;1;1;1;1;2;2;2;2;2;2;1;2;1;2;1;2;1;2;2;2;2;3;3;3;3;4;2;4;2;3;3;3;3;3;3;3;4;2;2;2;2;2;2;6;6;7;4;4;4;4;4;1;2;1;2;2;3;3;3;1;1;2;1;2;2;2;2;2;2;2;2;2;2;2;2;2;2;2;2;2;2;2;2;2;2;2;7;3;3;2;0;0;0;0;0;0;0;0;0;0;0;0;9;4;7;2;2;1;4;1;2;2;1;1;1;3;5;3;2;1;2;1;1;2;1;1;2;2;3;3;3;3;3;3;3;2;2;2;3;3;2;2;3;3;3;1;1;1;2;3;1;3;1;3;6;7;4;4;5;7;2;2;2;2;2;3;3;6;4;2;1;2;4;2;2;1;1;1;2;2;2;7;8;7;8;1;1;1;1;2;2;3;2;3;3;3;2;1;1;1;2;2;2;2;2;2;2;2;2;2;2;2;2;2;2;2;2;1;1;410002;410002;410002;2;3;3;3;3;3;3;3;3;3;1;2;4;3;1;4;4;5;3;10;8;3;5;4;2;9;9;8;7;2;2;2;2;2;3;3;2;1979;38;3;2;1;1;1;410;410;410;1;3;1;2390;1;1;3;2;5;3;6;3;2;1;2;3;5;4;6;2;2;2;3;4;2;0;100000020;410004;2;1;1;0.41527777777777775;0.5538888888888889;0.5590740740740741;0.49314814814814817;0.5;0.33;0.33;0.3866666666666667;0.33;1.0;0.8333333333333334;0.7211111111111111;1.0;0.0;0.0;0.3333333333333333;0.0;0.33;0.33;0.22;1.0;1.0;1.0;1.0;0.75;0.66;0.66;0.6900000000000001;0.1111111111111111;0.1111111111111111;0.6666666666666666;0.2962962962962963;0.0;0.5;0.25;0.25;1.0;1.0;1.0;1.0;1.0;1.0;1.0;1.0;1.0;1.0;1.0;1.0;1;0;0;0;1;6;5;6;5;5;4;4;4;4;3;4;6;5;7;6;5;5;2;3;350;25000;3000;5;5;1;5;5;5;8;6;1;2;2;3;5;4;2;2;1;1;1;2;2;2;2;7;1;1;4
"1-5-0 (2020-11-16)";"doi.org/10.14281/18241.1";2018;410;"KOR";732;"ROK";410070624;20180107;201712;201801;17.43;18.03;20;1;410048;410014;6;3;4;1;624;2390;"ko";3;1;1.0;0.8032128514056225;41453.815261044176;1;1;2;3;2;3;1;2;1;1;2;1;2;1;2;2;2;1;2;1;2;1;2;2;2;2;2;1;1;2;2;3;2;1;2;1;4;2;4;4;3;2;3;2;2;2;2;3;2;2;6;6;5;4;4;4;4;4;1;2;1;2;2;2;3;3;3;2;4;3;3;3;3;4;4;4;2;2;2;2;2;3;3;3;3;3;2;2;2;3;2;2;3;8;3;1;2;0;0;0;0;0;0;0;0;0;0;0;0;8;2;5;5;6;2;6;4;4;3;3;4;2;4;3;3;2;2;0;1;0;1;2;1;3;2;4;4;4;4;4;4;4;1;2;2;4;4;2;2;2;3;3;1;2;2;2;1;1;3;1;2;7;7;5;6;5;8;5;2;2;2;2;3;4;6;8;3;1;1;6;3;4;2;3;2;5;5;5;7;6;3;5;2;5;3;2;5;6;7;2;4;4;3;2;3;1;2;1;1;1;1;2;3;3;3;3;3;3;3;3;2;3;3;3;1;1;-2;-2;-2;2;3;3;3;4;2;3;3;2;2;2;3;4;4;3;3;3;2;3;7;7;4;5;3;4;7;6;6;7;2;2;1;1;1;2;2;1;1994;23;1;1;1;1;1;410;410;410;1;4;2;2390;6;0;3;2;-3;-3;3;2;3;2;6;-3;-3;-3;4;-3;2;2;5;4;2;0;100000020;410004;1;1;1;0.7336111111111112;0.6922222222222223;0.2612962962962963;0.3559259259259259;1.0;0.33;0.33;0.5533333333333333;0.66;1.0;0.8333333333333334;0.8311111111111112;1.0;1.0;1.0;1.0;0.33;0.66;0.66;0.55;0.0;0.0;1.0;0.3333333333333333;0.25;0.0;0.33;0.19333333333333336;0.4444444444444444;0.4444444444444444;0.6666666666666666;0.5185185185185185;0.0;0.0;0.0;0.0;1.0;1.0;1.0;1.0;1.0;1.0;1.0;1.0;1.0;1.0;1.0;1.0;0;0;0;0;1;6;6;5;5;6;3;2;3;5;4;5;6;1;7;2;8;-3;-3;5;500;30000;0;-3;4;1;-3;-3;-3;7;3;2;2;4;4;5;3;2;3;4;3;1;3;3;2;4;6;3;3;-3
"1-5-0 (2020-11-16)";"doi.org/10.14281/18241.1";2018;410;"KOR";732;"ROK";410070625;20180107;201712;201801;17.45;18.47;62;1;410041;410007;8;5;2;1;625;2390;"ko";3;1;1.0;0.8032128514056225;41453.815261044176;1;2;3;2;2;4;2;1;2;1;1;1;1;2;2;2;2;1;1;1;1;1;2;1;2;1;2;3;2;3;3;3;3;3;3;3;3;3;4;4;3;3;3;4;2;2;2;3;3;3;3;3;3;3;4;4;4;2;2;2;2;3;3;3;3;3;3;3;3;3;2;3;3;3;4;4;3;3;3;3;3;2;2;2;3;3;3;3;3;3;2;2;2;5;3;3;2;0;0;0;0;0;0;0;0;0;0;0;0;5;5;2;5;10;2;9;3;3;3;3;3;2;2;8;3;2;1;1;1;1;1;1;1;2;2;3;3;3;3;4;3;3;2;2;2;2;2;2;2;2;2;2;2;1;1;1;3;3;1;2;1;5;5;4;4;5;5;1;2;2;2;2;4;4;6;6;3;1;2;5;5;5;2;2;2;4;5;5;5;5;3;8;2;5;5;1;5;3;5;2;4;4;3;2;4;1;2;2;2;2;3;2;2;2;2;2;2;2;2;2;2;2;2;2;1;1;8;8;8;2;2;2;3;2;2;3;4;2;2;1;2;2;4;2;4;2;8;3;9;9;2;8;8;5;5;9;8;6;2;4;3;3;3;3;3;1;1953;64;5;3;1;1;1;410;410;410;1;4;1;2390;1;2;2;1;2;1;0;1;1;1;2;5;6;-5;6;2;1;2;3;4;2;0;100000020;410004;2;1;1;0.8452777777777778;0.8605555555555556;0.5385185185185186;0.45203703703703707;1.0;1.0;0.33;0.7766666666666667;1.0;1.0;0.8333333333333334;0.9444444444444445;1.0;1.0;1.0;1.0;0.66;0.66;0.66;0.66;1.0;1.0;1.0;1.0;0.5;0.33;0.66;0.49666666666666676;0.3333333333333333;0.4444444444444444;0.4444444444444444;0.4074074074074074;0.0;0.5;0.25;0.25;1.0;1.0;1.0;1.0;1.0;1.0;1.0;1.0;1.0;1.0;1.0;1.0;1;0;0;1;0;3;3;5;3;1;3;2;1;2;2;4;3;3;3;3;5;2;2;3;200;18800;500;3;3;2;4;4;3;3;2;2;2;5;5;7;2;4;5;5;2;1;2;2;2;2;7;2;4;4
"1-5-0 (2020-11-16)";"doi.org/10.14281/18241.1";2018;410;"KOR";732;"ROK";410070626;20180107;201712;201801;17.48;18.09;21;1;410028;410004;8;5;2;1;626;2390;"ko";2;1;1.0;0.8032128514056225;41453.815261044176;1;1;1;3;3;3;1;1;1;1;1;2;2;2;2;2;2;1;2;1;2;2;2;2;2;2;3;3;2;2;3;2;3;3;3;3;3;3;4;3;3;3;2;3;3;1;1;3;2;2;6;6;6;4;4;4;4;4;1;1;1;2;2;3;3;3;2;2;2;3;3;3;2;2;2;3;3;2;2;2;3;3;3;2;2;2;3;3;2;2;3;3;3;6;1;1;2;0;0;0;0;0;0;0;0;0;0;0;0;6;7;6;7;7;1;7;2;2;2;3;2;2;2;6;2;0;0;0;0;0;0;0;0;3;2;2;2;3;3;2;3;3;2;2;2;3;3;2;2;2;3;3;2;2;2;1;2;1;3;1;3;7;7;6;6;6;7;7;2;2;2;2;3;3;7;1;1;2;1;6;6;5;5;7;7;6;6;6;7;7;6;6;7;5;3;5;3;2;2;2;2;2;3;1;5;2;3;1;5;2;2;2;3;3;3;3;3;3;3;3;3;3;3;3;4;4;-2;-2;-2;3;3;2;2;3;3;4;3;3;3;3;2;2;3;3;3;5;7;7;7;6;7;6;7;7;6;6;7;6;2;2;2;2;2;3;3;2;1998;19;1;1;1;1;1;410;410;410;1;4;2;2390;6;0;3;2;-3;-3;3;2;3;2;6;-3;-3;-3;5;-3;2;2;3;4;2;0;100000020;410004;1;1;1;0.6641666666666667;0.6083333333333334;0.4948148148148148;0.4896296296296297;1.0;0.33;0.66;0.6633333333333334;0.66;0.0;1.0;0.5533333333333333;1.0;1.0;1.0;1.0;0.33;0.66;0.33;0.44;1.0;1.0;1.0;1.0;0.5;0.33;0.33;0.3866666666666667;0.5555555555555556;0.5555555555555556;0.6666666666666666;0.5925925925925927;0.0;0.0;0.0;0.0;1.0;1.0;1.0;1.0;1.0;1.0;1.0;1.0;1.0;1.0;1.0;1.0;0;0;0;0;1;7;7;7;6;6;6;6;6;5;6;6;7;5;5;6;6;-3;-3;3;400;15000;0;8;5;1;8;7;7;6;6;1;1;3;3;6;3;3;3;3;2;8;3;3;3;3;7;4;3;-3
"1-5-0 (2020-11-16)";"doi.org/10.14281/18241.1";2018;410;"KOR";732;"ROK";410070627;20180107;201712;201801;17.53;18.13;20;1;410044;410012;7;4;3;1;627;2390;"ko";3;1;1.0;0.8032128514056225;41453.815261044176;1;1;1;2;1;2;2;1;1;1;2;2;1;1;2;2;2;1;2;1;2;1;2;1;2;2;2;2;3;3;3;3;2;1;2;1;2;1;3;3;2;3;3;3;2;2;2;2;2;2;4;6;6;4;4;4;4;4;3;2;1;2;2;3;3;3;2;2;2;2;2;2;2;3;3;3;2;2;2;2;2;2;2;2;2;2;2;2;2;2;2;2;2;6;3;2;2;0;0;0;0;0;0;0;0;0;0;0;0;4;4;4;3;5;1;5;2;2;2;2;2;1;3;5;3;2;2;2;1;2;2;2;2;2;2;4;4;4;4;4;4;4;1;2;2;2;2;2;2;3;3;3;1;2;1;2;3;3;1;2;1;6;6;6;7;7;7;5;2;2;2;2;3;3;7;8;3;2;2;2;2;2;3;2;2;2;2;3;3;3;3;3;3;2;2;2;3;3;2;2;3;3;3;2;5;1;5;1;5;5;5;5;2;2;2;2;2;2;2;2;2;2;2;2;1;1;410002;410002;410002;2;2;2;2;2;2;2;2;2;2;2;3;3;4;2;3;4;8;4;8;8;2;8;8;3;8;8;7;7;2;3;1;1;2;3;3;2;1971;46;4;2;1;1;1;410;410;410;1;3;1;2390;1;1;3;2;5;3;1;1;2;1;1;1;3;4;6;2;2;2;2;6;2;0;100000020;410004;2;1;2;0.6508333333333334;0.6366666666666667;0.40629629629629627;0.3542592592592593;0.5;0.66;0.33;0.49666666666666676;0.33;1.0;1.0;0.7766666666666667;1.0;1.0;1.0;1.0;0.33;0.33;0.33;0.33;1.0;0.0;1.0;0.6666666666666666;0.25;0.66;0.66;0.5233333333333333;0.1111111111111111;0.2222222222222222;0.2222222222222222;0.1851851851851852;0.0;0.5;0.25;0.25;1.0;1.0;1.0;1.0;1.0;1.0;1.0;1.0;1.0;1.0;1.0;1.0;1;0;0;1;0;7;7;6;6;6;6;6;6;6;6;7;7;6;5;5;6;1;3;2;550;35000;7000;6;6;1;6;6;5;6;5;1;2;5;5;8;3;6;5;5;2;1;3;2;2;2;9;5;6;4
"1-5-0 (2020-11-16)";"doi.org/10.14281/18241.1";2018;410;"KOR";732;"ROK";410070628;20180107;201712;201801;17.54;18.34;40;1;410047;410013;7;4;3;1;628;2390;"ko";2;1;1.0;0.8032128514056225;41453.815261044176;1;2;2;2;1;2;1;1;1;1;2;2;1;2;2;2;2;1;2;1;2;1;2;1;2;2;2;2;2;3;3;3;4;2;2;1;4;2;5;2;2;1;2;3;2;3;3;2;2;3;7;6;5;4;4;4;4;4;1;2;1;2;3;3;3;3;2;2;2;2;2;2;2;3;4;4;2;2;2;3;2;2;2;2;2;2;2;2;3;1;2;2;2;6;3;1;2;1;0;0;0;0;0;0;0;0;0;0;0;6;6;7;4;4;2;6;2;2;2;2;2;2;3;6;3;2;2;2;0;1;0;2;1;3;3;3;3;4;4;4;4;3;1;1;2;2;1;2;2;1;2;2;1;2;1;1;2;1;3;1;2;7;7;4;5;4;7;7;1;1;1;1;3;4;4;5;1;1;1;5;1;3;1;2;2;2;2;3;4;4;2;2;1;2;2;2;3;2;2;3;3;3;3;3;5;1;5;5;5;5;5;5;3;3;3;3;2;3;3;3;3;3;3;3;1;1;410001;410001;410001;2;3;3;3;2;2;2;4;1;1;2;2;3;4;4;4;6;7;2;7;8;3;9;7;2;8;9;6;6;2;2;2;2;2;3;3;2;1953;64;5;3;1;1;1;410;410;410;1;5;1;2390;1;3;1;1;2;1;0;1;1;1;1;1;5;8;9;2;2;2;3;4;2;7;70000000;410004;1;1;1;0.49833333333333335;0.33166666666666667;0.3672222222222222;0.40111111111111114;0.5;0.33;0.33;0.3866666666666667;0.33;0.0;0.5;0.27666666666666667;1.0;1.0;1.0;1.0;0.33;0.33;0.33;0.33;1.0;0.0;1.0;0.6666666666666666;0.75;0.33;0.66;0.5800000000000001;0.1111111111111111;0.2222222222222222;0.3333333333333333;0.22222222222222224;0.0;0.0;0.0;0.0;1.0;1.0;1.0;1.0;1.0;1.0;1.0;1.0;1.0;1.0;1.0;1.0;0;0;0;0;1;6;5;5;6;6;5;4;5;4;4;4;7;4;5;6;6;4;1;3;500;12000;1000;7;4;1;7;7;8;7;4;2;1;2;2;3;5;2;2;1;2;2;3;3;1;4;3;5;2;4
"1-5-0 (2020-11-16)";"doi.org/10.14281/18241.1";2018;410;"KOR";732;"ROK";410070629;20180107;201712;201801;17.57;18.17;20;1;410026;410002;8;5;2;1;629;2390;"ko";2;1;1.0;0.8032128514056225;41453.815261044176;2;2;2;3;1;3;1;1;1;2;1;2;1;2;2;2;2;1;1;1;2;1;2;1;2;2;2;1;2;1;2;2;2;1;2;1;2;1;2;5;5;5;5;5;2;1;1;1;2;2;7;8;8;4;4;4;4;4;1;1;1;1;2;2;2;2;2;3;2;3;2;4;4;4;4;4;4;4;4;4;4;4;4;4;4;4;4;4;4;4;4;4;4;8;1;1;1;0;0;0;0;0;0;0;0;0;0;0;0;7;7;7;6;7;1;7;3;4;3;3;3;2;2;6;4;0;0;0;0;0;0;0;0;1;2;4;4;4;4;4;4;4;2;2;2;2;2;2;2;2;3;2;1;1;1;1;2;1;2;1;2;6;7;6;6;7;7;7;2;2;2;2;2;2;6;7;2;2;2;7;7;7;6;7;6;7;7;7;4;3;1;4;1;1;1;1;1;1;1;2;3;3;4;3;5;1;5;1;5;5;5;5;3;3;3;3;3;3;3;3;3;3;3;3;1;1;410001;410001;410001;2;3;2;3;3;3;3;3;3;3;3;2;3;2;2;2;6;7;5;4;4;4;6;7;6;6;7;7;6;2;2;4;4;1;3;4;2;1956;61;5;3;1;1;1;410;410;410;1;4;1;2390;1;2;3;2;3;2;0;1;3;2;5;2;-3;6;9;-3;2;2;3;4;2;0;100000020;410004;2;2;1;0.7344444444444445;0.5255555555555557;0.4784722222222222;0.3744444444444444;0.0;0.33;0.33;0.22;0.66;1.0;0.8333333333333334;0.8311111111111112;1.0;1.0;1.0;1.0;0.66;1.0;1.0;0.8866666666666667;1.0;1.0;1.0;1.0;0.25;0.33;0.0;0.19333333333333336;0.6666666666666666;0.6666666666666666;0.3333333333333333;0.5555555555555555;0.33;0.0;0.165;0.165;1.0;1.0;1.0;1.0;1.0;1.0;1.0;1.0;1.0;1.0;1.0;1.0;0;0;1;0;1;8;7;8;7;8;8;8;7;8;7;8;7;7;8;8;7;-3;-3;3;150;20000;0;9;6;1;8;7;8;8;7;1;1;4;4;4;6;5;4;5;2;2;4;4;2;2;5;6;5;4
"1-5-0 (2020-11-16)";"doi.org/10.14281/18241.1";2018;410;"KOR";732;"ROK";410070630;20180107;201712;201801;18.0;18.2;20;1;410041;410007;8;5;2;1;630;2390;"ko";3;1;1.0;0.8032128514056225;41453.815261044176;1;1;2;2;2;3;1;1;2;1;1;1;2;2;2;2;2;1;2;1;2;1;2;1;2;2;2;3;3;3;2;3;3;3;2;1;4;2;4;3;4;2;2;3;2;1;2;2;3;2;7;5;3;4;4;4;4;4;1;1;1;2;2;3;3;3;3;3;3;2;3;2;2;3;3;2;3;3;2;3;3;2;2;2;2;2;2;2;3;3;3;2;3;5;3;3;1;0;0;0;0;0;0;0;0;0;0;0;1;7;7;7;6;7;1;3;1;2;2;2;2;2;2;7;4;2;2;0;1;2;1;1;1;1;2;3;3;3;3;3;3;3;2;2;2;3;3;2;2;3;3;3;1;1;1;3;1;2;1;4;1;6;5;5;6;7;7;2;2;2;2;2;3;3;7;8;3;2;2;7;3;4;3;2;3;2;3;4;6;6;3;4;3;3;2;2;4;4;5;2;3;3;3;2;5;2;2;1;2;1;1;1;2;2;2;2;2;1;2;2;2;2;2;2;2;2;410001;410001;410001;2;3;2;3;3;2;3;3;2;2;2;2;2;3;2;4;7;7;3;8;8;4;9;3;3;8;7;8;8;2;3;2;2;3;3;3;1;1994;23;1;1;1;1;1;410;410;410;1;4;2;2390;6;0;3;2;-3;-3;5;3;6;3;6;-3;-3;-3;3;-3;2;2;2;5;2;0;100000020;410004;2;2;1;0.7058333333333334;0.6916666666666668;0.6925;0.4700000000000001;0.5;0.66;0.33;0.49666666666666676;0.66;1.0;1.0;0.8866666666666667;1.0;1.0;1.0;1.0;0.66;0.33;0.33;0.44;1.0;1.0;1.0;1.0;0.5;0.66;0.66;0.6066666666666668;0.1111111111111111;0.3333333333333333;0.5555555555555556;0.3333333333333333;0.66;1.0;0.8300000000000001;0.8300000000000001;1.0;1.0;1.0;1.0;1.0;1.0;1.0;1.0;1.0;1.0;1.0;1.0;1;1;0;0;0;5;4;3;3;3;3;3;4;3;4;3;5;3;6;6;7;-3;-3;2;600;60000;10000;-3;4;1;-3;-3;-3;7;3;1;1;2;3;3;6;2;2;3;2;2;2;3;2;3;3;6;3;-3
"1-5-0 (2020-11-16)";"doi.org/10.14281/18241.1";2018;410;"KOR";732;"ROK";410070631;20180107;201712;201801;18.01;18.21;20;1;410028;410004;8;5;2;1;631;2390;"ko";3;1;1.0;0.8032128514056225;41453.815261044176;1;2;3;2;2;3;2;1;1;1;2;2;1;1;2;2;2;1;2;1;2;1;2;1;2;2;2;3;2;2;2;3;2;1;2;1;2;1;3;2;2;2;2;2;3;3;1;2;3;2;9;3;2;4;4;3;1;4;1;1;2;2;2;3;3;3;3;3;2;2;3;3;2;4;4;4;3;3;2;2;3;3;4;2;3;3;2;2;3;3;3;3;3;4;3;3;1;0;0;0;0;0;0;0;0;0;0;0;0;8;4;6;4;4;1;7;2;3;2;2;3;3;3;7;4;2;1;2;1;2;2;1;2;4;2;4;4;4;4;4;4;4;1;1;2;2;2;2;2;3;3;2;2;2;2;2;3;1;3;1;2;6;5;7;7;7;8;4;2;2;2;2;3;3;7;8;3;2;2;4;2;3;2;2;2;4;3;5;5;5;1;5;2;4;2;2;2;2;5;3;3;4;3;2;5;1;5;5;5;5;5;5;3;3;3;3;3;3;3;3;3;3;3;3;1;1;410001;410001;410001;2;3;3;2;3;2;2;3;2;3;2;4;3;2;2;4;9;4;3;8;5;4;7;3;3;5;7;7;7;3;2;2;2;1;3;3;1;1952;65;6;3;1;1;1;410;410;410;1;1;1;2390;5;2;3;2;-3;-3;1;1;1;1;7;-3;-3;-5;9;-3;2;4;5;1;1;0;100000020;410004;2;1;2;0.7058333333333333;0.6366666666666667;0.4068518518518519;0.3553703703703704;0.5;0.33;0.33;0.3866666666666667;0.66;1.0;1.0;0.8866666666666667;1.0;1.0;1.0;1.0;0.66;0.66;0.33;0.5499999999999999;1.0;0.0;1.0;0.6666666666666666;0.25;0.33;0.33;0.3033333333333334;0.3333333333333333;0.4444444444444444;0.4444444444444444;0.4074074074074074;0.0;0.5;0.25;0.25;1.0;1.0;1.0;1.0;1.0;1.0;1.0;1.0;1.0;1.0;1.0;1.0;1;0;0;0;1;4;7;7;7;5;5;4;5;8;5;7;3;4;3;7;4;-3;-3;5;30;8000;0;-3;2;2;-3;-3;-3;3;3;1;1;3;1;2;6;3;2;1;3;2;1;4;1;4;3;5;2;-5
"1-5-0 (2020-11-16)";"doi.org/10.14281/18241.1";2018;410;"KOR";732;"ROK";410070632;20180107;201712;201801;18.06;18.29;24;1;410041;410007;8;5;2;1;632;2390;"ko";1;1;1.0;0.8032128514056225;41453.815261044176;1;1;1;1;1;3;1;1;1;1;2;1;2;2;2;2;2;1;2;1;2;1;2;1;2;2;2;2;3;3;3;2;3;3;3;3;3;3;4;3;2;2;2;3;2;2;3;3;2;2;7;7;6;4;4;4;4;4;1;2;1;1;1;2;3;3;3;2;3;3;3;2;2;3;2;4;2;3;2;2;2;1;2;2;1;1;2;2;2;1;2;2;2;6;3;1;2;0;0;0;0;0;0;0;0;0;0;0;0;4;5;3;4;4;1;4;2;2;3;3;3;2;3;6;3;2;2;1;0;1;0;1;1;2;2;2;2;4;4;4;4;3;1;2;2;1;2;2;2;1;2;3;2;2;1;2;1;2;1;2;3;7;8;9;4;8;9;3;2;2;2;2;3;3;7;8;3;2;2;5;2;1;1;1;1;1;1;4;5;3;1;4;1;1;1;1;1;1;7;3;3;3;2;2;3;1;1;1;5;5;5;1;2;2;2;2;2;2;2;2;2;2;2;2;2;1;-2;-2;-2;2;4;2;4;2;2;4;4;2;3;1;2;2;3;2;3;4;6;3;9;8;6;9;7;8;7;8;6;6;3;2;1;1;1;2;2;2;1963;54;4;3;1;1;1;410;410;410;1;4;1;2390;1;2;3;2;3;2;1;1;1;1;2;1;5;5;9;2;2;2;3;5;2;0;100000020;410004;3;2;1;0.4425;0.72;0.46564814814814814;0.432962962962963;1.0;0.33;0.33;0.5533333333333333;0.66;1.0;1.0;0.8866666666666667;0.0;0.0;0.0;0.0;0.33;0.33;0.33;0.33;1.0;0.0;1.0;0.6666666666666666;0.5;0.66;0.66;0.6066666666666668;0.0;0.3333333333333333;0.4444444444444444;0.25925925925925924;0.66;0.0;0.33;0.33;1.0;1.0;1.0;1.0;1.0;1.0;1.0;1.0;1.0;1.0;1.0;1.0;0;1;0;1;1;5;5;5;6;5;5;5;4;5;6;3;6;3;6;7;4;2;6;3;450;40000;0;7;5;1;7;8;8;8;5;1;1;2;4;6;3;2;2;2;2;1;2;3;1;2;7;1;4;4
"1-5-0 (2020-11-16)";"doi.org/10.14281/18241.1";2018;410;"KOR";732;"ROK";410070633;20180107;201712;201801;18.14;18.34;20;1;410026;410002;8;5;2;1;633;2390;"ko";3;1;1.0;0.8032128514056225;41453.815261044176;1;2;2;2;2;2;1;2;1;1;1;1;2;2;2;2;2;1;2;1;2;1;2;1;2;2;2;2;3;2;2;3;2;1;2;1;2;1;3;3;3;3;3;2;3;2;1;3;3;2;7;6;6;4;4;4;4;4;2;2;1;3;2;4;4;4;3;3;3;3;3;3;2;2;3;3;2;2;2;3;2;3;3;3;3;3;3;3;3;3;3;3;3;7;3;1;2;1;1;0;0;0;0;0;0;0;1;0;0;7;6;7;6;5;1;6;2;2;2;2;2;2;2;5;3;2;2;2;2;2;2;2;2;2;2;4;4;4;4;4;4;4;2;2;2;1;2;2;1;2;4;4;2;2;2;1;2;2;1;1;3;7;7;2;7;4;6;7;1;1;1;1;3;3;1;1;2;1;1;2;2;1;1;3;3;2;3;3;6;7;1;2;3;1;2;3;2;2;2;2;3;4;3;2;2;1;1;1;5;1;1;3;1;3;2;3;2;2;2;2;2;2;2;2;2;2;-2;-2;-2;3;3;2;3;3;3;3;4;2;4;2;3;2;4;3;3;7;7;3;6;8;1;5;7;3;6;5;7;7;2;3;2;2;2;2;3;2;1971;46;4;2;1;1;1;410;410;410;1;3;1;2390;1;1;6;3;6;3;3;2;3;2;1;1;3;4;3;2;1;2;3;5;2;2;20000000;410004;2;2;0;0.5808333333333333;0.5533333333333335;0.4265740740740741;0.3548148148148148;1.0;0.66;0.33;0.6633333333333334;0.33;1.0;0.0;0.44333333333333336;0.0;1.0;1.0;0.6666666666666666;0.66;0.66;0.33;0.5499999999999999;0.0;1.0;1.0;0.6666666666666666;0.25;0.66;0.33;0.4133333333333334;0.1111111111111111;0.2222222222222222;0.5555555555555556;0.2962962962962963;0.66;0.0;0.33;0.33;1.0;1.0;1.0;1.0;1.0;1.0;1.0;1.0;1.0;1.0;1.0;1.0;0;1;0;0;1;5;5;5;6;6;6;5;6;6;4;5;6;3;5;5;6;2;5;3;450;30000;0;5;5;2;5;6;4;5;4;1;1;4;2;5;5;5;4;2;3;3;2;3;2;3;5;5;6;4
"1-5-0 (2020-11-16)";"doi.org/10.14281/18241.1";2018;410;"KOR";732;"ROK";410070634;20180107;201712;201801;18.14;18.54;40;1;410026;410002;8;5;2;1;634;2390;"ko";1;1;1.0;0.8032128514056225;41453.815261044176;1;2;3;3;3;2;2;1;1;1;1;2;2;2;1;2;2;1;1;1;1;1;2;2;1;2;2;2;3;4;2;3;3;3;2;1;2;1;5;3;3;3;2;2;2;1;1;2;2;2;7;6;7;4;4;4;4;4;1;2;1;2;2;1;3;3;2;2;3;2;2;2;3;2;2;3;2;2;2;4;2;1;2;2;3;3;2;4;2;3;2;2;3;6;3;2;2;2;0;0;0;0;0;0;0;0;0;0;0;8;7;7;4;7;1;4;2;2;2;3;3;2;2;7;4;2;2;1;1;1;2;1;2;3;2;4;4;4;4;4;4;4;2;1;2;2;3;2;2;3;3;4;1;1;2;1;2;2;3;1;3;6;5;6;7;6;5;8;1;1;1;1;2;2;1;2;1;2;2;4;4;5;1;3;3;2;1;5;7;7;5;5;4;3;5;4;3;4;7;3;3;3;2;2;2;1;1;2;5;5;5;2;2;2;2;2;1;1;2;2;2;2;1;2;1;1;410002;410002;410002;1;3;3;4;2;2;2;3;2;1;1;3;2;3;2;2;4;8;4;9;7;2;8;8;3;8;8;7;7;2;2;2;2;1;2;3;2;1969;48;4;2;1;1;1;410;410;410;1;3;1;2390;1;1;5;3;6;3;1;1;2;1;1;1;3;3;5;2;2;1;3;4;2;2;20000000;410004;2;2;0;0.48416666666666663;0.24833333333333335;0.6143518518518519;0.5637037037037038;0.5;0.33;0.33;0.3866666666666667;0.33;0.0;0.0;0.11;1.0;1.0;1.0;1.0;0.33;0.33;0.66;0.44;1.0;1.0;1.0;1.0;0.5;0.66;1.0;0.7200000000000001;0.1111111111111111;0.4444444444444444;0.6666666666666666;0.40740740740740744;0.66;0.0;0.33;0.33;1.0;1.0;1.0;1.0;1.0;1.0;1.0;1.0;1.0;1.0;1.0;1.0;0;1;0;0;1;6;6;5;6;6;4;3;3;4;5;4;7;3;4;7;7;1;4;3;400;30000;2000;8;4;1;7;8;7;6;5;1;1;5;7;8;1;6;3;5;2;1;2;1;1;2;9;2;5;4
"1-5-0 (2020-11-16)";"doi.org/10.14281/18241.1";2018;410;"KOR";732;"ROK";410070635;20180107;201712;201801;18.19;18.39;20;1;410044;410010;6;3;4;1;635;2390;"ko";3;1;1.0;0.8032128514056225;41453.815261044176;1;1;2;3;2;3;1;1;1;1;2;1;2;2;2;2;2;1;2;1;2;1;2;1;2;1;2;2;2;3;3;3;2;1;2;1;2;1;2;3;2;3;2;3;2;1;1;3;2;2;7;7;7;4;4;4;4;4;1;1;1;1;2;3;3;3;3;3;3;3;3;2;2;3;4;4;2;2;2;2;3;3;2;2;2;2;2;2;3;3;3;2;3;7;3;1;2;0;0;0;0;0;0;0;0;0;0;0;0;7;5;5;5;6;1;7;3;2;3;3;2;2;3;5;3;1;1;1;1;1;1;1;1;2;2;4;4;4;4;4;4;4;1;1;2;2;2;2;2;3;3;3;1;2;1;2;1;2;1;1;3;7;7;7;7;7;7;5;2;2;2;2;3;3;7;8;3;2;2;6;1;1;1;1;1;1;1;4;5;6;1;3;1;1;1;1;1;1;4;4;4;3;3;2;4;1;5;1;2;1;2;2;2;2;2;2;2;2;2;2;2;2;2;2;1;1;410009;410009;410009;2;3;3;2;2;3;2;2;3;3;2;3;3;3;3;3;5;7;2;8;7;2;5;7;3;9;6;7;6;2;2;2;2;2;2;2;1;1969;48;4;2;1;1;1;410;410;410;1;1;1;2390;6;0;6;3;-3;-3;3;2;3;2;1;-3;3;-3;3;2;1;2;3;4;2;0;100000020;410004;2;2;1;0.47;0.72;0.4173148148148148;0.3362962962962963;1.0;0.33;0.33;0.5533333333333333;0.66;1.0;1.0;0.8866666666666667;0.0;0.0;0.0;0.0;0.66;0.33;0.33;0.44;1.0;0.0;1.0;0.6666666666666666;0.25;0.33;0.66;0.41333333333333333;0.0;0.3333333333333333;0.4444444444444444;0.25925925925925924;0.66;0.0;0.33;0.33;1.0;1.0;1.0;1.0;1.0;1.0;1.0;1.0;1.0;1.0;1.0;1.0;0;1;0;0;1;7;7;6;6;6;5;3;3;5;4;4;7;5;6;5;5;1;4;3;250;10000;0;8;4;3;8;7;7;6;5;1;1;6;5;3;3;3;3;3;3;4;2;2;2;2;5;5;5;-3
"1-5-0 (2020-11-16)";"doi.org/10.14281/18241.1";2018;410;"KOR";732;"ROK";410070636;20180107;201712;201801;18.2;18.53;33;1;410011;410001;8;5;1;1;636;2390;"ko";2;1;1.0;0.8032128514056225;41453.815261044176;1;1;2;2;2;1;2;1;2;1;1;1;2;2;1;2;2;1;2;1;2;1;1;1;2;2;2;3;2;3;3;2;3;3;2;1;4;2;5;2;2;2;2;1;3;3;1;3;2;2;9;8;9;4;4;4;4;4;1;2;1;3;2;3;3;3;1;2;3;3;2;2;2;2;3;3;2;2;2;2;2;2;2;1;2;2;1;2;2;2;2;1;2;6;2;1;2;2;1;0;0;0;0;0;0;0;0;0;1;8;2;8;1;4;2;6;2;3;2;2;1;2;3;10;4;2;2;1;0;0;2;0;1;3;2;3;2;3;3;4;4;4;1;1;2;4;3;2;2;2;3;4;1;2;1;2;4;1;3;2;3;9;10;7;4;3;9;10;1;1;1;1;2;2;1;1;1;1;2;8;4;2;1;2;1;1;3;2;5;3;1;4;1;2;1;2;1;1;2;2;3;4;2;2;3;1;5;1;5;1;5;1;2;2;2;2;1;2;2;1;2;3;3;3;1;1;-2;-2;-2;1;3;2;3;2;2;3;4;1;2;1;4;2;4;3;3;5;6;3;10;8;1;9;2;3;10;10;7;7;2;2;2;1;1;2;3;2;1968;49;4;2;1;1;1;410;410;410;1;4;1;2390;1;2;3;2;3;2;1;1;2;1;1;1;5;6;7;3;2;1;3;5;2;1;10100000;410004;2;1;0;0.3875;0.27666666666666667;0.420462962962963;0.34092592592592597;1.0;0.33;0.33;0.5533333333333333;0.0;0.0;0.0;0.0;1.0;1.0;0.0;0.6666666666666666;0.33;0.33;0.33;0.33;1.0;1.0;1.0;1.0;0.5;0.33;0.66;0.49666666666666676;0.0;0.1111111111111111;0.4444444444444444;0.1851851851851852;0.0;0.0;0.0;0.0;1.0;1.0;1.0;1.0;1.0;1.0;1.0;1.0;1.0;1.0;1.0;1.0;0;0;0;1;1;8;7;5;7;4;5;4;3;6;4;7;8;3;4;7;7;2;3;3;450;20000;0;10;4;1;10;8;8;8;7;1;1;2;3;5;2;2;2;2;1;1;2;3;1;3;6;4;3;4
"1-5-0 (2020-11-16)";"doi.org/10.14281/18241.1";2018;410;"KOR";732;"ROK";410070637;20180107;201712;201801;18.39;18.59;20;1;410044;410010;6;3;4;1;637;2390;"ko";3;1;1.0;0.8032128514056225;41453.815261044176;1;1;1;3;1;3;1;1;1;1;2;1;2;2;2;2;2;1;2;1;2;1;2;1;2;2;2;2;1;2;2;3;3;3;3;3;2;1;3;2;2;1;2;2;1;1;1;3;2;2;8;7;7;4;4;4;3;4;1;1;1;1;2;2;3;3;3;3;3;3;3;2;2;4;4;4;2;2;3;2;2;3;3;3;3;3;3;3;3;3;3;3;3;6;3;3;2;0;0;0;0;0;0;0;0;0;0;0;0;7;4;7;2;8;1;8;3;2;2;3;2;2;3;6;3;2;2;1;1;1;1;1;1;2;2;3;3;3;3;3;3;3;1;1;2;2;2;2;2;3;3;3;1;1;1;2;1;1;2;1;3;7;7;7;7;6;7;4;2;2;2;2;4;4;7;8;3;2;2;7;2;2;1;1;1;2;1;3;5;5;1;4;1;1;1;2;1;1;2;4;4;3;2;2;5;1;5;1;2;1;2;2;3;3;3;3;3;3;3;3;2;2;2;2;1;1;410002;410002;410002;2;3;3;2;2;3;3;3;2;3;2;3;3;3;3;3;6;7;2;7;7;2;5;7;7;6;6;6;7;2;2;2;2;2;2;2;1;1968;49;4;2;1;1;1;410;410;410;1;4;1;2390;1;2;6;3;3;2;1;1;3;2;1;1;3;3;6;2;1;2;3;5;2;0;100000020;410004;2;2;1;0.5533333333333333;0.72;0.3418981481481481;0.26796296296296296;1.0;0.33;0.33;0.5533333333333333;0.66;1.0;1.0;0.8866666666666667;1.0;0.0;0.0;0.3333333333333333;0.66;0.33;0.33;0.44;1.0;0.0;1.0;0.6666666666666666;0.5;0.0;0.33;0.27666666666666667;0.1111111111111111;0.2222222222222222;0.4444444444444444;0.25925925925925924;0.33;0.0;0.165;0.165;1.0;1.0;1.0;1.0;1.0;1.0;1.0;1.0;1.0;1.0;1.0;1.0;0;0;1;0;1;8;6;4;6;6;5;3;4;5;6;5;8;5;5;5;6;1;4;2;500;35000;10000;6;4;1;6;6;7;7;7;1;1;6;5;5;3;2;2;2;3;1;2;2;2;2;7;4;5;4
"1-5-0 (2020-11-16)";"doi.org/10.14281/18241.1";2018;410;"KOR";732;"ROK";410070638;20180107;201712;201801;18.43;19.32;49;1;410031;410020;8;5;2;1;638;2390;"ko";2;1;1.0;0.8032128514056225;41453.815261044176;1;2;2;3;1;2;1;2;1;1;2;1;2;1;2;2;2;1;1;1;1;1;2;1;2;1;3;2;2;3;2;2;2;1;1;1;2;1;4;2;1;1;2;2;2;1;2;2;2;2;7;8;6;4;4;4;4;4;1;1;1;2;1;2;2;3;1;2;2;2;2;1;1;2;3;4;2;1;2;2;2;1;1;1;2;2;1;2;1;2;1;1;2;8;3;2;3;2;1;0;0;0;0;0;0;0;2;0;0;8;8;7;4;3;1;4;2;2;2;1;1;2;2;4;3;2;2;0;1;1;1;1;2;2;2;4;4;4;4;4;3;4;2;1;2;1;1;1;1;2;3;3;2;2;1;3;2;3;2;1;2;6;8;4;7;8;7;8;1;1;1;1;2;3;4;5;1;1;2;8;5;5;1;4;3;6;6;6;6;6;6;9;1;7;1;4;5;5;5;2;4;4;2;2;4;1;3;1;4;2;5;1;2;2;3;3;1;1;3;3;1;2;3;3;3;2;410010;410010;410010;2;2;2;3;3;4;2;2;2;2;1;1;3;3;1;3;5;7;4;8;5;3;7;6;4;7;5;7;8;1;1;1;2;2;2;3;2;1965;52;4;3;1;1;1;410;410;410;1;4;1;2390;1;2;3;2;3;2;0;1;0;1;5;1;-3;7;9;-3;2;2;5;4;2;7;70000000;410004;3;2;1;0.44333333333333336;0.33166666666666667;0.49180555555555555;0.48444444444444446;0.5;0.0;0.66;0.3866666666666667;0.33;0.0;0.5;0.27666666666666667;1.0;1.0;1.0;1.0;0.33;0.0;0.0;0.11;0.0;0.0;1.0;0.3333333333333333;0.25;0.33;0.66;0.41333333333333333;0.5555555555555556;0.5555555555555556;0.5555555555555556;0.5555555555555556;0.33;1.0;0.665;0.665;1.0;1.0;1.0;1.0;1.0;1.0;1.0;1.0;1.0;1.0;1.0;1.0;1;0;1;0;1;7;7;7;7;7;8;6;7;8;8;5;7;6;6;8;7;-3;-3;5;500;26000;0;-3;4;1;-3;-3;-3;8;4;1;1;2;7;5;1;5;2;7;2;5;3;1;4;2;5;2;5;4
"1-5-0 (2020-11-16)";"doi.org/10.14281/18241.1";2018;410;"KOR";732;"ROK";410070639;20180107;201712;201801;18.48;19.24;35;1;410048;410014;7;4;3;1;639;2390;"ko";2;1;1.0;0.8032128514056225;41453.815261044176;1;2;3;2;2;3;2;1;2;1;1;1;2;1;2;2;2;1;1;1;1;1;1;1;1;1;2;1;2;2;2;3;3;3;1;1;3;3;4;2;3;2;2;2;2;1;1;2;2;2;8;8;8;2;4;4;4;4;1;1;1;2;2;3;3;3;2;2;2;2;2;2;2;2;2;2;2;2;1;2;1;2;2;2;2;2;2;2;2;2;2;2;2;8;2;2;3;2;0;0;0;0;0;0;0;0;1;0;1;8;8;8;8;7;2;6;2;2;2;3;2;2;2;7;4;2;2;2;2;2;2;2;2;1;2;4;3;4;4;4;3;4;1;2;2;1;2;2;2;1;3;3;1;1;2;1;2;3;1;1;2;8;8;7;8;4;8;8;1;1;1;1;2;2;2;2;1;1;1;8;5;5;3;5;6;3;3;8;8;7;4;6;3;3;4;3;6;4;4;2;2;2;2;1;4;1;4;1;5;1;5;2;1;2;2;2;2;2;2;2;2;2;2;2;2;2;410001;410001;410001;1;3;3;2;2;2;3;3;2;2;2;2;3;3;2;3;5;8;4;8;7;5;8;8;7;8;8;8;8;2;2;1;1;1;2;2;2;1965;52;4;3;1;1;1;410;410;410;1;4;1;2390;1;2;3;2;3;2;1;1;2;1;1;1;3;4;8;2;2;4;3;5;2;2;20000000;410004;1;1;2;0.4980555555555556;0.33111111111111113;0.4948148148148148;0.48962962962962964;0.5;0.33;0.33;0.3866666666666667;0.66;0.0;0.16666666666666666;0.27555555555555555;1.0;1.0;1.0;1.0;0.33;0.33;0.33;0.33;1.0;1.0;1.0;1.0;0.5;0.33;0.33;0.3866666666666667;0.2222222222222222;0.7777777777777778;0.7777777777777778;0.5925925925925926;0.0;0.0;0.0;0.0;1.0;1.0;1.0;1.0;1.0;1.0;1.0;1.0;1.0;1.0;1.0;1.0;0;0;0;0;1;8;8;8;8;8;8;8;7;8;8;8;8;7;8;8;8;1;2;2;400;10000;6000;8;5;1;8;8;8;8;5;1;1;6;5;8;6;6;6;5;2;2;3;2;3;3;8;6;6;4
"1-5-0 (2020-11-16)";"doi.org/10.14281/18241.1";2018;410;"KOR";732;"ROK";410070640;20180107;201712;201801;18.51;19.23;32;1;410048;410014;7;4;3;1;640;2390;"ko";3;1;1.0;0.8032128514056225;41453.815261044176;1;2;2;2;2;2;1;2;1;1;2;1;1;2;2;2;2;1;1;1;1;1;2;1;2;2;2;2;3;3;3;2;2;1;2;1;4;2;4;2;2;2;2;3;2;2;1;2;2;2;7;7;6;4;4;4;3;4;1;1;1;2;2;3;2;3;3;3;3;3;3;3;2;2;3;3;2;2;2;2;2;3;3;3;3;3;2;2;2;2;3;2;2;5;3;1;2;1;1;0;0;0;0;0;0;0;2;0;0;6;5;6;5;7;1;6;2;2;2;2;2;2;2;6;2;1;0;2;1;0;0;1;2;3;3;3;2;3;3;3;3;3;2;2;2;2;2;2;2;2;3;3;1;1;1;2;3;3;1;4;2;7;7;3;6;2;8;7;1;1;1;1;2;3;2;3;2;1;1;7;4;4;1;1;1;3;2;3;5;4;1;2;1;1;1;1;1;1;3;3;4;4;2;2;2;1;4;5;5;5;5;3;3;3;3;3;3;3;3;3;3;3;3;3;1;1;410001;410001;410001;2;4;4;4;2;2;4;4;2;2;2;3;3;4;2;4;7;6;1;7;6;1;8;7;1;7;8;8;8;2;2;2;2;2;2;2;2;1946;71;6;3;1;1;1;410;410;410;1;2;1;2390;1;2;3;2;3;2;1;1;1;1;5;3;-3;4;9;-3;2;2;5;5;2;7;70000000;410004;2;1;0;0.4422222222222222;0.4427777777777778;0.35074074074074074;0.4098148148148148;0.5;0.33;0.33;0.3866666666666667;0.33;1.0;0.16666666666666666;0.49888888888888894;1.0;0.0;0.0;0.3333333333333333;0.66;0.66;0.33;0.5499999999999999;0.0;0.0;1.0;0.3333333333333333;0.25;0.66;0.66;0.5233333333333333;0.2222222222222222;0.2222222222222222;0.4444444444444444;0.2962962962962963;0.0;0.5;0.25;0.25;1.0;1.0;1.0;1.0;1.0;1.0;1.0;1.0;1.0;1.0;1.0;1.0;1;0;0;0;1;7;6;6;6;5;5;5;5;6;6;6;7;6;7;7;6;-3;-3;5;250;30000;0;-3;6;1;-3;-3;-3;7;7;1;1;6;5;6;6;5;5;5;2;2;3;2;2;3;6;7;5;4
"1-5-0 (2020-11-16)";"doi.org/10.14281/18241.1";2018;410;"KOR";732;"ROK";410070641;20180107;201712;201801;18.54;19.15;20;1;410041;410007;8;5;2;1;641;2390;"ko";1;1;1.0;0.8032128514056225;41453.815261044176;1;1;2;2;1;3;1;1;1;1;2;2;2;1;2;2;2;1;2;1;2;1;2;1;2;2;2;3;3;3;3;2;3;3;2;1;3;3;4;3;2;1;3;3;2;2;2;3;2;1;8;7;6;4;4;4;4;4;1;2;1;1;2;3;3;3;3;2;3;3;3;2;3;3;3;4;3;2;2;2;2;2;1;2;2;2;2;3;3;2;2;1;1;3;3;2;2;0;0;0;0;0;0;0;0;0;0;0;0;4;5;4;4;3;2;5;2;2;3;3;3;2;2;5;4;2;2;1;1;0;1;1;1;2;2;2;4;4;4;4;2;3;1;1;2;1;1;2;2;1;2;3;1;2;1;2;1;2;1;2;1;9;8;9;8;9;9;3;2;2;2;2;3;3;7;8;3;2;2;5;2;1;1;2;1;1;1;4;5;4;1;1;1;1;1;1;1;1;5;3;3;4;3;2;5;1;1;1;5;5;5;1;2;2;2;2;1;2;2;2;1;2;2;2;2;2;-2;-2;-2;2;4;2;4;4;2;4;4;2;3;1;2;2;3;2;3;3;6;3;8;9;9;9;8;8;9;9;6;7;2;2;1;1;1;2;2;1;1988;29;2;1;1;1;1;410;410;410;1;3;2;2390;6;0;3;2;-3;-3;3;2;3;2;6;-3;-3;-3;3;-3;2;2;2;7;2;0;100000020;410004;2;2;2;0.5533333333333333;0.72;0.46564814814814814;0.432962962962963;1.0;0.33;0.33;0.5533333333333333;0.66;1.0;1.0;0.8866666666666667;0.0;1.0;0.0;0.3333333333333333;0.33;0.33;0.66;0.44;1.0;0.0;1.0;0.6666666666666666;0.5;0.66;0.66;0.6066666666666668;0.0;0.3333333333333333;0.4444444444444444;0.25925925925925924;0.66;0.0;0.33;0.33;1.0;1.0;1.0;1.0;1.0;1.0;1.0;1.0;1.0;1.0;1.0;1.0;0;1;0;1;0;7;5;5;6;6;6;4;4;4;4;3;7;2;8;7;3;-3;-3;2;700;60000;0;8;7;1;8;8;9;9;1;1;1;4;5;5;3;2;2;3;2;7;3;3;1;2;5;2;3;-3
"1-5-0 (2020-11-16)";"doi.org/10.14281/18241.1";2018;410;"KOR";732;"ROK";410070642;20180107;201712;201801;18.55;19.48;53;1;410028;410004;8;5;2;1;642;2390;"ko";2;1;1.0;0.8032128514056225;41453.815261044176;1;1;2;2;1;3;1;2;2;1;1;1;1;2;2;2;2;1;2;1;2;1;2;1;2;2;2;2;3;3;3;3;4;2;2;1;4;2;4;4;3;2;3;4;2;2;1;3;2;2;7;6;5;4;4;4;4;4;3;2;1;2;2;3;3;3;2;1;2;2;3;2;2;2;3;3;2;2;2;2;2;2;2;2;2;2;2;2;2;2;2;2;2;9;3;3;2;0;0;0;0;0;0;0;0;0;0;0;0;8;4;8;2;2;1;4;1;2;2;1;1;1;3;8;3;2;2;2;1;1;1;1;1;2;2;4;3;4;3;4;4;4;2;2;2;2;2;2;2;2;3;3;1;2;1;2;4;1;3;1;2;6;8;5;3;7;8;2;2;2;2;2;3;3;1;3;1;1;2;6;1;2;1;1;1;3;3;3;7;6;6;6;1;1;1;1;1;1;7;2;4;4;2;2;1;1;2;1;2;1;1;1;2;2;2;2;2;2;2;2;2;2;2;1;1;1;410002;410002;410002;1;4;3;2;3;3;3;3;2;2;1;2;3;3;1;4;5;6;2;8;7;8;8;7;3;9;10;6;6;2;2;2;2;2;3;3;1;1964;53;4;3;1;1;1;410;410;410;1;4;1;2390;1;2;3;2;3;2;1;1;1;1;3;5;6;-5;7;2;1;2;3;4;2;0;100000020;410004;1;1;0;0.33166666666666667;0.38666666666666666;0.4317592592592593;0.5301851851851852;1.0;0.33;0.33;0.5533333333333333;0.66;0.0;0.0;0.22;1.0;0.0;0.0;0.3333333333333333;0.0;0.33;0.33;0.22;0.0;1.0;1.0;0.6666666666666666;0.75;0.66;0.66;0.6900000000000001;0.2222222222222222;0.2222222222222222;0.6666666666666666;0.3703703703703704;0.0;0.0;0.0;0.0;1.0;1.0;1.0;1.0;1.0;1.0;1.0;1.0;1.0;1.0;1.0;1.0;0;0;0;0;1;6;5;4;5;3;2;4;4;4;3;3;6;2;5;6;4;4;1;3;350;30000;5000;5;4;1;5;5;4;8;5;1;2;1;2;5;3;1;1;2;2;1;3;2;2;2;7;2;2;4
"1-5-0 (2020-11-16)";"doi.org/10.14281/18241.1";2018;410;"KOR";732;"ROK";410070643;20180107;201712;201801;18.57;19.17;20;1;410044;410010;6;3;4;1;643;2390;"ko";3;1;1.0;0.8032128514056225;41453.815261044176;1;1;1;2;1;3;1;1;2;2;2;1;1;1;2;2;2;1;2;1;2;1;2;1;2;2;2;3;3;3;3;3;3;3;3;3;3;3;2;3;3;2;3;3;2;1;1;3;2;2;7;7;7;4;4;4;4;4;1;1;1;1;2;2;3;3;3;3;3;3;3;2;2;3;4;4;2;2;3;2;2;3;3;3;3;3;3;3;3;3;3;3;3;7;2;3;2;0;0;0;0;0;0;0;0;0;0;0;0;7;5;5;3;3;1;7;3;2;3;3;2;2;4;6;3;2;2;1;1;1;1;1;1;3;2;3;4;4;4;4;4;3;1;1;2;2;2;2;2;3;3;3;1;2;2;2;1;3;1;1;2;6;5;6;7;7;7;4;2;2;2;2;3;4;7;8;3;2;1;7;2;1;1;1;1;4;1;5;5;5;1;5;1;1;1;2;1;1;3;3;3;2;3;2;5;1;4;1;2;1;2;2;2;2;2;2;2;2;2;2;2;2;2;2;1;1;410002;410002;410002;2;3;2;3;3;2;3;3;3;3;1;3;4;4;3;3;3;7;5;8;8;3;5;7;6;8;9;7;7;2;2;2;1;2;2;2;2;1979;38;3;2;1;1;1;410;410;410;1;4;1;2390;1;2;3;2;3;2;1;1;1;1;1;1;3;3;6;2;2;2;3;4;2;0;100000020;410004;1;1;2;0.47;0.72;0.4201851851851852;0.5070370370370371;1.0;0.33;0.33;0.5533333333333333;0.66;1.0;1.0;0.8866666666666667;0.0;0.0;0.0;0.0;0.66;0.33;0.33;0.44;1.0;0.0;1.0;0.6666666666666666;0.5;0.66;0.66;0.6066666666666668;0.3333333333333333;0.4444444444444444;0.4444444444444444;0.4074074074074074;0.0;0.0;0.0;0.0;1.0;1.0;1.0;1.0;1.0;1.0;1.0;1.0;1.0;1.0;1.0;1.0;0;0;0;0;1;7;7;7;7;7;5;6;6;5;5;6;7;5;5;5;6;1;4;3;550;20000;8000;7;4;1;7;7;7;7;7;1;1;5;5;5;3;3;3;3;3;1;2;2;2;2;7;4;4;4
"1-5-0 (2020-11-16)";"doi.org/10.14281/18241.1";2018;410;"KOR";732;"ROK";410070644;20180107;201712;201801;19.18;19.47;29;1;410047;410013;7;4;3;1;644;2390;"ko";3;2;1.0;0.8032128514056225;41453.815261044176;1;1;2;2;1;1;1;1;1;1;2;2;1;2;2;2;2;1;2;1;1;1;2;1;2;2;2;2;2;3;3;3;4;2;1;1;3;3;4;2;2;1;2;2;2;3;3;2;2;1;8;7;5;4;4;4;4;4;1;2;1;2;3;3;3;3;2;2;2;2;2;2;2;3;4;4;2;2;2;3;2;3;3;2;2;2;2;2;2;2;2;2;2;6;3;3;2;2;0;0;0;0;0;0;0;0;0;0;0;6;6;7;4;4;2;7;2;3;2;2;2;2;3;6;4;2;2;2;0;1;1;2;1;3;4;3;2;4;3;4;2;3;1;1;2;2;1;2;2;1;2;2;1;2;1;1;2;1;3;1;2;7;7;4;7;3;7;7;1;1;1;1;3;4;1;3;1;1;2;5;2;3;1;1;2;2;1;2;5;5;2;3;2;2;2;2;2;1;2;3;4;3;3;3;5;1;5;2;5;2;5;5;2;3;2;3;2;3;3;3;3;3;3;3;1;1;410010;410010;410010;2;3;3;3;1;1;2;4;1;1;1;2;4;4;2;4;6;6;2;7;7;2;8;6;2;7;9;6;6;2;2;1;1;1;3;3;2;1979;38;3;2;1;1;1;410;410;410;1;7;3;2390;1;3;3;2;5;3;2;1;2;1;5;1;-3;6;5;-3;2;2;3;4;2;1;10100000;410004;1;1;1;0.3458333333333333;0.19333333333333336;0.3672222222222222;0.40111111111111114;0.5;0.33;0.33;0.3866666666666667;0.0;0.0;0.0;0.0;1.0;0.0;1.0;0.6666666666666666;0.33;0.33;0.33;0.33;1.0;0.0;1.0;0.6666666666666666;0.75;0.33;0.66;0.5800000000000001;0.1111111111111111;0.1111111111111111;0.4444444444444444;0.22222222222222224;0.0;0.0;0.0;0.0;1.0;1.0;1.0;1.0;1.0;1.0;1.0;1.0;1.0;1.0;1.0;1.0;0;0;0;0;1;6;5;5;6;3;4;3;3;3;2;2;7;3;6;5;2;-3;-3;3;500;18000;0;-3;4;1;-3;-3;-3;7;3;1;1;2;5;4;1;2;3;3;2;5;3;2;1;3;4;1;3;4
"1-5-0 (2020-11-16)";"doi.org/10.14281/18241.1";2018;410;"KOR";732;"ROK";410070645;20180107;201712;201801;19.22;20.06;43;1;410011;410001;8;5;1;1;645;2390;"ko";2;1;1.0;0.8032128514056225;41453.815261044176;1;1;2;2;2;3;1;1;1;2;1;1;2;2;2;2;2;1;2;1;2;1;2;2;2;2;2;4;2;3;2;2;2;1;3;3;2;1;3;2;3;2;3;2;2;3;1;2;2;2;6;7;6;4;4;4;4;4;3;2;1;2;2;3;2;3;2;1;1;2;2;1;2;2;1;1;2;2;2;2;1;2;2;1;2;2;2;1;2;1;1;2;2;7;1;2;3;0;0;0;0;0;0;0;0;0;0;0;0;6;7;6;7;6;1;6;4;4;4;4;3;2;2;7;3;0;1;0;1;0;0;1;1;3;2;3;2;3;3;3;3;3;2;2;2;2;3;2;2;3;2;3;1;1;1;2;1;1;2;1;2;6;7;6;7;6;7;7;2;2;2;2;2;2;7;8;3;2;1;6;6;5;5;2;2;2;3;4;6;4;1;4;2;2;2;2;2;2;2;3;4;4;2;2;2;1;1;2;4;2;2;2;2;2;2;2;3;3;3;3;2;3;3;3;2;1;410008;410008;410008;1;2;2;2;2;3;2;1;2;2;2;2;3;2;3;3;4;6;5;7;6;7;6;7;6;7;6;7;6;2;2;2;1;1;1;2;2;1990;27;2;1;1;1;1;410;410;410;1;3;2;2390;6;0;6;3;-3;-3;3;2;3;2;1;-3;3;-3;3;2;2;1;3;5;2;0;100000020;410004;2;2;1;0.5958333333333333;0.6366666666666667;0.47791666666666666;0.3733333333333333;0.5;0.33;0.33;0.3866666666666667;0.66;1.0;1.0;0.8866666666666667;1.0;1.0;1.0;1.0;0.0;0.0;0.33;0.11;1.0;1.0;1.0;1.0;0.25;0.33;0.66;0.41333333333333333;0.1111111111111111;0.3333333333333333;0.5555555555555556;0.3333333333333333;0.33;0.0;0.165;0.165;1.0;1.0;1.0;1.0;1.0;1.0;1.0;1.0;1.0;1.0;1.0;1.0;0;0;1;0;1;6;7;7;8;7;7;7;6;7;7;6;7;7;5;6;6;1;5;2;600;50000;0;8;5;1;7;8;6;7;6;1;1;2;2;5;2;8;2;2;2;3;2;3;2;4;6;4;8;-3
"1-5-0 (2020-11-16)";"doi.org/10.14281/18241.1";2018;410;"KOR";732;"ROK";410070646;20180107;201712;201801;19.22;19.43;21;1;410044;410012;7;4;3;1;646;2390;"ko";3;1;1.0;0.8032128514056225;41453.815261044176;1;2;2;3;3;3;2;1;1;1;1;2;1;2;2;2;2;1;2;1;2;1;2;2;2;2;2;2;3;3;3;3;2;1;2;1;2;1;3;3;3;3;3;3;1;1;1;1;2;2;7;7;7;4;4;4;4;4;3;2;1;2;2;3;3;3;2;2;2;2;2;2;2;3;3;3;2;2;2;2;2;2;2;2;2;2;2;2;2;2;2;2;2;7;3;3;2;0;0;0;0;0;0;0;0;0;0;0;0;4;3;4;7;7;1;7;2;2;2;2;2;1;3;6;3;2;2;2;1;1;1;2;2;1;2;4;4;4;4;4;3;4;1;2;2;2;2;2;2;2;2;2;1;2;1;1;2;3;1;3;2;6;6;6;7;7;6;6;2;2;2;2;2;4;7;8;3;2;2;8;2;2;1;2;2;2;3;3;4;3;1;2;1;3;2;2;2;1;3;2;4;4;3;2;5;1;5;1;5;1;5;5;2;2;2;2;2;2;2;2;2;2;2;2;1;1;410002;410002;410002;2;2;2;2;2;2;2;2;2;2;2;2;2;4;2;3;4;7;5;8;8;1;8;2;3;7;7;7;7;2;2;1;1;1;3;3;1;1970;47;4;2;1;1;1;410;410;410;1;3;1;2390;1;1;5;3;6;3;1;1;2;1;1;1;3;3;4;2;2;2;3;6;2;0;100000020;410004;2;1;1;0.6091666666666666;0.5533333333333333;0.4363888888888889;0.37277777777777776;0.0;0.33;0.33;0.22;0.66;1.0;1.0;0.8866666666666667;1.0;1.0;1.0;1.0;0.33;0.33;0.33;0.33;1.0;1.0;1.0;1.0;0.25;0.66;0.66;0.5233333333333333;0.1111111111111111;0.2222222222222222;0.3333333333333333;0.22222222222222224;0.0;0.0;0.0;0.0;1.0;1.0;1.0;1.0;1.0;1.0;1.0;1.0;1.0;1.0;1.0;1.0;0;0;0;1;1;7;7;7;7;7;7;7;7;7;7;7;7;6;5;5;7;1;4;3;450;23000;2500;7;5;1;6;7;6;6;6;1;2;5;5;8;5;7;5;5;2;1;3;2;2;2;8;4;6;4
"1-5-0 (2020-11-16)";"doi.org/10.14281/18241.1";2018;410;"KOR";732;"ROK";410070647;20180107;201712;201801;19.24;19.55;32;1;410011;410001;8;5;1;1;647;2390;"ko";2;1;1.0;0.8032128514056225;41453.815261044176;1;2;3;2;2;3;2;1;1;1;2;2;1;1;2;2;2;1;2;1;2;1;2;2;2;2;2;3;2;3;2;2;2;1;2;1;4;2;4;1;2;1;1;2;2;3;1;2;2;2;8;7;8;4;4;4;4;4;1;2;1;3;2;3;3;2;2;2;3;2;2;2;2;2;3;3;2;1;2;2;2;2;2;1;2;2;1;2;2;2;1;1;2;7;2;1;2;0;0;0;0;1;0;0;0;0;2;0;0;10;2;8;3;4;2;5;1;2;2;2;2;2;3;9;3;2;0;2;0;0;1;2;1;2;2;3;2;3;3;4;4;4;1;2;2;3;4;2;2;2;3;4;1;2;1;2;4;1;2;2;1;8;9;6;4;2;10;5;1;2;2;2;3;3;7;7;3;1;2;6;4;3;1;2;1;1;2;3;5;3;1;4;2;2;2;1;3;1;3;2;4;4;2;1;3;1;3;2;5;5;5;2;2;2;1;2;1;1;1;1;2;2;2;2;1;1;8;8;8;1;3;2;3;2;1;3;4;1;2;1;4;3;4;3;4;8;5;2;10;7;3;9;2;4;9;10;6;6;2;1;1;1;1;2;3;1;1965;52;4;3;1;1;1;410;410;410;1;4;1;2390;1;2;2;1;2;1;1;1;1;1;1;5;8;-5;8;2;1;2;5;3;1;0;100000020;410004;2;2;2;0.54;0.5816666666666667;0.36680555555555555;0.31777777777777777;0.5;0.0;0.33;0.27666666666666667;0.66;1.0;1.0;0.8866666666666667;1.0;1.0;0.0;0.6666666666666666;0.33;0.33;0.33;0.33;1.0;0.0;1.0;0.6666666666666666;0.25;0.33;0.66;0.41333333333333333;0.0;0.2222222222222222;0.4444444444444444;0.2222222222222222;0.33;0.0;0.165;0.165;1.0;1.0;1.0;1.0;1.0;1.0;1.0;1.0;1.0;1.0;1.0;1.0;0;0;1;1;0;8;6;6;7;3;4;3;3;6;7;8;8;4;8;7;5;2;3;5;350;20000;0;9;3;1;7;6;7;7;6;1;1;2;1;4;6;2;2;1;1;2;2;3;1;3;4;4;2;4
"1-5-0 (2020-11-16)";"doi.org/10.14281/18241.1";2018;410;"KOR";732;"ROK";410070648;20180107;201712;201801;19.29;19.51;22;1;410028;410004;8;5;2;1;648;2390;"ko";2;1;1.0;0.8032128514056225;41453.815261044176;1;2;2;2;2;2;1;1;1;1;1;2;2;2;2;2;2;1;2;1;2;1;2;1;2;2;3;3;3;3;3;3;4;2;4;2;4;2;5;4;3;4;4;4;2;3;3;3;2;2;5;5;5;4;4;4;4;4;1;2;2;2;2;4;4;4;2;2;2;2;2;2;2;2;2;3;2;2;2;3;2;2;2;2;3;3;3;3;2;2;2;2;3;7;2;1;1;0;0;0;0;0;0;0;0;0;0;0;0;5;5;4;5;5;1;5;2;3;2;2;3;2;2;4;3;2;2;2;2;2;2;2;2;3;3;3;3;2;3;3;3;2;2;2;2;3;3;2;2;3;3;3;2;1;1;1;2;3;4;2;1;7;7;7;7;7;7;7;1;1;1;1;3;3;1;3;1;1;1;6;3;3;2;2;2;2;4;4;4;4;4;4;4;4;4;4;5;5;5;3;3;3;3;2;3;1;5;1;4;2;5;5;3;3;3;3;3;3;3;3;3;3;3;3;2;2;-2;-2;-2;2;3;2;3;3;3;3;2;2;3;2;4;1;4;2;4;6;7;10;7;7;7;8;7;1;7;10;8;8;2;2;2;2;2;3;3;2;1970;47;4;2;1;1;1;410;410;410;1;2;1;2390;1;2;3;2;3;2;1;1;1;1;1;1;3;3;7;2;2;2;3;3;1;2;20000000;410004;2;2;1;0.5258333333333334;0.3866666666666667;0.5285648148148148;0.4746296296296296;1.0;0.33;0.66;0.6633333333333334;0.33;0.0;0.0;0.11;1.0;1.0;1.0;1.0;0.33;0.33;0.33;0.33;1.0;1.0;1.0;1.0;0.75;0.66;0.66;0.6900000000000001;0.1111111111111111;0.3333333333333333;0.3333333333333333;0.25925925925925924;0.33;0.0;0.165;0.165;1.0;1.0;1.0;1.0;1.0;1.0;1.0;1.0;1.0;1.0;1.0;1.0;0;0;1;1;0;5;7;7;6;6;7;7;6;6;7;7;5;6;6;7;6;1;3;3;400;20000;3000;6;4;1;7;7;6;7;6;1;1;3;3;6;5;3;3;3;2;1;2;2;2;3;6;5;5;4
"1-5-0 (2020-11-16)";"doi.org/10.14281/18241.1";2018;410;"KOR";732;"ROK";410070649;20180107;201712;201801;19.31;20.17;47;1;410048;410014;7;4;3;1;649;2390;"ko";2;1;1.0;0.8032128514056225;41453.815261044176;1;2;3;3;1;3;2;1;2;1;2;1;1;1;2;2;2;1;1;1;1;1;1;1;1;1;1;2;2;3;2;2;2;1;1;1;2;1;4;2;3;2;2;2;2;1;2;2;2;2;8;8;8;3;4;4;4;4;2;1;1;2;2;2;3;3;1;2;2;2;3;3;3;2;3;3;3;2;2;2;2;2;2;2;2;2;2;2;2;2;2;2;2;8;1;2;1;0;0;0;0;0;0;0;0;0;1;0;0;6;8;6;8;6;2;5;3;3;3;2;3;2;2;7;4;2;2;2;2;2;2;2;2;3;2;4;3;4;4;4;3;4;1;2;2;2;3;1;2;1;3;3;1;1;1;1;3;1;3;1;2;8;8;7;8;8;8;7;1;1;1;1;2;3;3;4;2;1;1;7;7;7;8;4;6;3;2;7;7;7;4;5;2;4;4;3;5;3;3;2;2;2;3;2;5;1;5;1;5;1;5;2;2;2;2;2;2;2;2;2;2;2;2;2;2;2;-2;-2;-2;1;2;1;2;2;2;2;2;2;2;2;3;3;3;3;2;7;7;7;7;8;7;7;8;7;7;7;8;7;2;2;1;1;1;3;3;2;1972;45;4;2;1;1;1;410;410;410;1;2;1;2390;1;1;3;2;5;3;1;1;1;1;1;1;3;6;9;2;1;3;3;5;2;7;70000000;410004;2;1;2;0.6227777777777778;0.4705555555555555;0.46212962962962956;0.4659259259259259;0.5;0.33;0.0;0.27666666666666667;0.66;1.0;0.3333333333333333;0.6644444444444444;1.0;1.0;1.0;1.0;0.33;0.66;0.66;0.55;1.0;0.0;1.0;0.6666666666666666;0.25;0.33;0.66;0.41333333333333333;0.2222222222222222;0.6666666666666666;0.6666666666666666;0.5185185185185185;0.0;0.5;0.25;0.25;1.0;1.0;1.0;1.0;1.0;1.0;1.0;1.0;1.0;1.0;1.0;1.0;1;0;0;0;1;8;8;7;8;8;8;8;6;5;7;6;8;3;7;8;8;1;2;3;400;13000;0;9;5;1;8;9;8;8;5;2;1;5;5;6;6;5;5;5;2;7;2;3;2;3;6;6;5;4
"1-5-0 (2020-11-16)";"doi.org/10.14281/18241.1";2018;410;"KOR";732;"ROK";410070650;20180107;201712;201801;19.33;20.16;44;1;410031;410020;8;5;2;1;650;2390;"ko";3;1;1.0;0.8032128514056225;41453.815261044176;1;1;1;3;2;3;2;1;1;1;1;2;2;1;2;2;2;1;2;1;2;1;2;2;2;2;1;2;1;3;3;2;3;3;2;1;2;1;3;3;1;2;3;3;3;2;2;3;2;1;6;6;4;4;4;4;4;4;3;2;2;3;2;4;4;4;4;3;3;3;4;4;3;3;4;4;3;4;3;3;4;3;3;3;3;3;4;3;3;4;3;3;3;3;3;1;2;0;2;0;0;0;0;0;0;0;2;0;0;6;6;4;4;7;2;7;3;2;3;2;2;1;0;7;2;2;2;2;0;2;0;0;2;2;2;3;2;4;4;4;2;4;2;2;2;1;2;1;1;2;2;2;2;2;2;1;3;3;2;1;2;8;7;7;5;4;8;7;1;2;2;2;4;4;7;8;3;1;2;7;3;4;2;2;4;6;5;7;7;7;4;8;1;4;2;3;5;6;8;3;3;4;3;3;4;2;3;1;2;1;1;1;2;2;3;3;2;2;3;3;2;2;3;3;3;3;410002;410002;410002;3;2;4;3;3;4;3;4;3;3;3;2;1;4;2;4;3;8;5;8;5;2;5;7;7;8;7;8;8;1;2;2;2;2;4;4;1;1995;22;1;1;1;1;1;410;410;410;1;4;2;2390;6;0;3;2;-3;-3;3;2;3;2;6;-3;-3;-3;4;-3;2;2;3;6;2;0;100000020;410004;3;2;2;0.7758333333333334;0.665;0.6078240740740741;0.5081481481481482;1.0;0.33;0.0;0.44333333333333336;0.66;1.0;1.0;0.8866666666666667;1.0;1.0;1.0;1.0;0.66;1.0;0.66;0.7733333333333334;1.0;1.0;1.0;1.0;0.5;0.0;0.66;0.3866666666666667;0.5555555555555556;0.6666666666666666;0.6666666666666666;0.6296296296296297;0.33;0.5;0.41500000000000004;0.41500000000000004;1.0;1.0;1.0;1.0;1.0;1.0;1.0;1.0;1.0;1.0;1.0;1.0;1;0;1;0;1;6;4;3;4;3;4;3;5;5;4;3;8;2;8;3;7;-3;-3;3;500;24000;5000;-3;5;1;-3;-3;-3;7;1;1;1;3;2;7;1;5;4;2;3;7;2;2;4;4;6;1;5;-3
"1-5-0 (2020-11-16)";"doi.org/10.14281/18241.1";2018;410;"KOR";732;"ROK";410070651;20180107;201712;201801;19.33;20.04;32;1;410026;410002;8;5;2;1;651;2390;"ko";2;1;1.0;0.8032128514056225;41453.815261044176;1;1;2;3;3;3;1;2;1;2;1;1;2;1;2;2;2;1;2;1;2;1;2;2;2;2;2;3;2;3;3;3;3;3;3;3;4;2;3;3;4;3;2;3;2;1;1;2;2;2;8;7;8;4;4;4;4;4;1;2;1;1;2;2;3;3;2;2;3;3;2;3;3;3;2;3;3;2;3;2;3;2;3;2;2;2;2;2;2;2;2;2;2;7;3;1;2;0;0;0;0;0;0;0;0;0;0;0;0;6;7;7;7;8;1;7;2;3;3;3;2;3;3;7;4;1;1;1;0;1;1;1;1;3;3;4;4;4;4;4;4;4;1;1;2;3;3;2;2;2;2;2;2;2;2;2;1;3;2;1;3;7;8;8;4;3;8;6;1;1;1;1;3;4;7;8;3;1;2;8;3;2;3;2;2;4;1;5;5;6;6;7;2;2;3;1;1;1;5;2;1;1;3;3;5;1;4;2;5;2;5;2;3;3;3;3;3;3;3;3;3;3;3;3;1;1;-2;-2;-2;3;2;3;2;3;3;3;2;3;3;2;2;2;3;2;3;9;8;6;8;7;9;8;8;8;7;8;7;8;2;1;1;1;1;2;2;2;1956;61;5;3;1;1;1;410;410;410;1;1;1;2390;5;2;3;2;-3;-3;2;1;2;1;5;-3;-3;-5;9;-3;2;2;3;6;2;0;100000020;410004;2;2;1;0.6783333333333332;0.5816666666666667;0.43393518518518515;0.45203703703703707;0.5;0.0;0.33;0.27666666666666667;0.66;1.0;1.0;0.8866666666666667;1.0;1.0;1.0;1.0;0.33;0.66;0.66;0.55;0.0;1.0;1.0;0.6666666666666666;0.5;0.33;0.66;0.49666666666666676;0.3333333333333333;0.4444444444444444;0.4444444444444444;0.4074074074074074;0.33;0.0;0.165;0.165;1.0;1.0;1.0;1.0;1.0;1.0;1.0;1.0;1.0;1.0;1.0;1.0;0;0;1;0;1;8;8;9;8;8;8;8;7;8;8;7;8;8;8;8;8;-3;-3;3;80;27000;0;8;6;1;9;8;8;7;8;1;1;4;4;6;5;5;4;4;2;1;3;2;1;2;6;5;5;-5
"1-5-0 (2020-11-16)";"doi.org/10.14281/18241.1";2018;410;"KOR";732;"ROK";410070652;20180107;201712;201801;19.4;20.2;41;1;410041;410007;8;5;2;1;652;2390;"ko";1;1;1.0;0.8032128514056225;41453.815261044176;1;2;2;1;1;3;1;2;1;1;2;1;2;2;2;1;2;1;2;1;2;1;2;1;2;2;2;2;3;3;3;3;3;3;3;3;4;2;4;2;2;4;3;3;2;2;3;3;2;2;7;7;6;4;4;4;4;4;1;2;1;1;2;3;3;3;2;2;3;2;3;2;2;2;3;3;2;2;3;2;2;2;2;2;2;2;1;2;2;2;2;2;2;5;3;1;2;0;0;0;0;0;0;0;0;0;0;0;0;6;6;5;5;5;1;4;2;2;3;3;3;2;4;5;4;2;2;1;0;1;1;1;1;3;2;2;1;4;4;4;2;2;1;1;2;1;1;2;2;1;2;3;1;2;2;1;2;2;1;2;3;7;8;8;8;8;8;2;2;2;2;2;3;3;7;8;3;2;2;7;3;2;1;1;2;1;1;4;4;2;1;3;1;1;1;3;1;1;5;3;3;3;2;2;1;1;5;1;5;1;5;2;2;2;2;2;2;2;2;2;1;3;2;3;2;1;410001;410001;410001;2;3;3;4;2;2;4;4;2;3;1;2;2;3;2;3;5;7;8;8;9;9;8;9;9;9;9;6;7;2;2;1;1;1;2;2;1;1959;58;5;3;1;1;1;410;410;410;1;3;1;2390;1;1;6;3;6;3;1;1;1;1;3;3;4;4;6;2;1;2;3;5;2;0;100000020;410004;3;2;0;0.6091666666666666;0.72;0.37305555555555553;0.4144444444444445;1.0;0.33;0.33;0.5533333333333333;0.66;1.0;1.0;0.8866666666666667;1.0;0.0;1.0;0.6666666666666666;0.33;0.33;0.33;0.33;0.0;0.0;1.0;0.3333333333333333;0.5;0.66;0.66;0.6066666666666668;0.0;0.3333333333333333;0.3333333333333333;0.2222222222222222;0.66;0.0;0.33;0.33;1.0;1.0;1.0;1.0;1.0;1.0;1.0;1.0;1.0;1.0;1.0;1.0;0;1;0;1;1;7;5;5;5;5;6;6;5;5;3;3;7;2;7;7;3;3;2;2;500;40000;0;7;5;1;8;7;7;8;4;1;1;3;2;5;7;3;2;3;2;2;2;1;2;2;5;7;3;4
"1-5-0 (2020-11-16)";"doi.org/10.14281/18241.1";2018;410;"KOR";732;"ROK";410070653;20180107;201712;201801;19.41;20.09;28;1;410026;410002;8;5;2;1;653;2390;"ko";2;1;1.0;0.8032128514056225;41453.815261044176;1;2;3;2;2;3;2;2;1;1;1;2;1;1;2;2;2;1;1;1;1;1;2;1;1;1;2;1;2;2;1;2;3;3;2;1;3;3;2;2;3;3;2;2;2;2;2;1;2;2;8;8;7;4;4;4;4;4;1;1;1;2;2;2;3;3;2;2;3;3;3;2;2;3;4;3;3;2;2;3;1;2;2;3;2;2;3;3;2;3;3;2;2;8;3;2;2;0;2;0;0;0;0;0;0;0;0;0;0;4;7;8;7;4;1;4;2;2;2;2;2;2;2;7;3;2;2;1;1;0;1;1;0;3;2;4;4;4;3;4;4;4;1;1;2;3;3;2;2;2;4;4;1;1;2;2;1;2;1;1;2;7;8;7;8;7;8;8;2;2;2;2;3;3;6;8;3;2;2;4;7;6;8;3;3;2;2;4;4;5;4;5;3;6;5;3;3;3;7;3;3;4;3;2;3;1;5;2;5;2;5;5;2;3;3;2;1;2;2;2;2;2;2;2;3;2;410002;410002;410002;2;3;3;2;2;2;1;1;2;2;2;2;3;2;1;2;7;8;7;7;8;9;8;7;8;7;8;7;7;2;2;2;3;2;2;2;2;1980;37;3;2;1;1;1;410;410;410;1;4;1;2390;1;2;6;3;6;3;2;1;2;1;5;1;-3;3;4;-3;2;1;2;8;3;0;100000020;410004;2;2;1;0.5952777777777778;0.5255555555555557;0.41064814814814815;0.322962962962963;0.0;0.33;0.33;0.22;0.66;1.0;0.8333333333333334;0.8311111111111112;1.0;1.0;1.0;1.0;0.33;0.33;0.33;0.33;0.0;1.0;1.0;0.6666666666666666;0.5;0.33;0.33;0.3866666666666667;0.1111111111111111;0.3333333333333333;0.3333333333333333;0.25925925925925924;0.66;0.0;0.33;0.33;1.0;1.0;1.0;1.0;1.0;1.0;1.0;1.0;1.0;1.0;1.0;1.0;0;1;0;0;1;9;7;8;8;8;8;7;9;8;8;7;9;8;8;7;5;-3;-3;2;600;45000;3000;-3;3;1;-3;-3;-3;8;7;1;1;5;5;9;6;5;6;6;2;7;1;2;3;2;8;6;5;4
"1-5-0 (2020-11-16)";"doi.org/10.14281/18241.1";2018;410;"KOR";732;"ROK";410070654;20180107;201712;201801;19.42;20.03;21;1;410043;410009;7;4;3;1;654;2390;"ko";2;1;1.0;0.8032128514056225;41453.815261044176;1;2;2;1;1;1;1;1;1;1;2;2;2;2;1;2;2;1;2;1;2;1;2;1;2;2;1;2;3;4;4;2;2;1;2;1;4;2;5;2;2;2;2;3;2;1;3;3;2;2;8;8;6;4;4;4;4;4;1;1;1;2;3;4;3;3;2;3;4;3;2;2;2;2;2;4;3;2;2;3;2;2;2;2;2;2;2;2;2;2;2;2;2;9;3;3;2;0;0;0;0;0;0;0;0;0;0;0;0;9;8;2;4;3;1;7;3;3;3;3;3;2;2;5;3;2;1;2;2;2;2;2;1;3;3;4;4;4;4;4;4;4;1;1;2;1;1;2;2;1;1;2;1;2;1;1;2;2;1;2;4;8;7;9;8;8;7;10;1;1;1;1;2;2;1;1;1;1;1;8;3;2;1;1;1;1;1;1;1;1;1;5;1;1;1;1;1;1;1;3;4;3;1;2;1;1;1;1;2;1;1;2;1;2;1;2;1;2;2;1;1;1;2;3;1;1;410002;410002;410002;2;4;2;1;1;2;2;2;1;1;1;2;2;4;1;4;2;9;3;9;8;2;8;8;8;9;10;9;9;2;2;2;2;2;2;2;1;1973;44;3;2;1;1;1;410;410;410;1;4;1;2390;1;2;6;3;5;3;3;2;2;1;1;5;8;-5;8;2;1;1;2;7;2;2;20000000;410004;2;2;0;0.30416666666666664;0.22166666666666668;0.4083333333333333;0.31833333333333336;1.0;0.33;0.0;0.44333333333333336;0.0;0.0;0.0;0.0;1.0;0.0;0.0;0.3333333333333333;0.66;0.33;0.33;0.44;1.0;0.0;1.0;0.6666666666666666;0.25;0.66;1.0;0.6366666666666667;0.0;0.0;0.0;0.0;0.66;0.0;0.33;0.33;1.0;1.0;1.0;1.0;1.0;1.0;1.0;1.0;1.0;1.0;1.0;1.0;0;1;0;1;0;8;8;7;7;7;7;7;7;7;7;8;8;9;8;8;6;1;8;2;300;25000;8000;9;7;1;9;9;9;8;7;1;1;1;9;10;1;1;1;7;1;1;3;1;2;1;10;1;1;4
"1-5-0 (2020-11-16)";"doi.org/10.14281/18241.1";2018;410;"KOR";732;"ROK";410070655;20180107;201712;201801;19.45;20.05;20;1;410041;410007;8;5;2;1;655;2390;"ko";3;1;1.0;0.8032128514056225;41453.815261044176;1;2;2;3;4;4;2;1;2;1;1;1;2;2;2;1;2;1;2;1;1;1;2;1;2;2;3;2;2;4;3;2;3;3;2;1;3;3;1;3;2;3;2;2;3;1;2;3;2;3;7;6;6;4;4;4;4;4;3;1;1;2;2;4;4;4;3;2;2;3;1;2;3;2;1;2;2;2;2;1;3;1;2;2;1;1;3;2;2;1;2;2;1;8;1;1;1;0;0;0;0;0;0;0;0;0;0;0;0;8;8;4;5;5;2;5;2;2;2;3;2;2;4;6;4;1;2;1;0;2;1;1;2;3;2;3;2;3;3;4;3;2;1;1;2;4;4;2;2;3;3;3;1;1;2;1;3;1;3;2;1;7;6;5;5;8;6;5;2;2;2;1;3;4;7;8;3;2;1;7;1;2;3;2;2;2;3;2;5;7;2;2;2;2;1;1;2;1;3;1;1;2;4;2;2;1;3;2;5;1;4;3;2;3;3;2;2;3;3;2;3;2;2;3;2;2;410002;410002;410002;1;2;1;3;2;1;3;2;2;3;2;2;3;3;2;2;6;5;6;8;8;6;7;7;6;8;5;7;6;1;2;1;1;1;1;3;2;1965;52;4;3;1;1;1;410;410;410;1;4;1;2390;1;2;3;2;3;2;1;1;1;1;5;1;-3;6;8;-3;2;2;3;6;2;0;100000020;410004;2;1;1;0.7758333333333334;0.8316666666666668;0.5205555555555555;0.4161111111111111;1.0;0.33;0.66;0.6633333333333334;1.0;1.0;1.0;1.0;1.0;1.0;1.0;1.0;0.33;0.33;0.66;0.44;1.0;1.0;1.0;1.0;0.5;0.33;1.0;0.61;0.1111111111111111;0.1111111111111111;0.4444444444444444;0.22222222222222224;0.0;0.5;0.25;0.25;1.0;1.0;1.0;1.0;1.0;1.0;1.0;1.0;1.0;1.0;1.0;1.0;1;0;0;1;0;7;8;7;7;6;7;5;7;5;7;4;7;7;6;6;6;-3;-3;3;500;70000;0;-3;6;1;-3;-3;-3;8;7;1;1;3;3;8;6;5;3;3;1;1;2;2;2;1;8;6;6;4
"1-5-0 (2020-11-16)";"doi.org/10.14281/18241.1";2018;410;"KOR";732;"ROK";410070656;20180107;201712;201801;19.52;20.29;37;1;410041;410007;8;5;2;1;656;2390;"ko";3;1;1.0;0.8032128514056225;41453.815261044176;1;2;2;3;4;4;2;2;2;1;1;1;1;1;2;2;2;1;1;1;2;1;2;1;2;1;2;2;2;3;3;2;2;1;1;1;3;3;3;2;3;3;3;3;2;1;1;2;2;2;8;8;6;4;4;4;4;4;1;2;1;2;3;3;3;3;4;2;2;2;2;2;2;2;2;2;2;2;2;2;2;2;2;2;1;1;1;1;1;1;1;1;1;7;2;1;2;0;0;0;0;0;0;0;0;0;0;0;0;6;6;4;4;6;2;7;2;2;2;2;2;2;2;7;3;2;0;2;1;0;2;1;1;2;2;3;2;4;4;4;3;3;1;2;2;2;2;2;2;1;3;4;2;2;1;3;1;3;2;1;2;5;5;6;5;5;5;3;2;2;2;2;4;4;7;7;3;2;2;4;2;2;1;2;2;3;3;4;6;6;4;5;1;1;2;2;2;3;4;4;4;4;3;3;5;1;5;1;5;1;5;5;3;2;2;3;1;1;3;3;3;3;3;3;1;1;-2;-2;-2;2;3;2;3;2;2;2;2;2;2;2;1;2;4;2;4;3;6;1;9;5;1;7;5;5;5;5;5;4;2;2;2;2;2;3;3;2;1971;46;4;2;1;1;1;410;410;410;1;4;1;2390;1;2;5;3;6;3;2;1;3;2;5;1;-3;3;6;-3;2;2;3;5;2;0;100000020;410004;3;2;1;0.6791666666666667;0.6933333333333334;0.5288425925925926;0.3918518518518519;0.5;0.33;0.33;0.3866666666666667;1.0;1.0;1.0;1.0;1.0;1.0;1.0;1.0;0.33;0.33;0.33;0.33;0.0;1.0;1.0;0.6666666666666666;0.25;0.33;0.66;0.41333333333333333;0.2222222222222222;0.3333333333333333;0.5555555555555556;0.3703703703703704;0.33;1.0;0.665;0.665;1.0;1.0;1.0;1.0;1.0;1.0;1.0;1.0;1.0;1.0;1.0;1.0;1;0;1;0;1;7;6;5;6;3;3;3;2;4;5;5;7;4;6;5;8;-3;-3;3;350;0;0;-3;5;1;-3;-3;-3;8;4;1;1;4;6;5;1;2;3;4;2;1;2;2;2;2;8;1;5;4
"1-5-0 (2020-11-16)";"doi.org/10.14281/18241.1";2018;410;"KOR";732;"ROK";410070657;20180107;201712;201801;19.56;20.32;37;1;410026;410002;8;5;2;1;657;2390;"ko";2;1;1.0;0.8032128514056225;41453.815261044176;1;2;2;2;2;2;2;1;2;1;1;2;1;1;2;2;2;1;2;2;2;2;2;2;2;2;1;4;3;3;3;2;2;1;1;1;2;1;2;2;2;2;2;2;2;3;2;2;2;1;8;9;8;4;4;4;4;4;3;2;1;4;2;4;3;4;3;3;4;4;3;2;2;2;3;3;3;3;3;3;2;3;2;3;3;3;2;2;2;2;2;2;2;8;3;3;2;0;1;1;0;0;0;0;0;0;0;0;0;8;7;7;3;7;2;6;2;2;2;2;2;2;2;6;4;2;1;2;2;2;1;1;1;2;2;2;2;3;4;3;4;3;1;1;2;2;2;2;2;2;3;2;1;2;1;1;2;1;2;1;2;9;8;9;8;2;6;8;2;2;2;2;4;4;7;7;3;2;2;3;6;1;1;1;4;5;4;5;6;6;6;5;5;6;7;6;5;3;8;1;3;4;3;2;2;3;4;3;3;2;4;2;1;1;1;1;2;2;3;3;2;1;1;1;1;1;410002;410002;410002;2;2;3;2;3;3;3;3;3;3;2;3;3;4;3;4;3;8;1;3;6;5;7;8;8;6;8;9;8;2;2;1;1;2;2;3;2;1983;34;2;2;1;1;1;410;410;410;1;4;2;2390;6;0;7;3;-3;-3;3;2;5;3;1;-3;5;-3;6;2;2;3;2;8;3;0;100000020;410004;2;2;2;0.45666666666666667;0.5266666666666667;0.5424537037037037;0.5024074074074074;0.5;0.33;0.0;0.27666666666666667;0.33;1.0;1.0;0.7766666666666667;0.0;0.0;1.0;0.3333333333333333;0.66;0.33;0.33;0.44;1.0;1.0;1.0;1.0;0.25;0.66;0.66;0.5233333333333333;0.4444444444444444;0.4444444444444444;0.5555555555555556;0.48148148148148145;0.33;0.0;0.165;0.165;1.0;1.0;1.0;1.0;1.0;1.0;1.0;1.0;1.0;1.0;1.0;1.0;0;0;1;0;1;8;8;8;7;7;8;7;8;8;8;9;9;8;9;8;7;1;4;2;550;100000;3000;8;6;1;9;9;9;8;3;1;3;4;3;5;3;3;2;3;2;1;2;3;3;3;6;3;3;-3
"1-5-0 (2020-11-16)";"doi.org/10.14281/18241.1";2018;410;"KOR";732;"ROK";410070658;20180107;201712;201801;19.58;20.18;21;1;410043;410009;7;4;3;1;658;2390;"ko";3;1;1.0;0.8032128514056225;41453.815261044176;1;1;1;1;1;1;1;1;1;1;2;2;1;2;2;2;2;1;2;1;2;2;2;2;2;2;1;1;1;1;1;2;2;1;2;1;2;1;2;1;1;1;2;2;2;1;1;2;1;1;7;7;8;3;3;4;4;4;1;1;1;1;1;4;2;2;1;2;4;4;2;2;2;2;2;2;2;2;2;3;2;3;3;3;3;3;3;3;3;3;3;3;3;8;3;3;2;0;0;0;0;0;0;0;0;0;0;0;0;8;4;7;3;3;2;7;2;2;2;2;2;2;4;8;2;2;2;1;1;1;1;1;1;2;2;4;4;4;4;4;4;4;1;1;2;1;1;2;2;4;4;4;1;1;2;1;3;2;1;1;2;8;8;8;8;8;8;8;1;1;1;1;3;4;2;2;1;2;2;3;4;4;1;1;1;1;1;1;1;1;1;1;1;1;1;1;1;1;1;2;4;4;2;2;1;1;5;1;5;1;1;1;2;2;1;2;2;2;3;1;1;1;3;3;1;1;410002;410002;410002;1;3;2;3;3;1;3;3;1;2;1;2;3;3;2;2;3;8;3;10;8;3;10;8;8;8;8;8;8;1;2;1;1;1;1;1;1;1990;27;2;1;1;1;1;410;410;410;1;4;1;2390;6;0;6;3;-3;-3;3;2;3;2;1;-3;3;-3;6;2;2;1;2;7;2;1;10100000;410004;3;2;1;0.24888888888888888;0.1661111111111111;0.3325;0.041666666666666664;0.5;0.33;0.0;0.27666666666666667;0.0;0.0;0.16666666666666666;0.05555555555555555;1.0;0.0;0.0;0.3333333333333333;0.33;0.33;0.33;0.33;1.0;0.0;1.0;0.6666666666666666;0.25;0.0;0.0;0.08333333333333333;0.0;0.0;0.0;0.0;0.66;0.5;0.5800000000000001;0.5800000000000001;1.0;1.0;1.0;1.0;1.0;1.0;1.0;1.0;1.0;1.0;1.0;1.0;1;1;0;0;1;7;9;8;8;10;9;8;8;8;8;8;9;4;4;7;7;1;8;2;800;30000;5000;9;8;1;8;8;9;8;7;1;1;4;4;7;1;2;2;2;2;1;3;1;3;2;7;1;3;-3
"1-5-0 (2020-11-16)";"doi.org/10.14281/18241.1";2018;410;"KOR";732;"ROK";410070659;20180107;201712;201801;20.0;20.3;30;1;410047;410013;7;4;3;1;659;2390;"ko";3;1;1.0;0.8032128514056225;41453.815261044176;1;1;2;2;1;2;1;1;1;1;2;2;1;2;2;2;2;1;2;2;1;2;2;1;2;2;2;3;2;3;2;2;3;3;2;1;4;2;4;2;1;1;2;2;2;3;3;3;2;2;7;6;5;4;4;4;4;4;1;2;1;3;4;4;4;4;3;2;2;2;1;1;2;3;4;4;3;2;2;3;2;2;2;2;3;3;3;3;3;3;3;3;3;7;3;2;2;1;0;0;0;0;0;0;0;0;1;0;0;4;5;5;4;5;2;7;3;3;2;2;2;2;4;7;3;2;1;2;0;1;1;1;1;3;3;3;2;4;4;4;2;3;1;2;2;2;1;2;2;1;2;3;1;2;1;2;1;1;3;1;2;7;7;4;6;5;6;5;1;1;1;1;4;4;4;4;2;1;1;6;2;3;1;2;2;2;2;2;5;5;3;3;2;1;2;2;3;2;2;3;3;3;2;2;5;1;5;5;5;5;5;5;2;3;3;3;2;3;3;3;3;2;3;3;1;1;410001;410001;410001;2;3;3;3;1;2;2;4;1;1;1;1;4;4;2;4;7;7;3;7;6;3;7;7;2;8;9;6;6;2;2;1;1;1;3;3;1;1953;64;5;3;1;1;1;410;410;410;1;2;1;2390;1;2;2;1;1;1;0;1;1;1;1;5;8;-5;-5;2;1;2;5;2;1;7;70000000;410004;1;1;1;0.5958333333333333;0.5816666666666667;0.3463888888888889;0.3594444444444445;1.0;0.33;0.33;0.5533333333333333;0.33;1.0;0.5;0.61;1.0;1.0;1.0;1.0;0.33;0.0;0.33;0.22;1.0;0.0;1.0;0.6666666666666666;0.5;0.33;0.66;0.49666666666666676;0.1111111111111111;0.1111111111111111;0.4444444444444444;0.22222222222222224;0.0;0.0;0.0;0.0;1.0;1.0;1.0;1.0;1.0;1.0;1.0;1.0;1.0;1.0;1.0;1.0;0;0;0;0;1;6;5;5;6;3;5;3;3;4;3;4;7;4;5;4;1;2;3;5;170;90000;0;5;2;1;6;4;4;5;2;2;1;4;2;2;4;2;2;2;1;2;3;3;1;3;3;5;3;4
"1-5-0 (2020-11-16)";"doi.org/10.14281/18241.1";2018;410;"KOR";732;"ROK";410070660;20180107;201712;201801;20.05;20.29;24;1;410041;410007;8;5;2;1;660;2390;"ko";2;1;1.0;0.8032128514056225;41453.815261044176;1;2;2;1;1;3;1;2;2;1;1;2;1;1;2;2;2;1;2;1;1;1;2;2;2;2;2;2;1;1;2;3;1;1;2;1;3;3;2;2;3;2;2;2;2;2;1;1;2;2;7;6;7;4;4;4;4;4;1;1;1;2;2;3;3;3;2;3;3;2;2;3;2;2;3;4;3;2;2;3;2;3;2;2;2;2;2;2;2;2;2;2;2;5;3;1;2;0;0;0;0;0;0;0;0;0;0;0;0;6;5;3;4;5;1;6;3;4;4;3;2;2;2;7;3;2;2;1;1;1;2;2;2;3;2;3;3;3;4;4;2;3;1;2;2;2;2;2;2;2;2;3;1;2;1;2;3;1;3;1;2;7;6;5;2;3;8;5;1;2;2;2;3;3;6;8;3;1;1;9;2;2;1;2;2;3;3;4;4;3;1;1;1;1;2;3;4;3;3;3;3;3;2;2;2;1;2;1;3;1;4;1;1;2;2;2;1;2;3;2;1;2;2;3;1;1;-2;-2;-2;2;2;1;2;2;3;2;2;3;2;1;3;2;4;2;4;7;7;2;7;8;3;8;5;3;4;8;8;7;2;1;2;2;1;2;3;1;1955;62;5;3;1;1;1;410;410;410;1;4;1;2390;1;2;6;3;5;3;3;2;5;3;1;4;4;-5;6;2;1;1;2;6;2;0;100000020;410004;2;1;1;0.6227777777777778;0.4705555555555556;0.3032407407407407;0.14814814814814814;0.0;0.0;0.33;0.11;0.66;1.0;0.8333333333333334;0.8311111111111112;1.0;1.0;1.0;1.0;0.66;0.66;0.33;0.5499999999999999;0.0;1.0;1.0;0.6666666666666666;0.0;0.0;0.0;0.0;0.2222222222222222;0.3333333333333333;0.3333333333333333;0.2962962962962963;0.0;0.5;0.25;0.25;1.0;1.0;1.0;1.0;1.0;1.0;1.0;1.0;1.0;1.0;1.0;1.0;1;0;0;0;1;7;8;6;8;2;4;8;7;7;5;5;8;3;7;8;7;3;2;2;700;200000;7000;7;7;1;7;7;6;7;5;1;1;4;3;5;2;5;4;4;2;1;2;4;2;4;5;4;5;4
"1-5-0 (2020-11-16)";"doi.org/10.14281/18241.1";2018;410;"KOR";732;"ROK";410070661;20180107;201712;201801;20.11;20.38;27;1;410028;410004;8;5;2;1;661;2390;"ko";2;1;1.0;0.8032128514056225;41453.815261044176;1;2;2;2;3;3;1;1;1;1;1;2;2;2;2;2;2;1;2;1;2;1;2;2;2;2;3;2;3;2;2;3;3;3;3;3;2;1;3;4;4;3;3;4;2;3;3;3;3;3;7;7;3;4;4;4;4;4;1;1;1;2;2;4;4;4;2;2;2;3;3;2;3;3;3;3;2;2;2;2;2;2;2;2;2;2;2;3;2;2;2;3;2;6;1;1;2;0;0;0;0;0;0;0;0;0;0;0;0;4;4;4;5;5;1;4;4;4;3;3;3;3;3;5;2;0;1;1;0;1;1;1;1;2;3;2;3;3;3;4;2;2;2;2;2;3;3;2;2;1;3;3;1;2;2;1;3;1;3;1;3;7;6;7;6;6;7;6;2;2;2;2;3;3;7;8;3;2;2;3;3;3;3;3;3;3;3;4;6;5;1;6;4;6;1;2;5;3;7;3;3;3;3;2;5;1;5;2;5;2;5;5;3;3;3;3;3;3;3;3;3;3;3;3;1;1;410002;410002;410002;2;3;2;3;3;3;3;3;3;3;1;3;3;3;3;4;5;7;1;8;8;7;7;7;7;7;8;6;7;3;3;2;2;1;3;3;1;1965;52;4;3;1;1;1;410;410;410;1;3;1;2390;1;1;6;3;6;3;1;1;1;1;1;1;3;3;7;2;1;2;3;4;2;0;100000020;410004;2;1;1;0.775;0.8300000000000001;0.5292592592592593;0.4335185185185186;1.0;0.66;0.66;0.7733333333333334;0.66;1.0;1.0;0.8866666666666667;1.0;1.0;1.0;1.0;0.33;0.33;0.66;0.44;1.0;1.0;1.0;1.0;0.5;0.66;0.33;0.49666666666666676;0.2222222222222222;0.3333333333333333;0.5555555555555556;0.3703703703703704;0.0;0.5;0.25;0.25;1.0;1.0;1.0;1.0;1.0;1.0;1.0;1.0;1.0;1.0;1.0;1.0;1;0;0;0;1;5;5;5;5;5;5;5;5;5;5;5;5;5;6;4;7;1;3;3;450;20000;30000;5;5;1;5;5;5;5;5;1;1;2;2;7;2;2;2;2;3;1;3;2;3;2;7;3;3;4
"1-5-0 (2020-11-16)";"doi.org/10.14281/18241.1";2018;410;"KOR";732;"ROK";410070662;20180107;201712;201801;20.11;20.45;34;1;410026;410002;8;5;2;1;662;2390;"ko";2;1;1.0;0.8032128514056225;41453.815261044176;1;2;2;2;2;3;2;1;1;1;1;2;1;2;2;2;2;1;1;1;1;1;2;1;2;2;1;2;2;3;3;2;2;1;3;3;3;3;2;4;3;3;4;3;2;2;1;1;2;2;7;6;8;4;4;4;4;4;1;2;1;2;3;3;2;2;3;3;4;4;3;3;3;4;3;2;3;2;3;3;2;3;2;2;2;2;2;3;3;3;2;2;3;8;3;1;2;0;2;0;0;0;0;0;0;0;0;0;0;7;8;7;8;7;1;4;3;2;1;1;1;2;2;5;3;1;2;1;0;0;1;1;2;3;2;4;4;4;4;4;4;4;2;2;2;3;3;2;2;4;4;4;1;2;2;1;2;2;1;1;3;7;8;8;8;7;8;8;2;2;2;2;3;2;7;8;3;2;2;3;4;3;4;4;5;4;3;4;7;6;7;5;6;7;6;5;7;6;5;3;2;3;2;2;2;1;1;5;4;2;5;5;2;3;3;2;2;3;3;2;2;3;2;2;1;2;410008;410008;410008;2;1;2;2;2;1;2;2;2;2;2;2;3;3;3;2;6;7;6;7;5;6;5;7;5;7;6;5;7;2;2;2;1;2;2;1;1;1990;27;2;1;1;1;1;410;410;410;1;4;1;2390;1;2;6;3;6;3;3;2;3;2;1;1;3;2;3;2;2;1;2;8;3;0;100000020;410004;2;2;1;0.6641666666666667;0.49833333333333335;0.5469444444444445;0.4288888888888889;0.0;0.33;0.0;0.11;0.66;1.0;1.0;0.8866666666666667;1.0;1.0;1.0;1.0;0.66;0.66;0.66;0.66;1.0;1.0;1.0;1.0;0.25;0.33;0.66;0.41333333333333333;0.3333333333333333;0.3333333333333333;0.6666666666666666;0.4444444444444444;0.66;0.0;0.33;0.33;1.0;1.0;1.0;1.0;1.0;1.0;1.0;1.0;1.0;1.0;1.0;1.0;0;1;0;0;1;8;4;5;6;3;5;4;6;5;4;3;7;3;4;4;8;1;8;2;700;50000;3000;7;8;1;8;8;7;8;8;1;1;6;6;7;2;8;6;4;2;3;2;3;2;1;8;2;8;4
"1-5-0 (2020-11-16)";"doi.org/10.14281/18241.1";2018;410;"KOR";732;"ROK";410070663;20180107;201712;201801;20.12;20.33;20;1;410011;410001;8;5;1;1;663;2390;"ko";2;1;1.0;0.8032128514056225;41453.815261044176;1;2;2;3;3;3;1;1;1;1;1;2;2;2;2;2;2;1;2;1;2;1;2;2;2;2;2;4;3;2;3;2;2;1;3;3;4;2;3;2;3;3;2;3;1;3;2;2;2;2;8;7;8;4;4;4;4;4;3;2;1;2;2;3;3;3;2;2;3;3;2;3;2;3;2;3;2;2;3;2;3;3;2;3;3;3;3;2;3;2;2;2;2;8;1;1;2;0;0;0;0;0;0;0;0;0;0;0;0;6;7;6;6;7;1;5;4;3;4;3;3;2;2;6;3;1;2;0;1;0;1;0;1;3;2;2;2;3;3;3;2;3;2;1;2;2;2;2;2;2;3;3;2;1;2;1;3;3;2;2;1;7;6;6;6;7;7;6;1;2;2;2;2;2;7;8;3;1;2;7;6;7;7;3;3;3;3;2;2;3;2;2;2;2;1;2;2;1;2;2;2;1;3;2;4;1;4;2;3;2;3;3;3;3;3;3;3;3;3;3;2;3;3;3;1;1;410002;410002;410002;2;1;2;3;2;2;3;2;2;2;1;2;3;2;3;2;4;6;7;8;7;7;6;7;7;8;7;6;7;2;2;1;2;1;2;2;2;1957;60;5;3;1;1;1;410;410;410;1;4;1;2390;1;2;3;2;3;2;1;1;1;1;1;1;5;5;9;2;2;1;3;6;2;0;100000020;410004;3;2;1;0.6783333333333333;0.6366666666666667;0.4941203703703704;0.28074074074074074;0.5;0.33;0.33;0.3866666666666667;0.66;1.0;1.0;0.8866666666666667;1.0;1.0;1.0;1.0;0.33;0.66;0.33;0.44;1.0;1.0;1.0;1.0;0.25;0.66;0.33;0.4133333333333334;0.2222222222222222;0.1111111111111111;0.1111111111111111;0.14814814814814814;0.33;0.5;0.41500000000000004;0.41500000000000004;1.0;1.0;1.0;1.0;1.0;1.0;1.0;1.0;1.0;1.0;1.0;1.0;1;0;1;1;0;7;8;7;7;7;7;8;7;8;7;7;8;6;7;7;7;4;1;2;500;40000;1000;8;6;1;7;8;7;7;7;1;1;2;2;9;2;2;2;2;2;1;2;3;2;3;9;5;2;4
"1-5-0 (2020-11-16)";"doi.org/10.14281/18241.1";2018;410;"KOR";732;"ROK";410070664;20180107;201712;201801;20.15;21.25;71;1;410026;410002;8;5;2;1;664;2390;"ko";2;1;1.0;0.8032128514056225;41453.815261044176;1;1;1;3;1;3;1;2;2;1;1;1;2;1;2;2;2;1;2;1;2;1;2;2;2;2;2;3;4;3;3;2;2;1;1;1;3;3;3;2;3;2;3;3;2;1;1;2;2;2;8;8;7;4;4;4;4;4;1;2;1;1;2;3;3;3;3;2;3;3;3;3;2;3;3;3;2;2;2;2;2;3;2;2;2;2;2;2;2;2;2;2;2;7;3;1;1;0;0;0;0;0;0;0;0;0;0;0;0;8;5;6;7;6;1;7;3;3;3;3;3;3;4;8;3;0;2;1;1;1;2;1;1;3;3;4;4;4;4;4;4;4;2;2;2;3;3;2;2;2;3;2;2;2;1;2;1;3;1;1;2;8;8;7;4;3;8;4;2;2;2;2;3;4;7;8;3;2;2;4;6;5;4;2;2;4;1;5;5;7;5;6;3;1;2;5;3;1;5;2;1;2;3;3;2;1;3;1;2;1;2;1;3;3;3;3;2;3;3;3;2;3;3;3;1;1;-2;-2;-2;2;3;2;3;3;2;3;3;2;2;2;3;2;3;3;3;8;8;7;8;7;7;8;8;7;8;7;8;8;2;1;1;1;1;1;2;1;1970;47;4;2;1;1;1;410;410;410;1;2;1;2390;1;2;6;3;6;3;6;3;6;3;3;1;4;3;3;2;1;1;2;7;2;0;100000020;410004;1;1;1;0.6508333333333333;0.5816666666666667;0.42768518518518517;0.5220370370370371;0.5;0.0;0.33;0.27666666666666667;0.66;1.0;1.0;0.8866666666666667;1.0;1.0;1.0;1.0;0.33;0.66;0.33;0.44;0.0;1.0;1.0;0.6666666666666666;0.25;1.0;0.66;0.6366666666666667;0.3333333333333333;0.4444444444444444;0.4444444444444444;0.4074074074074074;0.0;0.0;0.0;0.0;1.0;1.0;1.0;1.0;1.0;1.0;1.0;1.0;1.0;1.0;1.0;1.0;0;0;0;0;1;8;8;7;8;8;7;6;6;7;7;8;9;7;8;7;7;3;2;2;500;37000;5000;8;7;1;7;8;8;8;7;1;1;5;5;6;5;5;5;5;2;1;3;3;2;2;7;6;5;4
"1-5-0 (2020-11-16)";"doi.org/10.14281/18241.1";2018;410;"KOR";732;"ROK";410070665;20180107;201712;201801;20.17;20.58;41;1;410031;410020;8;5;2;1;665;2390;"ko";2;1;1.0;0.8032128514056225;41453.815261044176;1;1;1;3;1;3;1;1;1;1;2;1;2;2;2;2;2;1;2;1;2;1;2;1;2;2;2;2;4;4;3;3;4;2;3;3;4;2;2;2;3;2;3;2;2;2;2;3;2;2;5;5;5;4;4;4;4;4;1;2;2;3;3;4;4;4;4;3;2;2;3;4;4;4;4;4;4;3;3;4;4;3;3;3;4;4;4;4;4;4;4;3;4;7;3;1;2;0;0;0;0;0;0;0;0;0;2;0;0;7;4;4;7;8;2;8;3;4;4;3;3;1;2;8;4;2;2;2;0;1;0;1;2;3;4;2;2;3;4;4;2;4;2;1;2;1;1;1;1;1;2;3;1;2;2;1;3;3;2;2;1;8;3;8;7;5;7;7;1;1;1;1;4;4;6;7;2;1;2;5;3;3;2;4;6;6;4;6;7;7;7;8;1;7;4;4;6;4;9;2;3;4;4;3;3;2;4;1;2;1;1;1;1;3;3;3;2;1;3;3;1;2;3;3;3;3;410008;410008;410008;3;3;4;4;3;3;4;4;4;3;1;2;1;4;1;3;5;7;4;7;8;5;7;8;6;8;7;8;7;2;2;1;1;2;2;3;2;1982;35;3;2;1;1;1;410;410;410;1;2;1;2390;1;0;6;3;6;3;3;2;3;2;1;1;4;3;6;2;2;1;3;5;2;0;100000020;410004;3;2;1;0.8177777777777778;0.6922222222222223;0.6477314814814814;0.7546296296296297;1.0;0.33;0.33;0.5533333333333333;0.66;1.0;0.8333333333333334;0.8311111111111112;1.0;1.0;1.0;1.0;0.66;1.0;1.0;0.8866666666666667;1.0;0.0;1.0;0.6666666666666666;0.75;1.0;1.0;0.9166666666666666;0.5555555555555556;0.5555555555555556;0.6666666666666666;0.5925925925925927;0.33;0.5;0.41500000000000004;0.41500000000000004;1.0;1.0;1.0;1.0;1.0;1.0;1.0;1.0;1.0;1.0;1.0;1.0;1;0;1;1;0;6;4;3;4;2;4;3;3;5;5;4;7;3;7;5;4;4;1;3;400;22000;5000;6;6;1;5;7;6;6;2;1;1;3;2;5;2;7;3;3;3;7;4;2;3;4;5;2;6;4
"1-5-0 (2020-11-16)";"doi.org/10.14281/18241.1";2018;410;"KOR";732;"ROK";410070666;20180107;201712;201801;20.17;20.37;20;1;410043;410009;7;4;3;1;666;2390;"ko";3;1;1.0;0.8032128514056225;41453.815261044176;1;1;1;1;1;1;1;1;1;1;2;1;2;2;2;2;2;1;2;1;2;1;2;2;2;2;1;1;2;2;2;2;2;1;4;2;4;2;2;4;2;2;2;4;2;1;1;2;2;1;9;8;8;4;4;4;4;4;1;1;1;1;1;4;2;2;1;3;3;3;3;2;2;2;2;2;2;2;2;3;3;3;3;3;3;3;3;3;3;3;3;3;3;7;3;1;2;0;0;0;0;0;0;0;0;0;0;0;0;7;4;8;3;3;2;6;2;2;2;2;2;2;4;8;3;1;2;0;0;0;0;0;0;2;1;4;4;4;4;4;4;4;1;1;2;1;2;2;2;4;4;4;1;1;1;1;4;3;1;1;3;7;7;9;3;4;8;3;2;2;2;2;4;4;7;8;2;1;1;3;4;1;1;1;1;1;1;1;1;1;1;1;1;1;1;1;1;1;1;2;3;4;4;3;2;2;5;2;2;2;2;1;3;3;3;3;3;3;3;3;3;3;3;3;2;2;410002;410002;410002;2;3;3;4;4;4;4;4;1;2;2;3;3;4;1;4;5;8;1;10;8;8;8;9;8;8;10;10;10;1;2;1;1;1;2;2;1;1987;30;2;2;1;1;1;410;410;410;1;4;1;2390;6;0;6;3;-3;-3;6;3;6;3;1;-3;3;-3;3;1;2;1;2;8;3;0;100000020;410004;1;1;1;0.3458333333333333;0.4716666666666667;0.2425;0.1516666666666667;0.5;0.33;0.0;0.27666666666666667;0.0;1.0;1.0;0.6666666666666666;0.0;0.0;0.0;0.0;0.66;0.33;0.33;0.44;1.0;0.0;1.0;0.6666666666666666;0.25;0.33;0.33;0.3033333333333334;0.0;0.0;0.0;0.0;0.0;0.0;0.0;0.0;1.0;1.0;1.0;1.0;1.0;1.0;1.0;1.0;1.0;1.0;1.0;1.0;0;0;0;0;1;8;8;8;8;8;8;8;8;8;8;3;8;3;3;5;7;1;8;2;1000;40000;10000;9;8;1;10;10;9;8;9;1;1;2;2;6;1;1;2;2;4;1;3;3;3;2;6;1;1;-3
"1-5-0 (2020-11-16)";"doi.org/10.14281/18241.1";2018;410;"KOR";732;"ROK";410070667;20180107;201712;201801;20.18;20.39;21;1;410026;410002;8;5;2;1;667;2390;"ko";2;1;1.0;0.8032128514056225;41453.815261044176;1;1;1;4;1;4;1;1;1;2;1;2;1;2;2;2;2;1;1;1;1;1;2;2;2;2;2;2;3;2;1;2;2;1;2;1;2;1;2;3;2;2;2;3;1;2;2;2;2;2;8;8;7;4;4;4;4;4;3;1;1;1;1;1;3;2;3;3;3;3;4;4;4;4;4;4;4;4;4;4;4;4;4;4;4;4;4;4;4;4;4;4;4;6;1;3;2;0;0;0;0;0;0;0;0;0;0;0;0;6;7;7;6;7;1;8;3;3;3;3;3;3;3;7;4;2;1;1;0;0;0;0;1;2;2;4;4;4;4;4;4;4;2;2;2;3;3;2;2;3;3;3;2;2;1;1;2;1;2;1;2;8;8;8;6;7;7;8;2;2;2;2;2;2;7;8;3;1;2;6;1;1;1;1;1;1;1;1;1;1;1;1;1;1;1;1;1;1;1;3;3;3;3;2;5;1;5;1;1;1;1;1;3;3;3;3;3;3;3;3;3;3;3;3;1;1;410001;410001;410001;2;2;2;2;2;2;2;2;2;2;2;2;2;2;2;2;4;8;8;8;7;7;7;7;7;7;7;7;6;2;2;1;1;1;2;2;1;1972;45;4;2;1;1;1;410;410;410;1;4;1;2390;1;2;5;3;5;3;3;2;3;2;1;5;3;-5;6;2;1;2;3;7;2;0;100000020;410004;2;2;1;0.5683333333333334;0.6933333333333334;0.39458333333333334;0.2066666666666667;0.5;0.33;0.33;0.3866666666666667;1.0;1.0;1.0;1.0;0.0;0.0;0.0;0.0;0.66;1.0;1.0;0.8866666666666667;1.0;1.0;1.0;1.0;0.25;0.66;0.33;0.4133333333333334;0.0;0.0;0.0;0.0;0.33;0.0;0.165;0.165;1.0;1.0;1.0;1.0;1.0;1.0;1.0;1.0;1.0;1.0;1.0;1.0;0;0;1;0;1;8;7;7;8;8;7;7;8;7;8;7;7;8;7;7;8;1;6;2;400;35000;10000;8;6;1;7;7;7;7;7;1;1;5;4;7;5;5;5;5;2;1;4;4;3;2;7;5;5;4
"1-5-0 (2020-11-16)";"doi.org/10.14281/18241.1";2018;410;"KOR";732;"ROK";410070668;20180107;201712;201801;20.18;20.4;21;1;410048;410014;7;4;3;1;668;2390;"ko";2;1;1.0;0.8032128514056225;41453.815261044176;1;2;3;2;3;3;2;1;2;1;2;1;1;1;2;2;2;1;1;1;1;1;1;1;1;1;1;2;2;3;2;2;3;3;1;1;3;3;4;2;2;2;2;3;2;1;2;2;2;2;8;8;5;3;4;4;4;4;1;1;1;1;2;3;3;3;2;2;2;2;2;3;3;3;3;3;3;2;2;2;2;2;2;2;2;2;2;2;2;2;2;2;2;8;3;3;2;0;0;0;0;0;0;0;0;0;1;0;0;6;5;7;5;3;2;6;2;2;2;3;2;2;3;7;4;2;2;2;2;2;2;2;2;2;2;4;3;4;4;4;3;4;1;2;2;2;1;1;2;1;3;3;1;1;2;2;1;1;2;2;1;8;8;8;6;8;8;4;2;2;2;2;3;3;7;8;3;2;2;3;5;4;3;4;5;3;3;7;7;6;2;5;3;3;3;3;5;3;3;2;3;2;3;2;5;1;5;1;5;1;5;2;2;2;2;2;2;2;2;2;2;2;2;2;2;2;-2;-2;-2;1;3;3;3;2;2;3;3;2;2;2;2;3;3;2;3;4;7;4;8;8;3;8;5;5;8;9;8;8;2;1;1;1;1;2;2;1;1953;64;5;3;1;1;1;410;410;410;1;3;1;2390;1;2;2;1;1;1;1;1;1;1;4;5;-3;-5;9;-3;2;3;3;4;2;0;100000020;410004;2;2;2;0.6508333333333334;0.5266666666666667;0.46171296296296294;0.5075925925925926;0.5;0.0;0.0;0.16666666666666666;0.66;1.0;1.0;0.8866666666666667;1.0;1.0;1.0;1.0;0.33;0.66;0.66;0.55;1.0;0.0;1.0;0.6666666666666666;0.5;0.33;0.66;0.49666666666666676;0.2222222222222222;0.6666666666666666;0.6666666666666666;0.5185185185185185;0.33;0.0;0.165;0.165;1.0;1.0;1.0;1.0;1.0;1.0;1.0;1.0;1.0;1.0;1.0;1.0;0;0;1;1;0;8;7;6;8;8;8;7;8;7;8;8;8;8;5;5;8;-3;-3;3;80;10000;0;9;4;1;8;9;9;8;8;1;1;5;3;6;6;6;5;3;2;7;3;3;1;3;6;6;6;4
"1-5-0 (2020-11-16)";"doi.org/10.14281/18241.1";2018;410;"KOR";732;"ROK";410070669;20180107;201712;201801;20.18;21.0;42;1;410041;410007;8;5;2;1;669;2390;"ko";2;1;1.0;0.8032128514056225;41453.815261044176;1;2;2;2;2;3;1;1;1;1;1;2;2;2;2;2;2;1;2;1;2;1;2;1;2;2;2;3;3;3;3;3;4;2;4;2;4;2;4;4;4;3;3;4;2;2;2;3;3;2;8;5;4;4;4;4;4;4;1;2;1;2;2;3;3;3;3;3;3;2;3;3;2;2;3;3;2;2;2;3;2;2;2;2;3;3;3;2;2;2;3;3;2;8;3;3;2;0;0;0;0;0;0;0;0;0;0;0;1;7;7;4;3;7;1;8;2;2;2;2;2;2;2;7;3;2;1;2;1;1;2;1;0;2;2;3;3;3;3;3;3;3;2;2;2;2;2;2;2;3;3;3;1;1;1;3;1;3;2;2;1;7;5;3;5;4;7;2;2;2;2;2;3;3;7;8;3;2;2;4;3;4;2;2;3;3;3;4;7;8;4;3;1;3;2;3;4;4;6;2;2;2;3;2;5;2;3;1;2;1;2;1;1;2;2;1;2;1;2;2;1;2;2;2;4;4;410002;410002;410002;2;2;3;3;2;2;3;3;2;2;2;2;2;3;3;3;4;8;3;8;7;3;8;8;4;8;9;8;8;2;3;3;3;2;3;3;2;1999;18;1;1;1;1;1;410;410;410;1;4;2;2390;6;0;3;2;-3;-3;3;2;3;2;6;-3;-3;-3;3;-3;2;2;3;5;2;0;100000020;410004;3;2;1;0.775;0.7750000000000001;0.6906018518518519;0.5487037037037037;1.0;0.66;0.33;0.6633333333333334;0.66;1.0;1.0;0.8866666666666667;1.0;1.0;1.0;1.0;0.66;0.66;0.33;0.5499999999999999;1.0;1.0;1.0;1.0;0.75;0.66;0.66;0.6900000000000001;0.2222222222222222;0.3333333333333333;0.6666666666666666;0.40740740740740744;0.33;1.0;0.665;0.665;1.0;1.0;1.0;1.0;1.0;1.0;1.0;1.0;1.0;1.0;1.0;1.0;1;0;1;1;0;4;5;5;5;3;3;4;3;3;3;4;4;3;7;5;7;-3;-3;3;400;55000;0;-3;6;1;-3;-3;-3;7;2;1;4;2;4;6;2;2;3;3;2;8;3;3;3;3;6;2;3;-3
"1-5-0 (2020-11-16)";"doi.org/10.14281/18241.1";2018;410;"KOR";732;"ROK";410070670;20180107;201712;201801;20.23;20.44;21;1;410011;410001;8;5;1;1;670;2390;"ko";2;1;1.0;0.8032128514056225;41453.815261044176;1;2;2;3;2;3;1;2;2;1;1;1;2;2;2;2;1;1;2;1;2;1;2;1;2;2;2;3;2;3;3;2;4;2;2;1;4;2;4;2;2;3;2;3;2;2;1;3;2;1;7;7;5;4;4;4;4;4;1;2;1;2;2;3;3;2;3;2;3;3;3;3;3;3;3;4;3;3;3;3;3;2;2;3;2;2;2;2;2;2;2;2;2;4;3;1;2;0;0;0;0;0;0;0;0;0;0;0;0;8;6;4;5;7;1;7;2;3;3;4;4;1;2;7;3;2;2;1;0;0;2;2;2;3;2;4;4;4;4;4;3;4;1;1;2;2;2;2;2;1;2;2;2;2;1;2;3;2;1;2;3;8;8;7;7;4;7;5;2;2;2;2;3;3;7;8;3;2;1;3;3;2;1;3;2;2;1;1;5;5;2;3;1;1;2;2;1;2;1;2;2;2;3;3;5;2;5;1;5;3;5;3;3;3;3;3;3;3;3;3;2;3;2;3;3;2;8;8;8;2;3;3;4;3;3;2;3;1;2;2;2;3;3;3;3;3;8;5;8;7;4;7;8;3;8;9;5;7;2;2;2;2;2;3;3;2;1995;22;1;1;1;1;1;410;410;410;1;4;2;2390;6;0;3;2;-3;-3;3;2;3;2;6;-3;-3;-3;5;-3;2;2;3;2;1;0;100000020;410004;4;2;-1;0.7475;0.72;0.41962962962962963;0.38259259259259265;1.0;0.33;0.33;0.5533333333333333;0.66;1.0;1.0;0.8866666666666667;1.0;1.0;1.0;1.0;0.33;0.66;0.66;0.55;0.0;1.0;0.0;0.3333333333333333;0.75;0.33;0.66;0.5800000000000001;0.1111111111111111;0.0;0.4444444444444444;0.1851851851851852;0.66;0.5;0.5800000000000001;0.5800000000000001;1.0;1.0;1.0;1.0;1.0;1.0;1.0;1.0;1.0;1.0;1.0;1.0;1;1;0;1;1;7;7;6;5;4;5;4;3;4;4;3;7;4;7;5;5;-3;-3;3;430;58000;3000;-3;5;1;-3;-3;-3;8;2;1;1;6;4;4;3;5;6;4;2;7;2;3;1;2;5;3;4;-3
"1-5-0 (2020-11-16)";"doi.org/10.14281/18241.1";2018;410;"KOR";732;"ROK";410070671;20180107;201712;201801;20.36;20.56;20;1;410043;410009;7;4;3;1;671;2390;"ko";2;1;1.0;0.8032128514056225;41453.815261044176;1;1;2;3;1;3;1;2;1;1;2;1;2;1;2;2;2;1;2;2;1;2;2;1;2;2;1;2;4;4;4;4;5;2;1;1;5;2;3;4;4;2;4;4;2;1;1;3;2;2;10;8;7;4;4;4;3;2;1;2;1;3;2;4;3;3;3;3;3;3;3;3;3;3;3;3;3;3;3;3;3;3;3;3;3;3;3;3;3;3;3;3;3;6;3;1;1;0;0;0;0;0;0;0;0;0;0;0;0;7;6;6;6;6;1;10;3;3;3;3;3;2;0;3;3;1;1;1;1;1;1;1;1;3;3;2;2;2;2;2;2;2;1;1;2;1;1;2;2;1;2;3;1;2;1;2;1;1;3;1;2;9;9;6;6;6;6;2;2;2;2;2;3;3;7;8;3;1;1;8;5;2;1;1;1;3;1;3;7;6;2;3;2;1;1;1;3;2;7;2;2;2;4;3;2;2;2;1;2;1;2;2;3;3;3;3;3;3;3;3;3;3;3;3;1;1;-2;-2;-2;1;3;2;3;2;2;3;4;1;1;1;2;2;4;2;4;6;6;5;6;6;6;6;5;5;5;5;5;5;2;2;2;2;4;4;4;2;1986;31;2;2;1;1;1;410;410;410;1;2;1;2390;1;0;6;3;6;3;5;3;5;3;1;1;3;6;6;1;2;3;3;4;2;0;100000020;410004;1;1;1;0.5808333333333333;0.665;0.42592592592592593;0.6851851851851852;1.0;0.33;0.0;0.44333333333333336;0.66;1.0;1.0;0.8866666666666667;1.0;0.0;0.0;0.3333333333333333;0.66;0.66;0.66;0.66;0.0;0.0;1.0;0.3333333333333333;1.0;1.0;1.0;1.0;0.2222222222222222;0.2222222222222222;0.6666666666666666;0.3703703703703704;0.0;0.0;0.0;0.0;1.0;1.0;1.0;1.0;1.0;1.0;1.0;1.0;1.0;1.0;1.0;1.0;0;0;0;0;1;8;5;4;7;2;3;1;1;1;1;2;8;9;9;6;1;1;8;2;500;30000;4000;7;4;2;6;5;5;7;6;2;1;5;2;8;2;2;2;2;3;1;1;2;1;2;8;2;2;4
"1-5-0 (2020-11-16)";"doi.org/10.14281/18241.1";2018;410;"KOR";732;"ROK";410070672;20180107;201712;201801;20.42;21.13;31;1;410047;410013;7;4;3;1;672;2390;"ko";3;1;1.0;0.8032128514056225;41453.815261044176;1;1;1;2;1;2;1;1;1;1;2;2;1;2;2;2;2;1;2;2;2;2;2;1;2;2;2;2;2;3;3;2;3;3;2;1;4;2;3;3;2;1;2;3;2;3;2;1;2;1;8;7;6;4;4;4;4;4;1;2;1;2;3;4;4;4;3;2;2;3;2;2;2;3;3;3;2;2;2;3;2;2;2;2;3;3;1;2;1;1;2;1;2;7;3;1;2;0;1;0;0;0;0;0;0;0;1;0;0;6;5;6;3;5;2;6;4;2;2;2;2;2;3;7;3;2;2;2;0;1;0;1;1;3;3;3;4;4;4;4;3;3;1;2;2;2;1;2;2;2;2;3;1;2;1;1;2;1;3;2;1;7;7;4;5;5;7;5;2;2;2;2;4;4;7;7;3;1;2;5;1;3;1;1;1;2;2;2;5;5;3;4;2;2;2;2;2;2;2;3;3;3;2;2;2;1;2;1;5;1;5;2;2;3;2;3;2;3;2;2;2;2;3;3;1;1;410009;410009;410009;2;3;3;3;2;2;2;4;1;2;2;2;3;4;2;4;4;7;1;7;7;3;8;4;2;8;9;6;6;2;3;2;2;2;3;3;1;1987;30;2;2;1;1;1;410;410;410;1;1;1;2390;6;0;6;3;-3;-3;2;1;3;2;1;-3;3;-3;6;2;1;1;3;5;2;0;100000020;410004;1;1;1;0.4425;0.5533333333333333;0.3463888888888889;0.3594444444444445;0.0;0.66;0.33;0.33;0.33;1.0;1.0;0.7766666666666667;1.0;0.0;0.0;0.3333333333333333;0.33;0.33;0.33;0.33;1.0;0.0;1.0;0.6666666666666666;0.5;0.33;0.66;0.49666666666666676;0.1111111111111111;0.1111111111111111;0.4444444444444444;0.22222222222222224;0.0;0.0;0.0;0.0;1.0;1.0;1.0;1.0;1.0;1.0;1.0;1.0;1.0;1.0;1.0;1.0;0;0;0;1;0;7;5;5;6;3;4;2;3;4;4;3;8;4;6;5;2;1;4;2;290;4000;500;7;2;3;7;7;6;8;5;1;1;5;3;3;1;3;4;4;2;4;3;2;1;3;3;1;3;-3
"1-5-0 (2020-11-16)";"doi.org/10.14281/18241.1";2018;410;"KOR";732;"ROK";410070673;20180107;201712;201801;20.42;21.37;55;1;410048;410014;7;4;3;1;673;2390;"ko";2;1;1.0;0.8032128514056225;41453.815261044176;1;2;3;3;1;3;2;1;2;1;1;1;2;1;2;2;2;1;1;1;1;1;1;1;2;1;1;2;2;2;2;3;3;3;3;3;3;3;4;3;4;4;2;3;2;1;2;2;2;2;8;8;8;4;4;4;4;4;1;1;1;2;2;3;3;3;2;2;2;2;2;3;3;2;3;3;2;2;2;2;2;2;2;2;2;2;2;2;2;2;2;2;2;6;3;3;1;0;0;0;0;0;0;0;0;0;1;0;0;8;5;6;4;5;1;5;2;2;2;3;2;2;3;8;4;2;2;2;2;0;2;2;2;2;2;4;3;4;4;4;3;4;1;2;2;2;3;1;2;2;3;3;2;2;2;2;1;3;2;1;4;8;8;8;6;3;8;5;2;2;2;2;3;3;7;8;3;2;2;8;4;5;2;3;4;3;3;5;6;5;3;5;2;1;2;1;4;2;4;2;3;2;3;2;4;1;5;1;5;1;5;2;2;2;2;2;2;2;2;2;2;2;2;2;2;2;410001;410001;410001;2;3;3;3;2;2;3;3;3;3;2;2;3;3;2;3;7;5;3;5;7;3;7;4;4;8;8;8;8;2;2;1;1;1;2;2;1;1959;58;5;3;1;1;1;410;410;410;1;3;1;2390;1;2;5;3;3;2;1;1;2;1;1;5;4;-5;9;2;1;2;3;5;2;0;100000020;410004;1;2;2;0.6783333333333332;0.5816666666666667;0.48976851851851855;0.3970370370370371;0.5;0.33;0.0;0.27666666666666667;0.66;1.0;1.0;0.8866666666666667;1.0;1.0;1.0;1.0;0.33;0.66;0.66;0.55;1.0;1.0;1.0;1.0;0.5;0.33;0.33;0.3866666666666667;0.2222222222222222;0.4444444444444444;0.5555555555555556;0.40740740740740744;0.33;0.0;0.165;0.165;1.0;1.0;1.0;1.0;1.0;1.0;1.0;1.0;1.0;1.0;1.0;1.0;0;0;1;0;0;8;7;8;7;6;7;7;7;7;5;4;7;4;6;6;8;1;3;2;380;9000;2500;8;5;1;8;7;8;7;5;1;1;5;5;7;5;5;5;5;2;1;2;3;1;3;7;5;5;4
"1-5-0 (2020-11-16)";"doi.org/10.14281/18241.1";2018;410;"KOR";732;"ROK";410070674;20180107;201712;201801;20.42;21.31;49;1;410028;410004;8;5;2;1;674;2390;"ko";2;1;1.0;0.8032128514056225;41453.815261044176;1;2;2;3;1;3;2;1;1;1;2;2;1;1;2;2;2;1;2;1;2;1;2;1;2;2;1;2;1;3;2;3;2;1;3;3;2;1;1;3;3;2;3;3;2;1;1;2;2;2;5;6;6;4;4;4;4;4;1;2;1;1;2;2;3;3;3;2;2;2;3;2;3;2;3;3;2;3;3;2;2;2;2;2;2;2;1;2;2;2;2;2;2;6;3;3;2;1;1;0;0;0;0;0;0;0;0;0;0;5;6;6;5;6;2;6;2;2;3;2;2;3;3;5;3;2;2;1;2;2;1;2;2;2;3;4;4;3;4;4;3;4;1;2;2;3;3;2;2;2;3;3;2;1;1;1;2;2;1;1;2;6;5;5;6;5;6;5;1;1;1;1;3;3;4;5;2;1;1;6;3;3;3;3;2;3;2;7;6;5;1;7;4;3;4;4;1;3;4;3;3;2;3;2;5;1;5;1;5;1;3;2;3;3;3;2;2;2;2;2;2;3;3;2;2;2;410002;410002;410002;1;1;2;2;1;2;2;1;2;2;3;3;2;3;3;3;5;5;6;5;4;4;6;6;4;5;4;6;6;2;2;2;2;2;3;3;1;1970;47;4;2;1;1;1;410;410;410;1;4;1;2390;1;2;6;3;6;3;3;2;3;2;1;1;3;4;4;2;1;1;3;6;2;7;70000000;410004;2;2;2;0.6091666666666667;0.4983333333333334;0.4453703703703704;0.3924074074074074;0.5;0.33;0.0;0.27666666666666667;0.66;1.0;0.5;0.7200000000000001;1.0;1.0;1.0;1.0;0.33;0.33;0.66;0.44;1.0;0.0;1.0;0.6666666666666666;0.25;0.0;0.66;0.30333333333333334;0.2222222222222222;0.6666666666666666;0.5555555555555556;0.48148148148148157;0.66;0.0;0.33;0.33;1.0;1.0;1.0;1.0;1.0;1.0;1.0;1.0;1.0;1.0;1.0;1.0;0;1;0;0;1;6;6;5;6;6;6;5;6;6;5;6;7;6;6;5;6;1;6;2;600;50000;8000;6;7;1;7;6;7;6;4;1;1;3;3;5;1;2;2;2;2;1;2;1;2;2;7;1;2;4
"1-5-0 (2020-11-16)";"doi.org/10.14281/18241.1";2018;410;"KOR";732;"ROK";410070675;20180107;201712;201801;20.47;21.34;47;1;410030;410006;8;5;2;1;675;2390;"ko";3;1;1.0;0.8032128514056225;41453.815261044176;1;2;2;2;1;2;1;2;2;1;2;2;1;1;2;1;2;1;2;1;2;1;2;2;2;2;2;3;3;3;4;2;4;2;2;1;3;3;4;2;2;1;2;2;2;3;1;3;2;2;8;7;7;4;4;4;4;4;1;2;1;2;2;3;2;3;2;2;3;3;2;2;2;2;2;3;3;3;3;3;2;2;2;2;2;2;2;2;2;2;2;2;2;6;3;3;2;0;1;1;0;0;1;0;0;0;1;0;0;7;6;3;3;3;1;8;4;3;2;2;2;2;2;8;3;0;1;0;0;1;0;1;1;2;2;4;2;4;4;4;4;4;1;2;2;3;3;2;2;2;2;4;2;1;1;3;4;1;2;2;3;8;8;6;3;4;9;4;2;2;2;2;4;4;7;8;3;2;2;6;3;3;1;2;2;4;3;6;6;6;1;2;1;1;1;2;2;3;6;4;4;4;2;2;2;1;2;1;2;1;2;2;3;3;2;3;2;3;3;2;2;2;3;3;1;1;410001;410001;410001;2;4;3;3;2;2;4;4;2;2;1;2;3;4;1;4;9;6;6;7;8;3;8;7;5;6;8;9;8;2;2;1;1;1;2;2;1;1966;51;4;3;1;1;1;410;410;410;1;5;1;2390;1;3;3;2;3;2;1;1;1;1;1;1;5;4;6;2;1;1;3;5;2;0;100000020;410004;4;2;1;0.665;0.665;0.5424537037037037;0.5857407407407408;1.0;0.33;0.33;0.5533333333333333;0.33;1.0;1.0;0.7766666666666667;1.0;1.0;1.0;1.0;0.33;0.33;0.33;0.33;0.0;0.0;1.0;0.3333333333333333;0.75;0.66;0.66;0.6900000000000001;0.3333333333333333;0.5555555555555556;0.5555555555555556;0.48148148148148145;0.33;1.0;0.665;0.665;1.0;1.0;1.0;1.0;1.0;1.0;1.0;1.0;1.0;1.0;1.0;1.0;1;0;1;1;1;7;7;4;8;4;7;6;7;6;7;7;8;8;5;8;3;2;2;3;500;15000;0;8;4;2;7;7;5;4;6;1;1;4;3;3;8;5;4;3;2;2;3;3;2;2;3;7;5;4
"1-5-0 (2020-11-16)";"doi.org/10.14281/18241.1";2018;410;"KOR";732;"ROK";410070676;20180107;201712;201801;20.57;21.3;33;1;410028;410004;8;5;2;1;676;2390;"ko";2;1;1.0;0.8032128514056225;41453.815261044176;1;2;2;2;3;3;1;1;1;1;1;2;2;2;2;2;2;1;1;1;1;1;2;2;2;2;2;3;3;2;2;2;4;2;3;3;4;2;3;4;4;3;3;3;3;3;3;3;3;3;5;5;5;4;4;4;4;4;1;2;2;2;2;3;3;3;2;2;2;2;2;2;2;3;3;3;2;2;3;3;2;2;2;2;2;2;2;3;3;2;2;2;3;7;1;1;2;0;0;0;0;0;0;0;0;0;0;0;0;5;5;4;6;7;1;2;3;4;4;3;4;2;2;5;4;1;0;1;1;0;0;1;1;2;3;2;3;2;2;3;2;2;2;2;2;2;2;2;2;2;3;3;2;1;1;1;3;2;4;1;3;6;6;7;4;4;6;3;2;2;2;2;3;3;7;8;3;2;2;7;1;2;1;1;1;3;3;4;4;4;1;4;6;3;3;3;3;3;7;3;3;3;3;1;3;2;4;1;5;5;5;5;3;3;3;3;3;3;3;3;3;3;3;3;1;1;-2;-2;-2;2;2;2;3;3;2;2;3;3;3;3;3;3;3;2;2;6;8;2;8;8;7;8;8;8;4;6;6;4;3;3;2;2;1;3;3;2;1961;56;5;3;1;1;1;410;410;410;1;4;1;2390;1;2;3;2;3;2;1;1;1;1;1;1;6;6;8;2;2;2;3;7;2;0;100000020;410004;4;3;1;0.5533333333333333;0.7750000000000001;0.6565740740740741;0.4381481481481482;1.0;0.66;0.33;0.6633333333333334;0.66;1.0;1.0;0.8866666666666667;1.0;0.0;0.0;0.3333333333333333;0.33;0.33;0.33;0.33;1.0;1.0;1.0;1.0;0.75;0.66;0.33;0.5800000000000001;0.2222222222222222;0.3333333333333333;0.3333333333333333;0.2962962962962963;1.0;0.5;0.75;0.75;1.0;1.0;1.0;1.0;1.0;1.0;1.0;1.0;1.0;1.0;1.0;1.0;1;1;1;0;1;5;7;7;6;4;7;8;4;7;4;4;5;6;6;5;6;4;1;3;400;20000;0;5;3;1;8;7;8;6;6;1;1;2;2;4;4;2;2;2;3;1;3;3;2;3;4;4;3;4
"1-5-0 (2020-11-16)";"doi.org/10.14281/18241.1";2018;410;"KOR";732;"ROK";410070677;20180107;201712;201801;20.59;21.31;32;1;410031;410020;8;5;2;1;677;2390;"ko";2;1;1.0;0.8032128514056225;41453.815261044176;1;2;2;2;1;2;1;1;1;1;2;2;2;1;2;2;2;1;1;1;2;1;2;1;2;1;3;2;1;1;3;3;2;1;1;1;2;1;4;2;1;1;2;1;2;1;2;2;3;3;5;4;3;4;4;4;4;4;3;1;1;2;2;3;3;3;2;3;2;2;3;2;2;2;4;4;3;2;3;3;2;2;2;2;3;3;2;3;4;4;3;2;3;3;2;2;3;1;0;0;0;0;0;0;0;0;1;0;0;6;7;4;5;8;2;7;3;3;2;3;2;1;4;7;3;2;2;2;1;0;1;1;1;2;3;3;2;4;4;4;3;4;2;1;2;3;2;1;1;2;2;3;2;2;1;2;1;3;2;1;2;7;7;5;5;5;7;8;1;1;1;1;2;2;4;4;1;1;2;7;5;3;1;4;3;3;3;4;6;5;4;8;1;7;2;3;3;4;6;2;3;4;2;2;4;1;4;2;5;5;5;2;2;2;3;3;2;1;3;3;2;3;3;3;1;1;410001;410001;410001;2;3;2;2;3;3;2;3;2;2;1;2;1;2;2;2;8;8;7;8;8;7;7;8;4;7;8;8;7;2;1;1;1;2;3;4;2;1954;63;5;3;1;1;1;410;410;410;1;2;1;2390;1;3;2;1;2;1;0;1;0;1;5;1;-3;9;9;-3;2;1;5;3;1;7;70000000;410004;2;2;2;0.5258333333333334;0.33166666666666667;0.32134259259259257;0.22685185185185186;0.5;0.0;0.66;0.3866666666666667;0.33;0.0;0.5;0.27666666666666667;1.0;1.0;1.0;1.0;0.66;0.33;0.33;0.44;1.0;0.0;1.0;0.6666666666666666;0.25;0.0;0.0;0.08333333333333333;0.2222222222222222;0.3333333333333333;0.5555555555555556;0.3703703703703704;0.33;0.0;0.165;0.165;1.0;1.0;1.0;1.0;1.0;1.0;1.0;1.0;1.0;1.0;1.0;1.0;0;0;1;0;1;4;4;4;4;4;5;3;3;5;4;6;4;4;5;7;6;-3;-3;5;150;22000;0;-3;4;1;-3;-3;-3;4;2;1;1;2;5;5;7;2;2;5;2;2;2;2;4;1;5;7;2;4
"1-5-0 (2020-11-16)";"doi.org/10.14281/18241.1";2018;410;"KOR";732;"ROK";410070678;20180107;201712;201801;9.04;9.24;21;1;410041;410007;8;5;2;1;678;2390;"ko";1;1;1.0;0.8032128514056225;41453.815261044176;1;1;2;2;2;2;2;1;2;1;2;1;1;2;2;1;2;1;2;1;2;1;2;2;2;2;2;1;2;2;3;2;2;1;3;3;3;3;2;2;3;3;2;2;3;2;2;2;2;2;7;7;7;4;4;4;4;4;3;1;1;1;2;3;3;4;2;2;2;1;1;3;3;2;2;2;3;2;1;1;2;1;1;2;2;2;2;1;2;2;2;2;1;7;2;2;2;0;0;0;0;0;0;0;0;0;0;0;0;7;6;7;7;7;1;7;2;3;2;3;2;3;3;6;3;2;1;1;0;0;1;1;1;3;2;2;3;4;4;3;2;3;1;1;2;2;4;2;2;4;4;3;1;1;1;1;2;3;4;2;3;7;7;8;6;7;7;7;1;1;1;1;2;2;2;2;2;1;1;6;8;7;7;1;2;2;2;1;6;7;2;2;1;1;1;4;1;1;1;1;1;1;3;3;2;2;2;5;4;1;3;4;2;3;2;2;3;2;3;2;3;3;3;2;2;2;-2;-2;-2;3;2;3;2;3;2;2;3;3;2;2;2;2;1;2;2;9;5;6;8;7;7;6;8;6;7;8;6;8;1;2;1;1;1;2;3;2;1965;52;4;3;1;2;1;410;-2;410;1;3;1;2390;1;1;5;3;5;3;1;1;1;1;1;1;4;4;8;2;2;1;2;7;2;7;70000000;410004;3;2;1;0.5255555555555556;0.4427777777777778;0.3393055555555555;0.26277777777777783;0.5;0.33;0.33;0.3866666666666667;0.33;1.0;0.16666666666666666;0.49888888888888894;1.0;0.0;1.0;0.6666666666666666;0.33;0.66;0.66;0.55;1.0;0.0;1.0;0.6666666666666666;0.25;0.33;0.33;0.3033333333333334;0.1111111111111111;0.0;0.5555555555555556;0.22222222222222224;0.33;0.0;0.165;0.165;1.0;1.0;1.0;1.0;1.0;1.0;1.0;1.0;1.0;1.0;1.0;1.0;0;0;1;1;1;7;7;6;6;7;7;6;4;7;6;8;8;6;5;7;7;1;5;2;500;50000;0;7;7;1;6;8;8;6;6;1;1;2;3;5;5;6;5;5;2;7;2;1;1;1;6;5;6;4
"1-5-0 (2020-11-16)";"doi.org/10.14281/18241.1";2018;410;"KOR";732;"ROK";410070679;20180107;201712;201801;9.06;9.26;20;1;410026;410002;8;5;2;1;679;2390;"ko";2;1;1.0;0.8032128514056225;41453.815261044176;1;1;1;4;3;4;2;1;1;1;1;2;2;1;2;2;2;1;1;1;1;1;2;2;2;2;1;1;2;2;3;3;3;3;3;3;3;3;3;3;3;3;3;3;2;2;2;2;2;1;7;8;8;4;4;4;4;4;1;1;1;1;1;2;4;4;2;2;3;3;4;4;3;3;3;4;4;4;4;4;4;4;4;4;2;2;2;2;2;2;2;2;2;7;1;1;1;0;0;0;0;0;0;0;0;0;0;0;0;7;6;7;7;7;1;7;3;3;3;3;3;2;2;8;4;2;1;2;2;1;1;1;1;2;2;4;4;4;4;4;4;4;2;2;2;1;1;2;2;4;4;4;1;2;1;1;2;1;3;1;2;7;8;7;7;8;7;8;2;2;2;2;2;2;4;4;2;1;1;5;2;2;2;1;1;1;1;1;1;1;1;1;1;1;1;1;1;1;1;3;3;3;2;2;1;1;5;1;1;1;1;2;3;3;3;3;3;3;3;3;3;3;3;3;1;1;410001;410001;410001;2;2;2;2;2;2;3;3;3;3;3;1;1;3;1;1;7;6;7;7;7;8;7;8;7;8;7;6;8;2;2;1;1;1;3;3;2;1981;36;3;2;1;1;1;410;410;410;1;4;1;2390;1;2;5;3;5;3;3;2;3;2;1;1;5;3;6;2;2;2;3;7;2;7;70000000;410004;1;1;2;0.5266666666666667;0.555;0.3466666666666667;0.19333333333333336;0.5;0.33;0.0;0.27666666666666667;1.0;1.0;0.5;0.8333333333333334;1.0;0.0;0.0;0.3333333333333333;0.33;1.0;0.66;0.6633333333333334;1.0;1.0;1.0;1.0;0.5;0.33;0.33;0.3866666666666667;0.0;0.0;0.0;0.0;0.0;0.0;0.0;0.0;1.0;1.0;1.0;1.0;1.0;1.0;1.0;1.0;1.0;1.0;1.0;1.0;0;0;0;0;1;8;8;8;8;6;7;6;7;8;7;8;8;7;8;8;7;1;5;3;500;30000;0;9;6;1;9;9;6;8;3;1;1;4;3;4;8;5;4;5;2;2;4;4;2;2;5;7;5;4
"1-5-0 (2020-11-16)";"doi.org/10.14281/18241.1";2018;410;"KOR";732;"ROK";410070680;20180107;201712;201801;9.11;9.31;20;1;410027;410003;8;5;2;1;680;2390;"ko";2;1;1.0;0.8032128514056225;41453.815261044176;2;1;2;2;2;3;1;1;1;1;2;1;2;2;2;2;2;1;2;1;2;1;2;2;2;2;2;3;3;2;3;3;3;3;2;1;3;3;3;3;3;2;2;3;2;1;1;2;2;2;8;8;9;4;4;4;4;4;3;2;1;3;2;4;4;4;4;4;3;3;3;3;3;3;3;3;3;3;3;3;2;2;2;2;2;2;2;2;2;2;2;2;2;7;2;1;2;0;0;0;0;0;0;0;0;0;0;0;0;7;5;4;5;6;1;8;4;4;4;4;4;3;3;7;3;1;2;2;1;2;2;1;2;3;3;2;1;2;3;3;2;2;1;1;2;2;2;2;2;1;2;2;1;2;1;2;1;2;4;2;4;8;7;6;7;6;7;5;2;2;2;2;3;2;7;8;3;2;2;7;4;4;3;3;4;5;4;5;6;5;4;5;3;4;4;5;3;5;4;2;3;3;2;1;3;1;2;1;3;2;5;1;2;2;2;3;2;3;3;3;2;2;2;2;1;1;-2;-2;-2;1;2;2;1;2;2;1;2;2;2;2;3;2;4;3;3;5;7;5;7;5;4;5;7;6;6;7;7;7;2;2;1;1;2;3;3;1;1980;37;3;2;1;1;1;410;410;410;1;3;1;2390;1;1;6;3;6;3;3;2;3;2;1;2;3;5;3;2;1;1;3;5;2;0;100000020;410004;3;3;1;0.7616666666666667;0.6366666666666667;0.5362037037037037;0.4890740740740741;0.5;0.33;0.33;0.3866666666666667;0.66;1.0;1.0;0.8866666666666667;1.0;1.0;1.0;1.0;1.0;0.66;0.66;0.7733333333333334;1.0;0.0;1.0;0.6666666666666666;0.5;0.66;0.33;0.49666666666666676;0.4444444444444444;0.4444444444444444;0.5555555555555556;0.48148148148148145;1.0;0.0;0.5;0.5;1.0;1.0;1.0;1.0;1.0;1.0;1.0;1.0;1.0;1.0;1.0;1.0;0;1;1;1;0;7;7;6;7;8;7;6;7;7;7;6;8;7;7;7;8;1;6;2;300;15500;0;8;5;2;7;7;7;7;8;1;1;6;6;8;5;1;6;6;2;1;4;3;3;3;8;3;1;4
"1-5-0 (2020-11-16)";"doi.org/10.14281/18241.1";2018;410;"KOR";732;"ROK";410070681;20180107;201712;201801;9.13;9.52;39;1;410041;410007;8;5;2;1;681;2390;"ko";2;1;1.0;0.8032128514056225;41453.815261044176;1;2;2;2;2;2;1;1;1;1;2;1;2;2;2;2;2;1;2;1;2;1;2;1;2;2;3;3;3;3;3;3;3;3;2;1;4;2;4;2;2;2;2;4;2;2;2;2;2;2;5;7;3;4;4;4;4;4;1;2;2;2;2;2;3;3;2;3;3;2;3;3;3;3;3;3;2;3;3;3;3;3;3;3;2;2;2;2;3;3;2;2;3;7;3;1;2;1;1;0;0;0;0;0;0;0;1;0;0;7;7;4;5;7;2;7;2;2;2;2;2;2;3;6;2;2;1;2;0;1;1;2;1;2;3;3;2;3;3;3;3;3;2;2;2;2;2;2;2;3;3;3;1;1;1;3;4;1;3;2;3;7;8;4;6;7;8;6;1;1;1;1;2;2;2;4;2;1;2;6;3;4;2;3;2;3;4;5;6;6;4;4;3;3;3;3;4;5;4;2;2;2;2;2;5;1;2;1;5;1;5;1;2;2;2;2;2;1;2;2;2;2;2;3;1;1;-2;-2;-2;2;2;2;3;3;2;3;3;2;2;2;2;3;3;3;3;5;7;5;7;7;3;8;4;3;8;7;8;8;2;3;2;3;3;3;3;1;1972;45;4;2;1;1;1;410;410;410;1;5;1;2390;1;3;3;2;3;2;1;1;1;1;1;1;4;4;10;2;1;3;3;3;1;1;10100000;410004;3;1;1;0.6913888888888889;0.5527777777777778;0.5451851851851852;0.5070370370370372;0.5;0.66;0.66;0.6066666666666668;0.33;1.0;0.16666666666666666;0.49888888888888894;1.0;1.0;1.0;1.0;0.66;0.66;0.66;0.66;1.0;0.0;1.0;0.6666666666666666;0.5;0.66;0.66;0.6066666666666668;0.2222222222222222;0.4444444444444444;0.5555555555555556;0.40740740740740744;0.0;1.0;0.5;0.5;1.0;1.0;1.0;1.0;1.0;1.0;1.0;1.0;1.0;1.0;1.0;1.0;1;0;0;1;1;7;3;4;3;3;3;3;4;6;3;3;7;4;5;6;6;4;2;3;300;30000;5000;5;3;2;3;5;8;7;3;1;1;3;5;3;3;3;3;5;2;1;2;3;3;2;3;3;3;4
"1-5-0 (2020-11-16)";"doi.org/10.14281/18241.1";2018;410;"KOR";732;"ROK";410070682;20180107;201712;201801;9.21;9.41;20;1;410026;410002;8;5;2;1;682;2390;"ko";2;1;1.0;0.8032128514056225;41453.815261044176;1;1;1;4;2;4;1;1;1;1;1;2;2;2;2;2;2;1;1;1;1;1;2;2;2;2;1;2;3;3;2;3;2;1;2;1;3;3;4;3;3;4;3;3;2;2;2;2;2;2;8;8;7;4;4;4;4;4;1;1;1;1;1;3;3;3;4;2;2;4;4;4;3;4;4;3;4;4;3;4;3;4;3;3;4;4;3;4;4;3;4;2;2;8;1;2;2;0;0;0;0;0;0;0;0;0;0;0;0;6;7;5;4;7;1;6;3;3;3;3;3;2;2;7;4;2;2;1;1;1;2;1;2;1;2;4;4;4;4;4;4;4;2;2;2;2;2;2;2;2;2;2;2;2;1;1;2;1;2;1;2;7;8;7;8;7;8;7;2;2;2;2;2;2;7;8;3;2;2;5;1;1;1;1;1;1;1;1;1;1;1;1;1;1;1;1;1;1;1;3;3;3;3;3;1;1;5;3;3;3;5;3;3;3;3;3;3;3;3;3;3;3;3;3;1;1;410001;410001;410001;1;1;2;3;3;2;3;3;3;3;2;1;2;1;2;2;4;7;6;6;7;6;7;7;6;7;6;7;6;2;2;1;1;1;2;2;2;1966;51;4;3;1;1;1;410;410;410;1;4;1;2390;1;2;3;2;3;2;1;1;1;1;5;1;-3;6;6;-3;2;2;2;7;2;7;70000000;410004;2;2;1;0.485;0.6383333333333333;0.42208333333333337;0.26166666666666666;0.5;0.33;0.0;0.27666666666666667;1.0;1.0;1.0;1.0;0.0;0.0;0.0;0.0;0.33;1.0;0.66;0.6633333333333334;1.0;1.0;1.0;1.0;0.25;0.66;0.66;0.5233333333333333;0.0;0.0;0.0;0.0;0.33;0.0;0.165;0.165;1.0;1.0;1.0;1.0;1.0;1.0;1.0;1.0;1.0;1.0;1.0;1.0;0;0;1;0;1;9;8;8;8;7;7;7;8;6;7;8;8;7;8;8;7;-3;-3;2;400;30000;5000;8;6;1;9;8;9;8;8;1;1;6;5;5;8;5;5;5;2;2;4;4;2;2;5;8;5;4
"1-5-0 (2020-11-16)";"doi.org/10.14281/18241.1";2018;410;"KOR";732;"ROK";410070683;20180107;201712;201801;9.22;9.57;35;1;410041;410007;8;5;2;1;683;2390;"ko";3;1;1.0;0.8032128514056225;41453.815261044176;1;1;2;2;2;3;1;2;1;1;2;1;1;2;2;2;2;1;1;1;2;1;2;1;2;2;2;2;1;2;2;3;2;1;4;2;2;1;4;3;2;1;2;3;2;2;1;2;2;2;7;7;5;4;4;4;4;4;1;1;1;2;1;3;3;3;2;2;2;2;2;3;2;2;4;4;2;2;2;3;2;2;2;2;2;2;2;3;2;2;2;3;2;5;3;1;2;0;0;0;0;0;0;0;0;0;0;0;0;7;5;3;5;4;1;6;3;3;3;3;2;3;2;5;4;2;2;0;1;2;2;2;0;3;2;3;3;3;3;3;2;3;1;2;2;2;3;2;2;2;2;2;2;2;1;2;1;1;3;1;2;9;7;3;2;3;7;6;1;2;2;2;3;4;7;8;3;2;1;7;1;2;2;2;2;3;3;2;4;5;3;4;1;1;2;3;2;3;2;3;3;3;3;2;4;1;4;1;5;2;5;1;2;2;2;3;2;2;3;3;2;2;3;3;1;1;410002;410002;410002;1;2;2;3;3;2;2;2;3;2;2;3;3;2;2;3;6;7;1;7;8;2;5;5;4;5;8;7;8;2;1;1;1;1;2;4;2;1959;58;5;3;1;1;1;410;410;410;1;4;1;2390;1;2;3;2;3;2;3;2;3;2;4;1;-3;3;7;-3;2;1;3;5;2;0;100000020;410004;1;1;0;0.6508333333333333;0.5816666666666667;0.18722222222222223;0.20777777777777778;0.5;0.0;0.33;0.27666666666666667;0.66;1.0;1.0;0.8866666666666667;1.0;1.0;1.0;1.0;0.33;0.66;0.33;0.44;0.0;0.0;1.0;0.3333333333333333;0.25;0.0;0.33;0.19333333333333336;0.2222222222222222;0.1111111111111111;0.3333333333333333;0.2222222222222222;0.0;0.0;0.0;0.0;1.0;1.0;1.0;1.0;1.0;1.0;1.0;1.0;1.0;1.0;1.0;1.0;0;0;0;0;1;6;6;5;6;5;4;5;3;6;4;5;7;3;7;7;7;-3;-3;3;500;150000;3000;-3;6;1;-3;-3;-3;8;5;1;1;5;3;6;5;6;5;5;3;1;3;3;2;2;6;3;5;4
"1-5-0 (2020-11-16)";"doi.org/10.14281/18241.1";2018;410;"KOR";732;"ROK";410070684;20180107;201712;201801;9.29;9.49;21;1;410027;410003;8;5;2;1;684;2390;"ko";2;1;1.0;0.8032128514056225;41453.815261044176;1;1;1;2;2;2;1;2;2;1;1;1;1;2;2;2;2;1;2;1;2;1;2;1;2;2;2;3;2;2;2;3;3;3;3;3;4;2;3;3;4;2;2;2;2;2;1;1;2;2;7;8;8;4;4;4;4;4;3;1;1;2;2;3;3;3;2;3;3;2;3;3;2;2;3;3;4;2;3;4;2;3;2;2;2;2;2;1;2;2;2;2;2;7;2;1;2;2;0;0;0;0;0;0;0;0;0;0;0;7;5;4;5;6;1;8;3;4;3;3;3;3;3;7;3;2;1;2;2;2;2;2;1;2;2;3;1;2;3;3;1;2;1;2;2;2;2;2;2;1;2;2;1;2;1;2;1;3;2;2;3;6;7;6;7;6;7;6;1;1;1;1;2;2;2;2;1;1;2;6;5;4;4;4;5;6;5;5;6;7;5;5;6;5;4;4;5;6;5;2;3;3;2;1;5;1;2;1;1;1;5;2;2;3;3;3;3;3;3;3;2;3;3;3;1;2;-2;-2;-2;1;1;2;2;2;2;2;1;2;2;2;1;2;4;3;3;6;5;4;5;4;5;6;6;5;6;5;6;6;2;2;1;2;2;3;3;1;1967;50;4;3;1;1;1;410;410;410;1;4;1;2390;1;2;6;3;3;2;2;1;2;1;3;3;4;4;3;3;1;2;3;5;2;2;20000000;410004;3;2;0;0.4838888888888888;0.19277777777777777;0.43421296296296297;0.4525925925925926;0.0;0.33;0.33;0.22;0.33;0.0;0.16666666666666666;0.16555555555555557;1.0;1.0;1.0;1.0;0.66;0.66;0.33;0.5499999999999999;0.0;1.0;1.0;0.6666666666666666;0.5;0.33;0.33;0.3866666666666667;0.5555555555555556;0.4444444444444444;0.5555555555555556;0.5185185185185185;0.33;0.0;0.165;0.165;1.0;1.0;1.0;1.0;1.0;1.0;1.0;1.0;1.0;1.0;1.0;1.0;0;0;1;1;1;8;7;6;6;7;6;7;7;7;6;6;7;7;6;5;6;4;2;2;450;25000;0;8;6;1;9;8;8;6;6;1;1;8;5;5;5;3;7;6;2;1;2;1;2;2;6;5;2;4
"1-5-0 (2020-11-16)";"doi.org/10.14281/18241.1";2018;410;"KOR";732;"ROK";410070685;20180107;201712;201801;9.3;10.1;40;1;410041;410007;8;5;2;1;685;2390;"ko";2;1;1.0;0.8032128514056225;41453.815261044176;1;2;3;3;1;4;2;1;2;1;1;1;2;1;2;2;2;1;2;1;2;1;2;1;2;2;1;2;3;3;2;2;3;3;2;1;3;3;2;4;4;2;2;3;2;2;2;1;2;1;7;8;8;4;4;4;4;4;1;2;1;1;2;3;3;4;2;2;3;1;2;2;1;3;2;2;2;1;2;2;3;1;2;2;1;1;3;2;1;2;2;1;2;7;1;3;3;0;0;0;0;0;0;0;0;0;0;0;0;7;6;8;6;7;2;4;1;1;2;2;2;2;4;5;4;2;0;1;1;2;0;1;1;3;2;2;3;3;3;4;3;3;1;1;2;1;1;2;2;2;3;3;2;2;1;3;1;2;4;1;3;6;6;6;4;6;7;3;2;2;2;1;4;4;7;8;3;1;1;2;2;2;1;1;1;2;1;1;6;2;2;1;1;1;1;1;1;1;1;1;1;1;2;2;2;1;2;2;4;2;3;2;2;3;2;2;3;2;3;3;2;2;3;2;1;1;410008;410008;410008;3;2;3;2;3;3;2;2;3;2;2;2;1;2;2;1;5;7;4;7;6;7;6;7;7;6;7;6;6;2;2;1;1;1;2;2;2;1970;47;4;2;1;1;1;410;410;410;1;4;1;2390;1;2;5;3;7;3;2;1;3;2;1;1;3;4;4;2;2;2;3;6;2;0;100000020;410004;4;3;2;0.41583333333333333;0.555;0.7072222222222223;0.4144444444444445;0.0;0.33;0.0;0.11;1.0;1.0;1.0;1.0;1.0;0.0;0.0;0.3333333333333333;0.33;0.33;0.0;0.22;1.0;1.0;1.0;1.0;0.5;0.66;0.66;0.6066666666666668;0.1111111111111111;0.0;0.5555555555555556;0.22222222222222224;1.0;1.0;1.0;1.0;1.0;1.0;1.0;1.0;1.0;1.0;1.0;1.0;1.0;1.0;1.0;1.0;1;1;1;0;1;6;7;6;7;8;5;7;8;8;4;5;7;7;4;6;5;1;5;2;550;30000;0;8;6;1;7;8;7;6;6;1;2;2;2;3;3;6;2;2;2;3;3;2;2;3;3;3;6;4
"1-5-0 (2020-11-16)";"doi.org/10.14281/18241.1";2018;410;"KOR";732;"ROK";410070686;20180107;201712;201801;9.32;9.52;20;1;410043;410009;6;3;4;1;686;2390;"ko";3;1;1.0;0.8032128514056225;41453.815261044176;1;1;3;2;1;4;1;2;2;1;1;1;1;2;2;2;2;1;2;1;2;1;2;2;2;2;1;1;4;3;4;2;3;3;1;1;3;3;3;3;1;1;3;3;2;1;1;3;1;2;5;9;5;4;4;4;4;4;1;2;1;4;4;4;4;4;4;4;4;4;4;3;3;3;3;3;3;3;3;4;2;4;4;4;4;4;2;2;2;2;2;2;2;5;3;1;2;0;0;0;0;0;0;0;0;0;0;0;0;8;5;2;2;5;1;10;2;2;2;2;2;1;4;5;3;1;1;1;1;1;1;1;1;3;2;4;4;4;4;4;4;4;2;2;2;2;1;2;2;2;4;4;1;1;1;3;1;3;4;1;3;8;8;6;6;6;7;1;2;2;2;2;4;4;7;8;3;1;1;10;1;1;1;1;1;1;1;1;10;10;1;1;1;1;1;1;1;1;10;1;4;4;2;2;4;1;4;1;1;1;1;1;2;2;2;2;1;3;2;2;1;2;2;2;1;1;-2;-2;-2;3;3;3;3;3;3;3;3;3;3;1;1;3;4;1;4;5;5;1;6;10;1;10;10;2;10;10;1;3;3;2;4;4;4;4;4;1;1983;34;2;2;1;1;1;410;410;410;1;4;1;2390;1;2;5;3;5;3;3;2;3;2;1;5;5;-5;1;2;1;2;4;3;1;0;100000020;410004;3;2;0;0.5541666666666667;0.7216666666666667;0.59625;0.5266666666666667;1.0;0.33;0.0;0.44333333333333336;1.0;1.0;1.0;1.0;0.0;0.0;0.0;0.0;1.0;0.66;0.66;0.7733333333333334;0.0;1.0;1.0;0.6666666666666666;0.5;1.0;0.66;0.7200000000000001;0.0;0.0;1.0;0.3333333333333333;0.33;1.0;0.665;0.665;1.0;1.0;1.0;1.0;1.0;1.0;1.0;1.0;1.0;1.0;1.0;1.0;1;0;1;0;1;9;2;2;2;1;1;1;1;1;1;10;10;10;9;7;1;1;5;3;210;30000;5000;5;2;1;9;10;9;10;9;1;1;3;3;7;3;3;3;3;2;1;1;4;1;4;7;3;3;4
"1-5-0 (2020-11-16)";"doi.org/10.14281/18241.1";2018;410;"KOR";732;"ROK";410070687;20180107;201712;201801;9.36;10.15;39;1;410030;410006;8;5;2;1;687;2390;"ko";3;1;1.0;0.8032128514056225;41453.815261044176;1;2;2;3;2;3;1;1;1;1;1;2;2;2;2;2;2;1;1;1;2;1;2;2;2;2;2;3;3;3;3;3;3;3;2;1;4;2;4;3;3;2;3;3;2;3;1;3;2;2;6;6;4;4;4;4;4;4;1;1;1;2;2;3;3;3;3;3;3;2;2;2;2;2;2;2;2;2;2;2;2;2;2;2;2;2;2;2;2;2;2;2;2;4;3;1;2;0;0;0;0;0;0;0;0;0;0;0;0;5;7;5;6;6;1;7;2;2;2;2;2;1;1;7;3;1;2;0;0;1;0;2;1;3;2;4;1;4;4;4;4;4;1;1;2;3;4;2;2;4;4;4;1;2;1;1;2;2;4;3;4;7;6;7;7;7;8;1;2;2;2;2;4;4;7;8;3;2;2;5;1;1;1;1;1;1;1;4;6;4;1;1;1;1;1;1;1;1;6;4;4;4;3;3;5;1;5;1;5;1;5;2;3;3;3;3;3;3;3;3;3;3;3;3;2;2;410002;410002;410002;2;4;3;4;2;2;4;4;1;2;2;2;2;4;2;4;3;8;2;8;8;2;6;4;6;10;10;9;9;2;2;1;1;1;3;3;2;1995;22;1;1;1;1;1;410;410;410;1;1;2;2390;6;0;3;2;-3;-3;3;2;3;2;2;-3;5;-3;8;2;2;2;3;4;2;0;100000020;410004;3;3;1;0.47;0.72;0.6007407407407408;0.45148148148148154;1.0;0.33;0.33;0.5533333333333333;0.66;1.0;1.0;0.8866666666666667;0.0;0.0;0.0;0.0;0.66;0.33;0.33;0.44;1.0;1.0;1.0;1.0;0.5;0.66;0.66;0.6066666666666668;0.0;0.3333333333333333;0.5555555555555556;0.2962962962962963;1.0;0.0;0.5;0.5;1.0;1.0;1.0;1.0;1.0;1.0;1.0;1.0;1.0;1.0;1.0;1.0;0;1;1;1;0;6;7;4;8;5;8;6;5;7;7;6;7;8;8;6;4;2;2;3;350;13000;0;7;3;2;7;7;5;7;3;1;1;5;5;8;3;6;5;5;2;1;2;2;2;2;8;3;6;-3
"1-5-0 (2020-11-16)";"doi.org/10.14281/18241.1";2018;410;"KOR";732;"ROK";410070688;20180107;201712;201801;9.37;9.58;22;1;410026;410002;8;5;2;1;688;2390;"ko";2;1;1.0;0.8032128514056225;41453.815261044176;1;1;1;4;2;4;1;1;1;1;1;2;2;2;2;2;2;1;1;1;1;2;2;1;2;2;1;1;1;3;3;3;3;3;4;2;3;3;4;3;2;4;3;4;2;2;2;2;2;2;7;8;7;4;4;4;4;4;1;1;1;1;1;2;3;3;3;3;2;3;2;2;4;4;4;4;3;2;3;4;4;2;2;4;4;4;4;4;4;4;4;2;2;7;1;1;1;0;0;0;0;0;0;0;0;0;0;0;0;7;8;7;8;8;1;7;2;2;2;2;2;3;2;8;4;0;0;0;0;0;0;1;1;3;2;4;4;4;4;4;4;4;2;2;2;2;2;2;2;2;2;2;1;2;1;1;3;2;3;2;1;8;7;8;7;7;6;7;2;2;2;2;2;2;7;8;2;1;2;7;6;7;7;8;7;7;8;7;7;8;7;8;7;7;8;7;8;7;7;3;3;3;3;3;1;1;5;1;5;5;5;5;3;3;3;3;3;3;3;3;3;3;3;3;1;1;410001;410001;410001;4;4;4;4;4;4;4;4;4;4;3;2;2;2;2;2;6;7;6;7;6;7;6;7;6;7;6;7;6;2;2;1;1;1;4;4;2;1952;65;6;3;1;1;1;410;410;410;1;2;1;2390;1;2;3;2;3;2;0;1;0;1;5;2;-3;8;9;-3;2;2;3;6;2;7;70000000;410004;3;2;1;0.735;0.6383333333333333;0.6583333333333333;0.5266666666666666;0.5;0.33;0.0;0.27666666666666667;1.0;1.0;1.0;1.0;1.0;1.0;1.0;1.0;0.66;0.33;1.0;0.6633333333333334;1.0;1.0;1.0;1.0;0.5;0.0;0.66;0.3866666666666667;0.6666666666666666;0.6666666666666666;0.6666666666666666;0.6666666666666666;0.66;0.5;0.5800000000000001;0.5800000000000001;1.0;1.0;1.0;1.0;1.0;1.0;1.0;1.0;1.0;1.0;1.0;1.0;1;1;0;1;0;7;7;8;7;7;7;7;8;7;7;8;6;7;7;7;7;-3;-3;3;150;30000;5000;8;7;1;9;7;8;7;7;1;1;5;5;4;6;5;5;5;2;2;3;3;3;3;4;8;5;4
"1-5-0 (2020-11-16)";"doi.org/10.14281/18241.1";2018;410;"KOR";732;"ROK";410070689;20180107;201712;201801;9.39;10.02;23;1;410011;410001;8;5;1;1;689;2390;"ko";2;1;1.0;0.8032128514056225;41453.815261044176;1;2;2;3;2;2;1;1;2;2;1;1;2;2;2;2;1;1;2;1;2;1;2;1;1;2;2;3;2;3;2;2;4;2;2;1;2;1;4;2;2;2;2;3;2;2;1;3;2;2;7;8;8;4;4;4;4;4;1;2;1;2;2;3;3;3;2;2;3;3;3;3;4;3;3;4;3;3;3;4;3;3;2;3;2;2;2;1;1;2;2;2;2;5;3;1;2;2;0;0;0;0;0;0;0;0;0;0;0;7;6;4;5;7;1;8;2;3;3;4;4;1;2;7;3;2;2;0;0;0;2;1;2;3;2;4;4;4;4;4;4;4;1;1;2;2;2;2;2;1;2;2;2;2;1;2;3;2;3;2;1;7;8;5;7;7;8;7;1;1;1;1;2;2;1;1;1;1;1;7;3;3;1;2;1;2;1;1;3;3;1;1;1;1;1;2;1;1;1;2;2;2;3;2;5;1;5;2;5;3;5;2;3;3;3;3;3;3;3;3;3;3;3;3;1;1;410008;410008;410008;2;2;3;4;3;2;3;3;2;2;2;2;2;3;3;3;5;7;5;8;8;3;7;3;2;5;8;7;7;2;2;2;2;2;3;3;2;1971;46;4;2;1;1;1;410;410;410;1;4;1;2390;1;2;3;2;3;2;2;1;2;1;1;1;5;4;5;2;2;2;3;4;2;2;20000000;410004;3;2;0;0.4983333333333334;0.33166666666666667;0.48444444444444446;0.3455555555555556;1.0;0.33;0.33;0.5533333333333333;0.33;0.0;0.0;0.11;1.0;1.0;0.0;0.6666666666666666;0.33;0.66;1.0;0.6633333333333334;1.0;1.0;0.0;0.6666666666666666;0.75;0.33;0.66;0.5800000000000001;0.1111111111111111;0.0;0.2222222222222222;0.1111111111111111;0.66;0.5;0.5800000000000001;0.5800000000000001;1.0;1.0;1.0;1.0;1.0;1.0;1.0;1.0;1.0;1.0;1.0;1.0;1;1;0;1;0;6;8;7;7;8;5;4;3;3;5;4;7;4;5;7;5;2;4;3;480;75000;3000;8;5;1;7;8;7;8;5;1;1;6;4;4;3;6;5;3;2;3;2;3;2;2;5;3;7;4
"1-5-0 (2020-11-16)";"doi.org/10.14281/18241.1";2018;410;"KOR";732;"ROK";410070690;20180107;201712;201801;9.48;10.08;20;1;410027;410003;8;5;2;1;690;2390;"ko";2;1;1.0;0.8032128514056225;41453.815261044176;1;1;2;1;2;3;1;1;2;2;1;1;1;2;2;2;2;1;2;1;1;1;2;1;2;2;2;3;3;3;3;3;4;2;2;1;3;3;3;3;3;2;1;3;1;1;1;2;2;1;7;8;7;4;4;4;4;4;3;1;1;2;2;3;4;3;3;3;4;4;4;3;3;2;3;3;4;3;3;3;3;3;3;2;2;2;2;3;2;3;2;2;3;7;3;1;2;0;0;0;0;0;0;0;0;0;0;0;0;7;6;7;6;7;1;8;4;3;3;3;3;2;2;7;2;0;1;2;2;2;2;2;2;3;2;2;1;2;3;2;2;2;1;2;2;2;2;2;2;2;1;2;2;2;2;3;1;2;4;1;3;7;8;6;5;7;6;4;2;2;2;2;2;2;7;8;3;2;2;7;5;4;5;3;3;6;5;4;7;6;6;6;4;4;6;6;5;5;6;1;3;3;2;1;5;1;5;1;5;1;5;2;2;3;3;3;3;3;3;3;2;2;3;3;2;3;410002;410002;410002;1;2;2;2;1;2;2;3;2;2;2;3;2;4;3;3;5;4;3;4;6;4;5;7;6;5;5;5;6;2;2;1;2;1;3;3;2;1991;26;2;1;1;1;1;410;410;410;1;4;1;2390;6;0;6;3;-3;-3;6;3;6;3;1;-3;5;-3;3;2;2;1;2;6;2;0;100000020;410004;4;3;1;0.7333333333333334;0.6366666666666667;0.8021296296296296;0.6042592592592593;0.5;0.33;0.33;0.3866666666666667;0.66;1.0;1.0;0.8866666666666667;1.0;1.0;1.0;1.0;0.66;0.66;0.66;0.66;1.0;1.0;1.0;1.0;0.75;0.66;0.66;0.6900000000000001;0.5555555555555556;0.3333333333333333;0.6666666666666666;0.5185185185185185;1.0;1.0;1.0;1.0;1.0;1.0;1.0;1.0;1.0;1.0;1.0;1.0;1.0;1.0;1.0;1.0;1;1;1;0;1;6;7;6;7;6;7;7;6;7;6;7;7;6;4;7;6;2;8;2;500;29500;1500;7;6;2;7;8;7;6;7;1;1;6;6;8;1;3;5;5;1;1;2;1;2;2;6;1;1;-3
"1-5-0 (2020-11-16)";"doi.org/10.14281/18241.1";2018;410;"KOR";732;"ROK";410070691;20180107;201712;201801;9.51;10.11;20;1;410043;410009;6;3;4;1;691;2390;"ko";3;1;1.0;0.8032128514056225;41453.815261044176;1;2;2;2;1;3;2;1;1;1;2;2;1;1;2;2;2;1;2;1;2;1;2;2;2;2;1;2;4;4;4;2;4;2;1;1;5;2;4;4;4;2;3;2;2;3;1;3;2;2;10;9;9;4;4;4;4;4;1;1;1;2;2;3;2;2;3;1;2;2;2;2;2;2;2;2;2;2;2;2;2;2;2;2;2;2;2;2;2;2;2;2;2;8;3;1;2;0;1;0;0;0;0;0;0;0;1;0;0;8;6;7;3;2;1;8;2;2;2;2;2;1;3;8;3;0;1;0;0;0;2;1;0;1;2;4;3;4;4;4;4;4;2;2;2;2;1;2;2;2;3;4;1;2;1;1;3;1;3;2;1;8;9;8;7;4;8;1;2;2;2;2;4;3;7;8;3;2;1;8;2;1;1;1;1;1;1;3;5;5;2;4;1;1;1;1;2;2;2;3;3;3;3;2;3;1;5;2;3;2;2;2;2;2;2;2;2;2;2;2;2;2;2;2;1;1;410002;410002;410002;3;2;3;2;2;2;3;3;3;3;2;3;3;3;3;3;5;7;4;8;8;2;5;7;6;9;6;6;8;2;2;2;2;2;2;3;1;1965;52;4;3;1;1;1;410;410;410;1;3;1;2390;1;2;3;2;3;2;2;1;3;2;1;1;6;4;9;2;1;1;3;5;2;0;100000020;410004;2;1;2;0.3875;0.665;0.5138888888888888;0.5694444444444444;1.0;0.33;0.0;0.44333333333333336;0.66;1.0;1.0;0.8866666666666667;0.0;0.0;0.0;0.0;0.0;0.33;0.33;0.22;1.0;0.0;1.0;0.6666666666666666;0.75;1.0;1.0;0.9166666666666666;0.0;0.2222222222222222;0.4444444444444444;0.2222222222222222;0.0;0.5;0.25;0.25;1.0;1.0;1.0;1.0;1.0;1.0;1.0;1.0;1.0;1.0;1.0;1.0;1;0;0;1;0;9;7;5;9;4;6;4;5;3;7;8;10;7;8;7;7;1;6;3;450;25000;5000;9;4;1;8;8;8;10;8;1;1;5;2;10;1;8;5;3;3;1;2;2;2;2;9;4;7;4
"1-5-0 (2020-11-16)";"doi.org/10.14281/18241.1";2018;410;"KOR";732;"ROK";410070692;20180107;201712;201801;9.52;10.24;32;1;410048;410014;7;4;3;1;692;2390;"ko";2;1;1.0;0.8032128514056225;41453.815261044176;1;2;2;3;1;3;2;1;2;1;2;1;1;1;2;2;2;1;1;1;1;1;1;1;1;1;2;2;3;2;3;3;3;3;1;1;3;3;4;2;3;2;2;2;2;1;1;3;2;2;8;8;4;3;3;4;4;4;1;1;1;2;2;3;3;3;2;2;2;2;2;3;2;2;3;3;2;2;2;2;2;2;2;2;2;2;2;2;2;2;2;2;2;8;3;2;1;1;0;0;0;0;0;0;0;0;1;0;0;8;5;5;3;8;1;6;2;2;2;3;2;2;3;9;4;2;2;2;0;2;2;2;2;3;2;4;3;4;4;4;3;4;1;2;2;2;3;2;2;2;3;3;1;2;1;2;1;3;1;1;4;8;8;7;8;3;8;8;2;2;2;2;2;3;7;8;3;2;2;7;4;5;3;4;4;3;3;5;7;5;4;4;4;3;2;2;2;2;3;2;2;2;2;2;5;1;4;1;5;1;5;2;2;2;2;2;2;2;2;2;2;2;2;2;2;2;410002;410002;410002;1;3;3;3;2;1;3;3;1;3;2;3;3;3;2;3;5;7;3;8;8;3;8;4;4;8;8;3;8;2;2;1;1;1;3;3;1;1980;37;3;2;1;1;1;410;410;410;1;3;1;2390;1;1;3;2;3;2;2;1;2;1;1;2;6;5;9;2;1;2;3;5;2;0;100000020;410004;0;1;2;0.72;0.72;0.40194444444444444;0.4705555555555556;1.0;0.33;0.33;0.5533333333333333;0.66;1.0;1.0;0.8866666666666667;1.0;1.0;1.0;1.0;0.33;0.66;0.33;0.44;1.0;0.0;1.0;0.6666666666666666;0.5;0.66;0.33;0.49666666666666676;0.2222222222222222;0.4444444444444444;0.6666666666666666;0.4444444444444445;0.0;0.0;0.0;0.0;1.0;1.0;1.0;1.0;1.0;1.0;1.0;1.0;1.0;1.0;1.0;1.0;0;0;0;0;0;8;7;8;7;7;7;7;7;6;7;7;8;4;5;5;8;1;2;3;380;8000;1000;9;4;2;8;8;8;8;5;1;1;4;4;7;6;5;4;4;2;1;3;2;2;3;7;6;5;4
"1-5-0 (2020-11-16)";"doi.org/10.14281/18241.1";2018;410;"KOR";732;"ROK";410070693;20180107;201712;201801;9.57;10.17;20;1;410027;410003;8;5;2;1;693;2390;"ko";1;1;1.0;0.8032128514056225;41453.815261044176;1;1;1;1;2;4;1;1;2;2;1;1;2;1;2;2;2;1;2;1;2;1;2;2;2;2;2;4;3;3;3;3;2;1;3;3;4;2;4;3;3;3;3;3;2;1;2;2;1;1;7;6;5;4;4;4;4;4;1;1;1;2;2;3;3;3;3;3;4;3;3;3;4;3;3;3;3;2;2;3;2;1;2;2;2;2;1;3;2;2;2;1;2;7;2;1;1;0;0;1;0;0;0;0;0;0;1;0;0;7;5;4;5;4;1;8;4;4;3;3;3;3;2;7;4;0;2;2;2;1;1;2;1;2;3;2;2;3;3;1;2;2;1;1;2;3;3;2;2;1;1;2;2;1;1;2;1;2;4;3;1;7;5;5;6;7;7;6;2;2;2;2;3;3;7;8;3;2;2;7;2;4;4;3;4;4;5;4;5;5;4;5;3;3;4;3;4;4;5;2;3;3;2;1;5;1;5;5;5;3;5;1;1;3;3;3;3;3;3;3;3;3;3;3;2;3;410002;410002;410002;1;3;2;2;3;2;2;3;3;2;2;4;3;3;3;3;5;6;3;5;6;4;6;4;5;6;5;7;6;1;2;1;1;1;3;3;1;1973;44;3;2;1;1;1;410;410;410;1;3;1;2390;1;1;3;2;3;2;2;1;2;1;3;3;4;4;4;2;1;1;3;6;2;0;100000020;410004;3;3;2;0.79;0.6933333333333334;0.5984259259259259;0.44685185185185183;0.5;0.33;0.33;0.3866666666666667;1.0;1.0;1.0;1.0;1.0;1.0;1.0;1.0;0.66;0.66;1.0;0.7733333333333334;1.0;1.0;1.0;1.0;0.25;0.66;0.66;0.5233333333333333;0.3333333333333333;0.3333333333333333;0.4444444444444444;0.3703703703703703;1.0;0.0;0.5;0.5;1.0;1.0;1.0;1.0;1.0;1.0;1.0;1.0;1.0;1.0;1.0;1.0;0;1;1;1;0;6;7;6;6;7;6;7;7;7;6;5;7;7;6;6;6;4;2;3;450;25000;0;6;6;1;7;7;7;6;7;2;2;5;5;6;2;2;5;6;2;1;2;1;3;3;7;2;2;4
"1-5-0 (2020-11-16)";"doi.org/10.14281/18241.1";2018;410;"KOR";732;"ROK";410070694;20180107;201712;201801;10.06;10.26;20;1;410027;410003;8;5;2;1;694;2390;"ko";1;1;1.0;0.8032128514056225;41453.815261044176;1;2;2;2;1;3;1;1;2;1;2;1;2;2;2;2;1;1;1;1;2;1;2;1;2;2;2;2;3;3;3;3;2;1;2;1;3;3;4;3;3;3;2;3;2;1;1;2;2;2;7;6;7;4;4;4;4;4;1;1;1;2;2;2;3;3;4;3;4;3;2;3;3;2;3;3;3;3;3;3;2;1;2;3;3;3;2;3;2;2;2;3;2;4;2;1;2;0;0;0;0;0;0;0;0;0;1;0;0;7;5;6;4;6;2;7;2;2;3;3;3;3;2;8;3;0;1;2;2;2;2;1;1;3;3;3;2;2;2;3;2;2;1;2;2;3;3;2;2;1;1;2;1;1;2;2;1;3;2;1;3;6;7;7;4;6;7;4;2;2;2;1;3;3;7;8;3;2;2;5;3;3;3;3;5;4;3;4;4;6;5;6;4;4;3;3;5;6;5;2;2;3;2;1;5;1;2;3;5;2;5;2;3;3;3;3;3;3;3;3;3;3;3;3;2;1;410009;410009;410009;1;2;3;2;2;2;2;3;2;3;2;3;4;3;3;3;4;4;3;5;7;4;5;4;6;4;5;5;7;2;2;1;1;1;3;4;2;1970;47;4;2;1;1;1;410;410;410;1;4;3;2390;1;1;3;2;6;3;3;2;3;2;1;1;3;3;4;2;1;1;3;5;2;0;100000020;410004;2;2;0;0.7333333333333334;0.6366666666666667;0.33874999999999994;0.42833333333333334;0.5;0.33;0.33;0.3866666666666667;0.66;1.0;1.0;0.8866666666666667;1.0;1.0;1.0;1.0;0.66;0.66;0.66;0.66;1.0;0.0;0.0;0.3333333333333333;0.25;0.66;0.66;0.5233333333333333;0.3333333333333333;0.3333333333333333;0.3333333333333333;0.3333333333333333;0.33;0.0;0.165;0.165;1.0;1.0;1.0;1.0;1.0;1.0;1.0;1.0;1.0;1.0;1.0;1.0;0;0;1;0;1;7;5;6;7;6;7;5;6;6;5;7;6;6;6;4;7;1;5;2;400;26500;1000;7;5;2;7;8;6;7;5;1;2;8;5;3;3;2;6;3;2;4;2;2;2;2;5;6;2;4
"1-5-0 (2020-11-16)";"doi.org/10.14281/18241.1";2018;410;"KOR";732;"ROK";410070695;20180107;201712;201801;10.12;10.37;26;1;410043;410009;6;3;4;1;695;2390;"ko";3;1;1.0;0.8032128514056225;41453.815261044176;1;2;2;2;1;2;1;2;1;1;2;1;1;2;2;2;2;1;2;1;2;1;2;1;2;2;2;2;2;3;3;2;2;1;2;1;3;3;3;2;2;2;2;2;1;1;2;2;2;2;5;6;8;3;3;3;3;3;1;1;1;1;2;2;2;2;3;3;3;3;3;2;2;3;4;3;2;4;4;2;2;3;3;3;3;3;3;3;3;3;3;3;3;8;3;1;2;0;0;0;0;0;0;0;0;0;0;0;0;7;5;7;3;5;1;6;2;2;3;3;3;2;3;6;3;1;1;1;1;1;1;1;1;2;2;4;4;4;4;4;4;4;1;1;2;2;2;2;2;3;3;3;1;2;2;2;1;2;3;1;2;7;7;7;7;8;7;5;2;2;2;2;3;3;7;8;3;2;2;8;1;1;1;1;1;2;1;3;5;6;1;3;1;1;1;1;1;1;3;4;3;3;3;2;5;2;5;2;2;1;2;2;3;3;3;3;3;3;3;3;3;3;3;3;1;1;410001;410001;410001;2;3;2;2;3;3;2;2;3;2;1;3;2;3;3;3;4;7;3;3;7;2;3;7;5;6;5;6;6;2;2;2;2;2;2;2;2;1962;55;5;3;1;1;1;410;410;410;1;3;1;2390;1;2;3;2;3;2;1;1;1;1;1;1;5;3;-5;2;2;1;3;5;2;0;100000020;410004;2;2;0;0.4008333333333334;0.5816666666666668;0.3339814814814815;0.3362962962962963;0.5;0.33;0.33;0.3866666666666667;0.33;1.0;1.0;0.7766666666666667;0.0;0.0;0.0;0.0;0.66;0.33;0.33;0.44;0.0;0.0;1.0;0.3333333333333333;0.25;0.33;0.66;0.41333333333333333;0.1111111111111111;0.2222222222222222;0.4444444444444444;0.25925925925925924;0.66;0.0;0.33;0.33;1.0;1.0;1.0;1.0;1.0;1.0;1.0;1.0;1.0;1.0;1.0;1.0;0;1;0;0;1;4;5;5;8;7;8;7;6;8;8;7;6;6;6;5;7;1;5;3;700;50000;8000;8;5;1;7;8;8;7;7;1;1;3;3;7;3;3;3;3;2;1;2;2;2;2;7;3;3;4
"1-5-0 (2020-11-16)";"doi.org/10.14281/18241.1";2018;410;"KOR";732;"ROK";410070696;20180107;201712;201801;10.16;10.36;20;1;410027;410003;8;5;2;1;696;2390;"ko";2;1;1.0;0.8032128514056225;41453.815261044176;1;1;2;2;2;2;1;2;2;1;1;2;1;1;2;2;2;1;2;1;2;1;2;2;2;2;2;2;3;3;2;3;2;1;3;3;3;3;3;2;4;3;3;2;1;1;2;2;2;2;7;6;7;4;4;4;4;4;3;2;1;3;2;3;3;4;2;3;3;3;3;3;3;2;2;2;2;2;3;2;3;4;1;2;2;2;3;2;3;3;2;2;2;4;2;1;2;1;0;0;0;0;0;0;0;0;0;0;0;7;5;6;4;5;1;8;3;3;4;2;3;3;3;6;4;1;2;1;1;2;1;1;1;2;3;1;2;3;3;2;1;2;2;2;2;3;3;2;2;2;2;1;1;2;1;3;2;2;1;2;4;7;6;6;5;6;7;5;1;1;1;1;2;3;4;5;2;2;1;7;5;3;5;4;5;4;6;5;4;6;5;6;4;4;5;3;3;5;4;2;2;3;2;2;4;1;1;2;5;5;5;2;3;3;3;3;2;3;3;3;2;2;2;3;2;2;-2;-2;-2;2;1;2;1;2;2;2;3;3;2;2;3;4;3;3;3;5;4;3;7;6;4;5;6;5;8;7;6;7;2;2;1;2;1;3;3;1;1963;54;4;3;1;1;1;410;410;410;1;4;1;2390;1;2;5;3;3;2;3;2;3;2;1;5;3;-5;4;2;1;2;3;6;2;2;20000000;410004;3;2;1;0.6641666666666667;0.49833333333333335;0.5975925925925926;0.44685185185185183;0.5;0.33;0.33;0.3866666666666667;0.33;1.0;0.5;0.61;1.0;1.0;1.0;1.0;0.66;0.66;0.66;0.66;0.0;1.0;1.0;0.6666666666666666;0.25;0.66;0.66;0.5233333333333333;0.3333333333333333;0.4444444444444444;0.3333333333333333;0.3703703703703703;0.66;1.0;0.8300000000000001;0.8300000000000001;1.0;1.0;1.0;1.0;1.0;1.0;1.0;1.0;1.0;1.0;1.0;1.0;1;1;0;1;0;6;5;6;7;7;5;7;6;6;7;6;6;6;4;7;7;1;3;2;500;20000;0;7;6;1;6;8;7;7;6;1;3;5;6;3;4;4;5;6;2;5;2;2;2;3;5;5;4;4
"1-5-0 (2020-11-16)";"doi.org/10.14281/18241.1";2018;410;"KOR";732;"ROK";410070697;20180107;201712;201801;10.21;10.49;28;1;410026;410002;8;5;2;1;697;2390;"ko";3;1;1.0;0.8032128514056225;41453.815261044176;2;3;3;3;2;3;2;1;1;1;1;2;2;1;2;2;2;1;1;1;1;1;2;2;2;1;2;1;2;3;3;2;2;1;3;3;3;3;2;2;2;3;3;2;2;2;2;2;3;3;5;4;5;4;4;4;4;4;1;2;3;4;3;3;3;4;3;2;3;4;3;3;3;2;3;3;3;2;3;3;2;2;2;2;3;3;3;3;2;2;3;3;2;7;3;3;2;0;0;0;0;0;0;0;0;0;0;0;0;4;5;4;6;5;1;6;2;1;1;1;2;2;2;6;3;2;2;1;2;2;2;1;1;2;2;4;4;4;4;4;4;4;1;2;2;3;3;2;2;4;4;4;1;2;1;1;3;1;2;2;1;7;6;8;7;6;7;7;2;2;2;2;3;3;6;8;3;2;2;2;2;4;2;4;3;3;2;4;6;5;4;4;3;3;2;2;3;3;2;2;3;2;2;2;1;1;5;1;5;5;5;5;2;3;2;2;1;2;3;3;2;2;2;1;3;3;-2;-2;-2;2;3;3;3;2;2;1;2;2;2;2;2;3;2;3;3;8;7;5;7;8;6;7;6;7;6;7;6;7;2;3;2;3;3;3;2;1;1953;64;5;3;1;1;1;410;410;410;1;2;1;2390;1;2;3;2;2;1;1;1;1;1;1;5;3;-5;3;2;1;2;2;7;2;0;100000020;410004;3;2;2;0.7194444444444446;0.663888888888889;0.549675925925926;0.3918518518518519;0.5;0.66;0.33;0.49666666666666676;0.66;1.0;0.8333333333333334;0.8311111111111112;1.0;1.0;1.0;1.0;0.33;0.66;0.66;0.55;1.0;1.0;1.0;1.0;0.25;0.33;0.66;0.41333333333333333;0.2222222222222222;0.3333333333333333;0.5555555555555556;0.3703703703703704;0.33;0.5;0.41500000000000004;0.41500000000000004;1.0;1.0;1.0;1.0;1.0;1.0;1.0;1.0;1.0;1.0;1.0;1.0;1;0;1;1;0;5;7;6;5;7;6;5;7;6;7;6;4;7;8;6;7;1;5;2;500;40000;3000;7;7;1;6;8;6;6;5;1;1;3;3;6;5;4;3;4;2;7;2;3;2;1;6;5;5;4
"1-5-0 (2020-11-16)";"doi.org/10.14281/18241.1";2018;410;"KOR";732;"ROK";410070698;20180107;201712;201801;10.29;10.49;20;1;410027;410003;8;5;2;1;698;2390;"ko";2;1;1.0;0.8032128514056225;41453.815261044176;1;1;2;2;2;3;1;1;2;1;2;1;2;1;2;2;2;1;1;1;2;2;2;2;2;2;2;3;3;3;3;3;2;1;3;3;2;1;3;3;3;3;2;3;2;2;2;2;2;2;7;6;8;4;4;4;4;4;1;1;1;2;2;3;3;3;3;4;3;2;3;3;2;2;2;3;3;4;3;2;3;2;2;3;3;3;3;2;3;3;2;1;2;7;2;1;2;0;0;0;0;0;0;0;0;0;1;0;0;8;5;5;6;6;2;7;2;3;3;3;3;3;3;7;2;0;1;2;2;2;1;1;1;3;2;3;3;2;2;3;2;2;1;1;2;3;2;2;2;2;2;2;1;2;1;2;1;3;4;2;3;7;5;6;6;5;7;4;2;2;2;2;3;3;7;8;3;1;2;5;6;4;3;4;3;5;4;6;5;6;6;5;4;4;5;3;4;5;5;2;3;3;2;1;5;1;5;2;5;2;5;1;2;3;3;3;3;3;3;3;2;3;3;3;2;1;410001;410001;410001;3;2;2;2;3;3;3;3;2;3;2;4;3;4;3;3;8;7;3;7;6;4;3;6;5;7;6;6;7;2;2;1;1;1;3;3;2;1966;51;4;3;1;1;1;410;410;410;1;5;1;2390;1;3;3;2;6;3;2;1;2;1;2;1;4;4;4;2;2;2;3;6;2;0;100000020;410004;3;2;2;0.7341666666666666;0.6366666666666667;0.45912037037037035;0.5024074074074074;0.5;0.33;0.33;0.3866666666666667;0.66;1.0;1.0;0.8866666666666667;1.0;1.0;1.0;1.0;1.0;0.66;0.33;0.6633333333333333;1.0;0.0;1.0;0.6666666666666666;0.25;0.66;0.66;0.5233333333333333;0.4444444444444444;0.5555555555555556;0.4444444444444444;0.48148148148148145;0.33;0.0;0.165;0.165;1.0;1.0;1.0;1.0;1.0;1.0;1.0;1.0;1.0;1.0;1.0;1.0;0;0;1;1;1;6;7;6;5;6;5;6;5;4;5;6;5;4;4;6;7;2;4;3;500;35000;0;6;5;1;7;7;5;7;6;1;1;3;3;5;6;3;5;5;1;2;2;3;3;2;3;6;2;4
"1-5-0 (2020-11-16)";"doi.org/10.14281/18241.1";2018;410;"KOR";732;"ROK";410070699;20180107;201712;201801;10.42;11.11;29;1;410043;410009;6;3;4;1;699;2390;"ko";3;1;1.0;0.8032128514056225;41453.815261044176;1;1;1;3;1;3;1;1;2;1;1;1;2;2;2;2;2;1;2;1;2;2;2;1;2;2;1;2;2;3;3;2;2;1;2;1;3;3;2;3;3;2;2;2;1;1;1;3;2;2;5;7;6;4;4;4;4;4;1;1;1;1;2;2;3;3;3;3;3;3;3;2;2;3;3;3;3;3;3;2;2;3;3;3;3;3;3;3;3;3;3;3;3;5;3;1;2;0;0;0;0;0;0;0;0;0;0;0;0;7;4;8;3;8;1;8;2;2;2;2;3;2;2;6;2;1;1;1;1;1;1;1;1;2;2;4;4;4;4;4;4;4;1;1;2;2;2;2;2;4;4;4;1;2;1;2;1;2;1;1;3;6;8;7;7;8;8;3;2;2;2;2;3;3;7;8;3;1;1;6;1;1;1;1;1;1;1;4;5;5;1;4;1;1;1;2;1;1;3;3;3;3;2;2;5;1;5;1;2;1;2;2;2;2;2;2;2;2;2;2;2;2;2;2;1;1;410002;410002;410002;2;3;1;2;3;3;3;2;2;3;2;2;3;2;2;3;6;7;4;8;8;3;7;7;4;9;6;6;6;2;2;2;2;2;2;2;2;1956;61;5;3;1;1;1;410;410;410;1;2;1;2390;1;3;2;1;2;1;1;1;1;1;1;3;5;9;-5;2;2;2;3;4;2;0;100000020;410004;2;2;1;0.4425;0.665;0.5006481481481482;0.3362962962962963;1.0;0.33;0.0;0.44333333333333336;0.66;1.0;1.0;0.8866666666666667;0.0;0.0;0.0;0.0;0.66;0.33;0.33;0.44;1.0;1.0;1.0;1.0;0.25;0.33;0.66;0.41333333333333333;0.0;0.3333333333333333;0.4444444444444444;0.25925925925925924;0.66;0.0;0.33;0.33;1.0;1.0;1.0;1.0;1.0;1.0;1.0;1.0;1.0;1.0;1.0;1.0;0;1;0;0;1;7;8;7;5;7;5;3;3;6;5;6;7;5;5;5;7;2;5;3;300;25000;5000;8;3;1;7;7;8;7;5;1;1;5;5;7;5;5;5;5;2;1;2;2;2;2;7;5;5;4
"1-5-0 (2020-11-16)";"doi.org/10.14281/18241.1";2018;410;"KOR";732;"ROK";410070700;20180107;201712;201801;10.43;11.03;20;1;410027;410003;8;5;2;1;700;2390;"ko";2;1;1.0;0.8032128514056225;41453.815261044176;1;1;1;1;1;3;1;1;2;1;1;2;1;2;2;2;2;1;2;1;2;1;2;1;2;2;2;2;3;3;2;3;2;1;2;1;3;3;3;2;4;2;2;3;2;1;1;2;2;3;5;6;5;4;4;4;4;4;3;2;1;2;2;3;4;4;3;4;2;2;2;3;3;3;3;2;3;2;2;2;3;4;2;2;3;3;2;3;2;1;1;2;2;6;2;1;2;0;0;0;0;0;0;0;0;0;0;0;0;7;5;4;4;4;2;7;3;4;4;4;3;2;2;7;3;2;1;2;2;2;1;2;2;3;2;3;2;3;3;1;2;2;1;2;2;3;3;2;2;2;1;2;1;2;1;2;1;3;2;2;4;5;7;8;5;4;7;7;2;2;2;2;3;3;7;8;3;2;2;7;3;4;2;4;3;4;6;4;5;4;6;6;3;3;5;4;5;6;6;2;3;3;2;2;1;1;2;5;5;5;5;1;2;3;3;3;3;3;3;3;3;3;3;3;2;1;410001;410001;410001;2;1;2;3;2;3;2;2;3;3;2;3;4;3;3;3;6;6;4;7;7;4;6;7;4;7;5;8;6;2;2;2;1;1;3;3;1;1948;69;6;3;1;1;1;410;410;410;1;1;1;2390;3;3;3;2;-3;-3;-2;-2;-2;-2;2;-3;8;-5;3;2;1;1;3;3;1;0;100000020;410004;2;2;1;0.7616666666666667;0.6366666666666667;0.5146759259259259;0.44685185185185183;0.5;0.33;0.33;0.3866666666666667;0.66;1.0;1.0;0.8866666666666667;1.0;1.0;1.0;1.0;1.0;0.66;0.66;0.7733333333333334;1.0;1.0;1.0;1.0;0.25;0.66;0.66;0.5233333333333333;0.3333333333333333;0.3333333333333333;0.4444444444444444;0.3703703703703703;0.33;0.0;0.165;0.165;1.0;1.0;1.0;1.0;1.0;1.0;1.0;1.0;1.0;1.0;1.0;1.0;0;0;1;1;0;7;5;6;7;5;6;5;5;4;6;4;5;5;7;4;8;2;3;3;100;15000;0;7;4;1;6;5;5;6;4;1;1;6;5;5;7;3;3;3;1;2;2;3;2;2;3;7;1;-5
"1-5-0 (2020-11-16)";"doi.org/10.14281/18241.1";2018;410;"KOR";732;"ROK";410070701;20180107;201712;201801;10.51;11.11;20;1;410027;410003;8;5;2;1;701;2390;"ko";2;2;1.0;0.8032128514056225;41453.815261044176;1;1;2;1;3;3;1;2;1;1;2;1;1;2;2;2;2;1;1;2;2;1;2;1;2;2;2;3;3;2;2;3;2;1;3;3;3;3;3;3;2;2;2;3;2;1;1;2;1;2;7;6;5;4;4;4;4;4;3;1;1;1;1;3;3;3;3;3;3;2;3;2;1;2;2;3;2;1;3;3;3;2;2;2;3;3;1;2;2;1;2;2;3;7;2;1;1;0;0;0;0;0;0;0;0;0;0;0;0;7;4;6;5;6;2;7;4;3;3;3;3;2;2;5;2;1;2;2;1;2;1;1;2;3;2;2;1;2;3;2;1;2;1;2;2;3;3;2;2;1;2;2;2;2;1;3;1;4;2;3;2;7;5;6;4;6;5;5;2;2;2;2;2;2;7;8;3;2;2;4;6;3;4;2;1;4;2;1;5;3;6;6;6;4;2;2;1;3;5;1;3;3;2;2;5;1;1;5;5;5;5;2;3;3;3;3;3;3;3;3;3;3;3;3;1;1;410001;410001;410001;1;1;2;2;3;3;3;3;2;2;2;4;3;4;3;3;7;6;4;5;7;6;5;5;4;7;5;6;5;2;2;1;2;2;3;3;2;1953;64;5;3;1;1;1;410;410;410;1;2;1;2390;1;2;2;1;3;2;2;1;2;1;1;1;4;4;10;2;2;1;3;5;2;0;100000020;410004;5;3;0;0.5675;0.6366666666666667;0.5014814814814815;0.3362962962962963;0.5;0.33;0.33;0.3866666666666667;0.66;1.0;1.0;0.8866666666666667;1.0;1.0;0.0;0.6666666666666666;0.66;0.33;0.0;0.33;0.0;0.0;1.0;0.3333333333333333;0.25;0.66;0.33;0.4133333333333334;0.3333333333333333;0.0;0.4444444444444444;0.25925925925925924;1.0;1.0;1.0;1.0;1.0;1.0;1.0;1.0;1.0;1.0;1.0;1.0;1.0;1.0;1.0;1.0;1;1;1;1;1;7;7;6;5;6;7;7;6;6;5;7;6;6;6;5;6;2;3;3;200;12000;0;6;4;1;7;5;7;6;6;1;1;4;4;3;6;2;3;3;1;2;2;1;2;2;3;8;3;4
"1-5-0 (2020-11-16)";"doi.org/10.14281/18241.1";2018;410;"KOR";732;"ROK";410070702;20180107;201712;201801;11.03;11.23;20;1;410027;410003;8;5;2;1;702;2390;"ko";1;1;1.0;0.8032128514056225;41453.815261044176;1;1;2;2;3;3;1;2;2;1;1;1;2;1;2;2;2;1;1;1;2;1;2;2;2;2;2;3;3;2;3;3;3;3;3;3;3;3;2;4;3;3;3;4;2;2;2;3;2;1;8;6;7;4;4;4;4;4;1;2;1;3;3;3;4;4;4;4;4;3;4;3;3;4;3;3;2;4;3;3;4;3;2;3;2;2;3;3;2;2;3;2;2;7;2;1;2;0;0;0;0;0;0;0;0;0;0;0;0;7;4;3;6;4;1;7;3;4;3;4;3;3;2;6;4;2;2;2;1;2;1;1;1;2;2;2;1;3;3;3;2;2;2;1;2;2;3;2;2;1;2;2;1;2;1;2;1;4;3;2;3;8;7;8;7;6;7;3;2;2;2;2;2;1;7;8;3;1;2;4;3;4;3;3;6;4;4;5;4;5;5;5;4;4;3;6;5;4;5;2;3;3;2;1;5;2;5;2;5;2;5;2;1;1;3;3;2;2;3;3;2;2;3;3;3;3;-2;-2;-2;1;2;3;2;3;3;2;4;3;2;1;4;3;4;3;3;4;7;3;7;7;3;7;7;3;7;8;5;6;2;2;2;1;1;3;4;2;1992;25;2;1;1;1;1;410;410;410;1;4;1;2390;6;0;6;3;-3;-3;5;3;6;3;1;-3;3;-3;3;2;2;1;2;6;2;0;100000020;410004;3;2;1;0.8033333333333333;0.72;0.46592592592592597;0.4335185185185185;1.0;0.33;0.33;0.5533333333333333;0.66;1.0;1.0;0.8866666666666667;1.0;1.0;1.0;1.0;1.0;0.66;0.66;0.7733333333333334;0.0;1.0;1.0;0.6666666666666666;0.5;0.66;0.33;0.49666666666666676;0.3333333333333333;0.4444444444444444;0.3333333333333333;0.3703703703703703;0.66;0.0;0.33;0.33;1.0;1.0;1.0;1.0;1.0;1.0;1.0;1.0;1.0;1.0;1.0;1.0;0;1;0;1;1;7;6;5;7;6;7;8;7;6;6;5;6;7;4;8;5;1;7;2;600;35000;0;7;6;1;6;7;7;7;8;1;3;3;5;6;2;2;3;3;3;1;2;1;2;3;8;1;1;-3
"1-5-0 (2020-11-16)";"doi.org/10.14281/18241.1";2018;410;"KOR";732;"ROK";410070703;20180107;201712;201801;11.1;11.44;34;1;410030;410006;8;5;2;1;703;2390;"ko";3;1;1.0;0.8032128514056225;41453.815261044176;1;2;2;3;1;1;1;1;2;2;1;2;2;1;1;2;2;1;2;1;2;1;1;1;2;2;2;3;3;3;3;2;4;2;2;1;3;3;4;3;3;2;3;3;2;3;1;2;2;2;6;6;5;4;4;4;4;4;1;2;1;2;2;3;4;4;1;3;3;2;3;2;1;2;2;2;2;2;3;2;2;1;2;2;2;2;2;2;3;2;2;2;2;5;3;2;1;2;1;0;0;0;0;0;0;0;1;0;0;8;5;3;6;5;1;7;3;2;2;2;2;1;2;7;2;1;2;0;0;0;0;1;2;2;2;3;2;3;4;4;4;4;2;2;2;2;2;2;2;2;2;3;2;1;1;2;1;2;1;2;1;8;8;5;8;3;9;10;1;1;2;1;1;1;1;4;1;1;1;4;2;2;1;1;1;2;1;5;5;3;1;2;1;1;2;1;2;3;3;4;4;4;3;3;5;1;2;1;2;1;2;2;3;3;3;3;3;3;3;3;3;3;3;3;2;2;410001;410001;410001;2;3;2;3;2;2;3;3;2;2;2;3;2;4;1;2;9;8;8;8;8;4;7;7;5;8;8;7;6;3;2;1;1;1;2;3;2;1967;50;4;3;1;1;1;410;410;410;1;4;1;2390;1;2;5;3;6;3;2;1;2;1;5;1;-3;3;3;-3;2;2;2;5;2;2;20000000;410004;2;2;1;0.2625;0.19333333333333336;0.5883333333333334;0.5116666666666667;0.5;0.33;0.33;0.3866666666666667;0.0;0.0;0.0;0.0;1.0;0.0;0.0;0.3333333333333333;0.66;0.33;0.0;0.33;1.0;1.0;1.0;1.0;0.75;0.66;0.66;0.6900000000000001;0.1111111111111111;0.4444444444444444;0.4444444444444444;0.3333333333333333;0.66;0.0;0.33;0.33;1.0;1.0;1.0;1.0;1.0;1.0;1.0;1.0;1.0;1.0;1.0;1.0;0;1;0;1;0;7;8;6;7;7;8;5;4;6;7;6;8;5;5;8;8;-3;-3;2;500;15000;0;8;6;1;8;8;8;7;6;1;1;6;3;4;8;7;6;2;2;2;2;3;2;2;4;9;5;4
"1-5-0 (2020-11-16)";"doi.org/10.14281/18241.1";2018;410;"KOR";732;"ROK";410070704;20180107;201712;201801;11.11;11.31;20;1;410027;410003;8;5;2;1;704;2390;"ko";2;1;1.0;0.8032128514056225;41453.815261044176;1;2;2;1;2;3;1;2;2;1;1;1;1;2;2;2;2;1;2;1;1;1;2;2;2;2;2;3;2;2;2;3;3;3;2;1;3;3;4;2;3;2;2;3;2;2;1;3;1;2;7;6;7;4;4;4;4;4;1;2;1;3;3;4;3;3;4;3;4;3;4;4;4;4;4;3;3;3;3;4;3;4;4;3;3;3;3;3;4;4;3;3;3;7;1;1;2;0;0;0;0;0;0;0;0;0;1;0;0;8;4;3;7;5;1;8;4;3;4;4;4;3;2;8;2;1;2;2;2;2;1;1;1;3;2;3;3;3;3;3;2;2;2;2;2;3;3;2;2;2;2;2;2;2;1;2;1;3;4;2;1;7;8;7;6;5;7;6;2;2;2;2;3;4;7;8;3;1;2;6;4;3;5;2;4;3;4;4;7;6;6;6;3;3;2;2;5;6;5;2;2;3;2;1;3;1;2;1;5;2;5;1;1;3;3;3;3;3;3;3;2;2;2;2;2;3;410009;410009;410009;2;3;2;2;2;2;2;3;3;2;2;4;4;4;3;3;3;6;3;6;6;4;7;4;4;7;6;7;5;2;2;1;2;2;3;3;1;1969;48;4;2;1;1;1;410;410;410;1;4;1;2390;1;2;5;3;5;3;-2;-2;-2;-2;1;5;3;-5;4;1;1;1;2;5;2;0;100000020;410004;2;2;0;0.8316666666666667;0.72;0.4064351851851852;0.3970370370370371;1.0;0.33;0.33;0.5533333333333333;0.66;1.0;1.0;0.8866666666666667;1.0;1.0;1.0;1.0;0.66;1.0;1.0;0.8866666666666667;0.0;1.0;1.0;0.6666666666666666;0.5;0.33;0.33;0.3866666666666667;0.2222222222222222;0.3333333333333333;0.6666666666666666;0.40740740740740744;0.33;0.0;0.165;0.165;1.0;1.0;1.0;1.0;1.0;1.0;1.0;1.0;1.0;1.0;1.0;1.0;0;0;1;1;0;7;6;5;7;5;6;5;5;6;6;7;6;6;7;4;7;1;7;2;400;49000;0;6;6;1;8;7;6;6;7;1;2;7;5;2;3;1;6;5;3;4;2;3;2;3;5;2;3;4
"1-5-0 (2020-11-16)";"doi.org/10.14281/18241.1";2018;410;"KOR";732;"ROK";410070705;20180107;201712;201801;11.12;11.33;21;1;410043;410009;6;3;4;1;705;2390;"ko";3;1;1.0;0.8032128514056225;41453.815261044176;1;1;2;2;2;2;1;2;2;1;1;1;1;2;2;2;2;1;2;1;2;1;2;2;2;2;2;2;3;2;3;3;2;1;3;3;2;1;3;3;2;3;3;3;2;1;1;3;2;2;7;7;5;4;4;4;4;4;3;2;1;2;2;3;3;3;3;3;3;3;2;2;2;2;3;3;2;2;2;2;2;3;3;3;3;3;3;3;3;3;3;3;3;6;3;1;2;0;0;0;0;0;0;0;0;0;0;0;0;4;6;4;5;2;1;6;2;2;2;2;2;2;2;7;3;1;1;1;1;1;1;1;1;3;2;4;4;4;4;4;4;4;2;2;2;2;2;2;2;3;3;3;1;2;1;2;1;1;3;1;3;8;8;8;7;7;7;5;2;2;2;2;3;3;6;7;1;2;2;5;5;6;5;5;2;4;3;2;2;4;2;2;1;1;1;3;1;1;5;4;3;2;3;2;5;1;5;1;5;1;1;2;2;2;2;2;2;2;2;2;2;2;2;2;1;1;410009;410009;410009;2;3;3;2;3;3;2;2;3;2;2;3;2;3;3;3;5;8;5;5;7;5;7;5;4;7;6;5;5;2;2;1;1;1;2;2;2;1994;23;1;1;1;1;1;410;410;410;1;2;1;2390;6;0;3;2;-3;-3;1;1;1;1;1;-3;5;-3;9;2;1;2;3;3;1;2;20000000;410004;1;1;0;0.5952777777777778;0.47055555555555556;0.3162962962962963;0.2992592592592593;1.0;0.33;0.33;0.5533333333333333;0.33;0.0;0.8333333333333334;0.3877777777777778;1.0;1.0;1.0;1.0;0.66;0.33;0.33;0.44;0.0;1.0;1.0;0.6666666666666666;0.25;0.66;0.33;0.4133333333333334;0.3333333333333333;0.1111111111111111;0.1111111111111111;0.1851851851851852;0.0;0.0;0.0;0.0;1.0;1.0;1.0;1.0;1.0;1.0;1.0;1.0;1.0;1.0;1.0;1.0;0;0;0;0;1;8;7;6;5;6;5;5;4;5;5;5;7;7;5;7;5;1;5;3;150;3000;0;6;3;2;7;5;5;8;4;1;1;5;5;5;5;5;5;5;2;3;2;2;2;2;9;4;4;-3
"1-5-0 (2020-11-16)";"doi.org/10.14281/18241.1";2018;410;"KOR";732;"ROK";410070706;20180107;201712;201801;11.19;11.39;20;1;410027;410003;8;5;2;1;706;2390;"ko";2;1;1.0;0.8032128514056225;41453.815261044176;1;1;2;2;2;2;1;2;2;1;1;2;1;2;1;2;2;1;2;1;1;1;2;2;2;2;2;3;3;3;2;3;3;3;2;1;3;3;2;3;4;2;3;3;2;2;2;3;2;2;6;7;6;4;4;4;4;4;1;1;1;3;2;3;3;4;1;3;3;2;2;2;3;2;3;4;3;3;2;3;3;3;3;2;3;3;2;3;2;2;2;3;2;7;2;1;2;2;0;0;0;0;0;0;0;0;0;0;0;5;7;4;3;6;1;8;4;3;3;3;3;2;2;8;2;0;2;2;1;2;1;2;2;2;2;3;2;3;3;3;2;2;2;2;2;3;3;2;2;2;3;2;1;2;2;2;1;2;4;2;3;5;6;6;7;6;5;6;2;2;2;2;3;3;7;8;3;2;1;5;4;3;4;4;6;4;5;6;6;7;6;6;3;3;2;2;5;5;5;2;2;3;2;2;5;1;2;1;5;3;5;1;2;3;3;3;3;3;3;3;3;3;3;3;2;2;410002;410002;410002;1;3;2;3;2;2;3;3;2;2;1;3;3;4;3;3;6;5;2;7;6;2;6;7;5;6;6;7;6;1;2;1;1;2;3;3;2;1961;56;5;3;1;1;1;410;410;410;1;5;3;2390;1;2;3;2;6;3;2;1;2;1;2;1;5;3;3;2;2;2;3;5;2;2;20000000;410004;4;3;-1;0.72;0.665;0.5637037037037037;0.5440740740740742;1.0;0.33;0.33;0.5533333333333333;0.33;1.0;1.0;0.7766666666666667;1.0;1.0;1.0;1.0;0.66;0.33;0.66;0.5499999999999999;0.0;1.0;1.0;0.6666666666666666;0.5;0.66;0.66;0.6066666666666668;0.3333333333333333;0.5555555555555556;0.5555555555555556;0.48148148148148145;1.0;0.0;0.5;0.5;1.0;1.0;1.0;1.0;1.0;1.0;1.0;1.0;1.0;1.0;1.0;1.0;0;1;1;1;1;7;7;5;6;7;4;7;5;6;5;4;5;6;7;5;5;2;4;3;350;25000;0;6;4;1;6;7;6;6;7;1;3;6;5;6;2;2;3;3;3;1;2;2;3;3;7;3;3;4
"1-5-0 (2020-11-16)";"doi.org/10.14281/18241.1";2018;410;"KOR";732;"ROK";410070707;20180107;201712;201801;11.26;11.46;20;1;410027;410003;8;5;2;1;707;2390;"ko";2;1;1.0;0.8032128514056225;41453.815261044176;1;1;1;2;2;3;1;2;2;1;1;1;2;1;2;2;2;1;2;1;2;1;2;2;2;2;2;3;3;3;3;3;4;2;2;1;3;3;4;3;3;2;2;3;3;2;2;3;2;2;7;6;6;4;4;4;4;4;1;2;1;3;3;3;3;3;3;4;3;2;3;3;3;4;3;3;2;3;3;4;3;4;2;2;2;2;3;3;4;3;2;3;2;5;2;1;2;0;0;0;0;0;0;0;0;0;0;0;0;8;4;6;4;6;1;8;3;2;3;3;3;3;2;7;2;0;2;2;1;2;0;2;2;2;2;3;4;3;3;2;2;3;2;2;2;3;2;2;2;1;2;2;2;1;2;2;1;3;4;3;2;5;7;6;6;6;7;5;2;2;2;2;4;3;7;8;3;1;2;7;4;2;1;1;4;5;5;5;6;6;5;6;2;2;1;1;4;4;5;2;3;3;2;1;4;1;2;1;5;2;5;2;2;3;3;3;3;3;3;3;2;2;2;2;2;3;-2;-2;-2;2;3;2;3;3;3;2;4;3;2;2;3;3;3;4;3;5;7;2;7;6;2;6;6;4;6;7;6;7;2;3;2;2;2;3;3;2;1969;48;4;2;1;1;1;410;410;410;1;3;1;2390;1;1;5;3;6;3;3;2;3;2;3;1;4;3;4;2;1;2;2;5;2;0;100000020;410004;3;2;1;0.7475;0.7750000000000001;0.500787037037037;0.5857407407407408;1.0;0.66;0.33;0.6633333333333334;0.66;1.0;1.0;0.8866666666666667;1.0;0.0;1.0;0.6666666666666666;1.0;0.66;0.66;0.7733333333333334;0.0;1.0;1.0;0.6666666666666666;0.75;0.66;0.66;0.6900000000000001;0.4444444444444444;0.4444444444444444;0.5555555555555556;0.48148148148148145;0.33;0.0;0.165;0.165;1.0;1.0;1.0;1.0;1.0;1.0;1.0;1.0;1.0;1.0;1.0;1.0;0;0;1;1;1;6;5;6;5;5;7;5;4;6;5;4;7;5;4;7;6;3;2;2;590;54000;0;8;7;1;6;7;7;7;6;1;2;4;4;4;1;1;4;4;3;7;3;3;2;3;4;1;3;4
"1-5-0 (2020-11-16)";"doi.org/10.14281/18241.1";2018;410;"KOR";732;"ROK";410070708;20180107;201712;201801;11.31;11.52;21;1;410043;410009;6;3;4;1;708;2390;"ko";3;1;1.0;0.8032128514056225;41453.815261044176;1;2;2;3;1;2;1;2;1;1;2;1;2;1;2;2;2;1;2;1;2;1;2;2;2;2;1;2;4;3;3;3;3;3;2;1;3;3;3;3;2;2;2;2;1;3;1;1;2;3;6;6;6;2;4;2;2;2;2;2;1;3;3;3;3;3;3;3;3;3;3;4;4;4;4;4;3;4;4;4;2;4;4;4;4;4;3;3;3;3;3;3;3;7;3;1;2;0;0;0;0;0;0;0;0;0;0;0;0;6;6;7;6;6;1;6;4;4;4;4;4;4;4;7;3;1;1;1;1;1;1;1;1;3;3;3;3;3;3;4;3;4;1;1;2;2;1;2;1;4;4;4;1;1;2;1;3;1;3;1;2;6;7;6;6;6;6;7;2;2;2;2;4;4;7;8;3;2;1;7;2;1;1;1;1;1;1;1;5;5;1;1;1;1;1;2;1;1;3;3;3;3;2;2;5;1;5;1;2;1;2;2;3;3;3;3;2;2;2;2;2;2;2;2;2;2;410002;410002;410002;3;2;3;3;3;2;3;3;2;2;2;3;3;3;3;3;5;8;3;9;8;6;6;8;6;9;8;6;7;2;2;2;2;2;2;2;1;1978;39;3;2;1;1;1;410;410;410;1;1;1;2390;6;0;3;2;-3;-3;1;1;1;1;1;-3;4;-3;0;2;1;2;3;4;2;0;100000020;410004;2;1;1;0.44333333333333336;0.44333333333333336;0.36287037037037034;0.4340740740740741;0.0;0.33;0.0;0.11;0.33;1.0;1.0;0.7766666666666667;0.0;0.0;0.0;0.0;0.66;1.0;1.0;0.8866666666666667;0.0;0.0;1.0;0.3333333333333333;0.5;1.0;0.66;0.7200000000000001;0.0;0.0;0.4444444444444444;0.14814814814814814;0.0;0.5;0.25;0.25;1.0;1.0;1.0;1.0;1.0;1.0;1.0;1.0;1.0;1.0;1.0;1.0;1;0;0;0;1;6;6;6;7;6;7;6;6;6;7;5;6;6;6;6;7;1;5;3;250;4000;0;6;4;2;6;7;7;7;6;2;1;5;5;8;1;7;5;5;2;1;2;2;2;2;7;1;5;-3
"1-5-0 (2020-11-16)";"doi.org/10.14281/18241.1";2018;410;"KOR";732;"ROK";410070709;20180107;201712;201801;11.32;11.52;20;1;410027;410003;8;5;2;1;709;2390;"ko";2;1;1.0;0.8032128514056225;41453.815261044176;1;1;1;2;3;2;1;2;2;2;1;1;2;1;1;2;2;1;2;1;2;1;2;2;2;2;2;2;3;3;3;3;4;2;2;1;3;3;3;3;2;2;3;3;2;2;2;3;2;2;7;6;6;4;4;4;4;4;3;2;1;2;2;3;3;3;1;3;2;2;3;4;3;2;3;2;4;3;3;4;3;3;3;3;4;4;3;3;3;4;3;2;2;4;2;1;3;2;0;0;0;0;0;0;0;0;0;0;0;7;3;6;5;4;2;7;2;3;2;3;3;3;2;7;2;1;2;1;2;2;1;1;2;3;3;2;3;3;3;3;2;2;1;1;2;4;4;2;2;2;2;2;2;1;2;4;1;3;2;2;4;5;7;4;7;5;4;8;1;1;1;1;2;3;2;1;1;1;1;7;4;3;4;3;4;3;4;3;2;3;4;4;4;4;3;4;4;5;4;2;2;3;2;2;5;1;2;5;5;5;5;2;3;3;3;3;3;3;3;3;2;3;3;3;2;2;-2;-2;-2;2;3;2;3;4;2;3;4;3;2;2;3;3;4;3;3;5;6;5;7;6;2;5;4;2;7;8;7;6;2;3;2;2;2;3;3;2;1957;60;5;3;1;1;1;410;410;410;1;3;1;2390;1;2;3;2;3;2;2;1;2;1;5;1;-3;4;10;-3;2;1;3;5;2;2;20000000;410004;2;2;0;0.6505555555555556;0.4144444444444445;0.426712962962963;0.43759259259259264;1.0;0.66;0.33;0.6633333333333334;0.33;0.0;0.16666666666666666;0.16555555555555557;1.0;1.0;1.0;1.0;0.66;1.0;0.66;0.7733333333333334;0.0;1.0;1.0;0.6666666666666666;0.75;0.66;0.66;0.6900000000000001;0.2222222222222222;0.2222222222222222;0.1111111111111111;0.1851851851851852;0.33;0.0;0.165;0.165;1.0;1.0;1.0;1.0;1.0;1.0;1.0;1.0;1.0;1.0;1.0;1.0;0;0;1;1;0;6;7;5;6;4;6;4;5;4;5;4;5;6;4;8;6;-3;-3;3;400;25900;0;8;4;1;5;7;6;6;4;1;1;6;7;3;3;2;5;7;3;5;2;2;3;2;5;3;3;4
"1-5-0 (2020-11-16)";"doi.org/10.14281/18241.1";2018;410;"KOR";732;"ROK";410070710;20180107;201712;201801;11.39;11.59;20;1;410027;410003;8;5;2;1;710;2390;"ko";2;1;1.0;0.8032128514056225;41453.815261044176;1;2;2;1;2;3;1;2;1;2;1;1;2;1;2;2;2;1;2;1;2;1;2;1;2;2;2;2;3;3;3;3;2;1;2;1;3;3;3;4;4;3;3;2;2;3;1;3;2;3;5;7;6;4;4;4;4;4;1;2;1;3;3;3;3;3;3;4;4;3;4;4;3;3;3;3;3;4;3;3;2;3;3;3;4;4;3;3;4;3;3;3;2;5;1;3;2;0;0;0;0;0;0;0;0;0;0;0;0;5;6;7;6;5;2;7;3;3;3;4;3;3;2;6;4;2;1;2;1;2;2;1;1;3;2;2;3;3;3;2;2;3;2;2;2;3;3;2;2;2;1;2;2;2;2;3;2;1;4;2;3;7;4;7;6;5;7;6;2;2;2;2;3;3;7;8;3;2;1;7;3;4;4;3;5;4;4;5;4;6;5;6;3;3;3;2;5;4;5;2;3;3;2;2;5;1;5;3;5;5;5;2;2;2;2;3;2;2;3;3;2;3;3;3;1;1;-2;-2;-2;2;1;3;2;2;2;3;2;2;2;2;4;4;3;3;4;6;7;4;7;7;3;6;7;5;6;7;6;7;3;3;2;2;2;3;3;1;1957;60;5;3;1;1;1;410;410;410;1;2;1;2390;1;2;3;2;3;2;2;1;3;2;2;5;4;-5;10;2;1;2;3;4;2;0;100000020;410004;4;2;1;0.8591666666666667;0.7750000000000001;0.5563425925925926;0.44685185185185183;1.0;0.66;0.33;0.6633333333333334;0.66;1.0;1.0;0.8866666666666667;1.0;1.0;1.0;1.0;1.0;1.0;0.66;0.8866666666666667;0.0;1.0;1.0;0.6666666666666666;0.25;0.66;0.66;0.5233333333333333;0.3333333333333333;0.4444444444444444;0.3333333333333333;0.3703703703703703;0.33;1.0;0.665;0.665;1.0;1.0;1.0;1.0;1.0;1.0;1.0;1.0;1.0;1.0;1.0;1.0;1;0;1;1;1;7;7;6;6;6;7;6;5;6;6;5;6;6;4;7;6;2;3;3;190;20000;0;6;5;1;7;6;7;5;7;1;1;5;5;5;6;3;3;4;2;2;2;2;3;3;3;6;2;4
"1-5-0 (2020-11-16)";"doi.org/10.14281/18241.1";2018;410;"KOR";732;"ROK";410070711;20180107;201712;201801;11.49;12.13;24;1;410043;410009;6;3;4;1;711;2390;"ko";3;1;1.0;0.8032128514056225;41453.815261044176;1;2;2;3;1;1;1;2;2;1;1;2;2;1;1;2;2;1;2;2;2;1;2;1;2;2;2;2;3;3;3;3;3;3;2;1;3;3;3;3;3;3;3;3;2;1;1;3;2;3;6;7;8;4;4;4;4;4;1;1;1;2;2;3;3;3;3;3;3;3;3;2;2;2;3;3;2;2;3;2;2;3;3;3;3;3;3;3;3;3;3;3;3;10;2;3;2;0;0;0;0;0;0;0;0;0;0;0;0;8;3;3;3;3;2;3;3;4;3;3;3;3;3;4;5;2;2;1;1;1;1;1;1;2;2;4;4;4;4;4;4;4;1;1;2;3;3;2;2;3;3;3;1;2;1;2;1;3;1;1;2;8;8;7;8;8;8;4;2;2;2;2;3;3;7;8;3;2;1;7;1;1;1;1;1;1;1;4;5;5;2;4;2;1;1;1;1;1;3;3;3;3;3;2;5;1;5;2;2;2;2;2;2;2;2;2;2;2;2;2;2;2;2;2;2;2;410002;410002;410002;3;3;2;2;3;3;3;2;2;2;2;3;2;3;3;3;6;8;3;8;8;2;8;8;5;9;8;8;8;2;2;2;2;2;2;2;2;1969;48;4;2;1;1;1;410;410;410;1;3;1;2390;1;1;5;3;5;3;1;1;2;1;1;1;5;5;9;2;2;1;3;5;2;0;100000020;410004;1;1;0;0.415;0.61;0.3831481481481481;0.432962962962963;1.0;0.33;0.33;0.5533333333333333;0.0;1.0;1.0;0.6666666666666666;0.0;0.0;0.0;0.0;0.66;0.33;0.33;0.44;0.0;1.0;1.0;0.6666666666666666;0.5;0.66;0.66;0.6066666666666668;0.0;0.3333333333333333;0.4444444444444444;0.25925925925925924;0.0;0.0;0.0;0.0;1.0;1.0;1.0;1.0;1.0;1.0;1.0;1.0;1.0;1.0;1.0;1.0;0;0;0;0;1;8;5;4;7;5;7;8;4;4;6;4;9;8;6;5;6;1;5;3;400;25000;5000;8;4;1;8;8;7;8;7;1;1;3;3;6;3;3;3;3;2;1;2;2;2;2;7;3;3;4
"1-5-0 (2020-11-16)";"doi.org/10.14281/18241.1";2018;410;"KOR";732;"ROK";410070712;20180108;201712;201801;13.16;13.49;33;1;410030;410006;8;5;2;1;712;2390;"ko";3;2;1.0;0.8032128514056225;41453.815261044176;1;1;2;2;2;2;1;1;2;2;2;1;1;1;2;2;2;1;2;1;2;1;1;2;2;2;2;3;2;2;2;3;2;1;2;1;4;2;4;2;2;2;2;2;2;3;1;1;2;2;7;7;7;4;4;4;4;4;1;2;1;2;2;3;3;3;1;2;2;2;2;2;2;2;2;2;2;2;2;2;2;2;2;2;3;3;2;2;3;2;2;2;2;4;1;3;3;1;0;0;0;1;0;0;0;0;1;0;0;7;5;4;6;7;1;7;2;2;2;2;2;2;3;6;1;1;2;0;0;0;2;2;2;3;3;3;1;2;3;4;4;4;2;2;2;3;3;2;2;4;4;4;1;2;1;2;1;1;2;1;4;7;6;7;5;7;6;4;1;2;2;1;2;2;1;4;1;1;2;6;6;3;2;3;2;2;2;5;4;2;1;3;1;2;2;2;3;2;1;4;4;3;3;3;5;1;5;2;5;2;5;2;3;3;3;3;3;3;3;3;3;3;3;3;2;2;410009;410009;410009;2;4;2;3;3;2;4;4;2;2;2;1;2;3;2;2;9;6;7;7;7;5;7;8;6;6;6;8;7;2;3;2;2;2;3;3;1;1943;74;6;3;1;1;1;410;410;410;1;2;1;2390;1;2;1;1;1;1;1;1;1;1;3;5;4;-5;9;2;1;2;3;4;2;2;20000000;410004;1;2;2;0.4425;0.22;0.3578240740740741;0.29981481481481487;0.0;0.66;0.33;0.33;0.33;0.0;0.0;0.11;1.0;1.0;1.0;1.0;0.33;0.33;0.33;0.33;1.0;0.0;1.0;0.6666666666666666;0.25;0.33;0.33;0.3033333333333334;0.1111111111111111;0.4444444444444444;0.3333333333333333;0.2962962962962963;0.33;0.0;0.165;0.165;1.0;1.0;1.0;1.0;1.0;1.0;1.0;1.0;1.0;1.0;1.0;1.0;0;0;1;0;0;7;7;6;8;8;5;4;3;6;6;7;8;6;5;6;3;3;2;3;150;10000;0;8;3;1;8;8;8;8;8;1;1;8;2;4;5;6;8;4;3;4;2;3;2;2;3;5;5;4
"1-5-0 (2020-11-16)";"doi.org/10.14281/18241.1";2018;410;"KOR";732;"ROK";410070713;20180108;201712;201801;9.4;10.38;58;1;410041;410007;8;5;2;1;713;2390;"ko";2;1;1.0;0.8032128514056225;41453.815261044176;1;1;2;2;2;2;1;2;1;2;2;1;1;1;2;2;2;1;1;1;2;1;2;1;2;2;2;1;2;3;2;2;2;1;2;1;3;3;3;2;2;3;2;2;2;2;2;2;2;2;8;7;7;4;4;4;4;4;1;1;1;1;2;3;3;4;2;2;2;2;2;3;2;3;3;4;2;2;2;3;2;2;2;3;2;2;2;2;3;2;2;2;2;8;3;2;2;0;0;0;0;0;0;0;0;0;0;0;0;6;5;8;5;5;1;6;3;3;4;3;2;2;2;5;3;2;2;0;1;0;1;2;2;3;2;3;3;3;3;4;2;3;1;2;2;2;2;2;2;2;2;2;2;2;1;2;1;3;1;3;1;7;8;5;5;5;7;5;1;2;2;2;3;3;7;8;3;1;1;5;3;2;1;1;2;3;2;3;2;2;1;2;3;2;2;1;1;2;1;3;4;3;2;3;5;1;4;1;5;1;5;1;2;2;2;3;2;3;3;3;2;3;3;3;1;1;410002;410002;410002;2;2;1;3;2;2;3;2;2;2;2;3;2;3;2;4;4;6;2;5;5;2;5;6;5;6;8;6;7;2;1;1;1;1;2;3;2;1955;62;5;3;1;1;1;410;410;410;1;4;1;2390;1;2;3;2;5;3;3;2;3;2;4;1;-3;3;5;-3;2;1;2;7;2;0;100000020;410004;1;1;1;0.54;0.5266666666666667;0.23296296296296298;0.2992592592592593;0.5;0.0;0.33;0.27666666666666667;0.33;1.0;1.0;0.7766666666666667;1.0;0.0;1.0;0.6666666666666666;0.33;0.66;0.33;0.44;0.0;0.0;1.0;0.3333333333333333;0.25;0.33;0.66;0.41333333333333333;0.2222222222222222;0.2222222222222222;0.1111111111111111;0.1851851851851852;0.0;0.0;0.0;0.0;1.0;1.0;1.0;1.0;1.0;1.0;1.0;1.0;1.0;1.0;1.0;1.0;0;0;0;1;0;7;7;5;6;8;5;5;7;5;3;6;6;7;6;7;5;-3;-3;2;650;85000;7000;-3;7;1;-3;-3;-3;8;7;2;1;5;4;5;4;5;5;4;3;1;3;3;2;3;5;4;5;4
"1-5-0 (2020-11-16)";"doi.org/10.14281/18241.1";2018;410;"KOR";732;"ROK";410070714;20180108;201712;201801;9.44;10.28;44;1;410041;410007;8;5;2;1;714;2390;"ko";1;1;1.0;0.8032128514056225;41453.815261044176;1;2;2;3;2;2;1;1;2;1;2;2;1;1;2;2;2;1;2;1;2;1;1;2;2;2;2;2;3;3;3;2;2;1;3;3;2;1;4;3;3;2;3;2;1;1;2;1;2;2;6;6;7;4;4;4;4;4;1;1;1;3;2;4;3;4;3;2;2;1;1;1;1;3;2;3;2;2;2;3;2;2;3;2;2;2;3;3;2;2;3;2;3;6;1;1;1;0;0;0;0;0;0;0;0;0;0;0;0;9;9;8;7;8;2;8;3;3;2;2;2;2;2;7;3;1;0;0;0;0;0;2;2;3;3;4;4;4;4;4;4;4;1;1;2;1;1;2;2;2;2;2;1;1;2;2;1;3;1;1;2;7;8;7;7;8;7;7;1;1;1;1;2;2;2;3;1;1;2;4;1;1;1;1;1;1;1;1;5;5;1;3;1;1;1;1;1;1;3;3;3;3;3;3;3;1;2;1;3;1;3;2;3;3;3;3;3;3;3;3;3;3;3;3;2;2;410001;410001;410001;2;1;1;2;3;2;2;3;2;3;2;2;1;2;1;2;6;6;7;5;6;7;6;6;7;6;6;5;7;2;2;1;1;2;3;3;2;1975;42;3;2;1;1;1;410;410;410;1;4;1;2390;1;2;5;3;5;3;3;2;3;2;5;1;-3;6;5;-3;2;1;3;5;2;2;20000000;410004;1;1;2;0.12388888888888888;0.19277777777777777;0.334537037037037;0.33574074074074073;0.0;0.33;0.33;0.22;0.33;0.0;0.16666666666666666;0.16555555555555557;0.0;0.0;0.0;0.0;0.33;0.0;0.0;0.11;1.0;0.0;1.0;0.6666666666666666;0.25;0.66;0.66;0.5233333333333333;0.0;0.0;0.4444444444444444;0.14814814814814814;0.0;0.0;0.0;0.0;1.0;1.0;1.0;1.0;1.0;1.0;1.0;1.0;1.0;1.0;1.0;1.0;0;0;0;0;1;7;4;7;7;4;7;7;7;7;7;8;7;6;7;6;6;-3;-3;3;350;32000;0;-3;5;1;-3;-3;-3;8;5;1;1;5;6;7;7;5;6;6;2;2;3;2;2;2;8;7;6;4
"1-5-0 (2020-11-16)";"doi.org/10.14281/18241.1";2018;410;"KOR";732;"ROK";410070715;20180108;201712;201801;9.45;10.17;33;1;410011;410001;8;5;1;1;715;2390;"ko";2;1;1.0;0.8032128514056225;41453.815261044176;1;1;2;2;1;3;2;1;2;1;1;1;2;1;2;2;2;1;2;1;2;1;2;1;2;2;2;3;3;4;4;2;4;2;3;3;4;2;4;3;2;1;2;3;2;3;2;3;2;2;7;6;5;4;4;4;4;4;2;2;1;3;2;3;3;2;2;2;3;2;2;2;2;2;3;3;2;2;2;2;2;1;2;1;2;2;1;2;2;2;2;1;2;7;3;3;2;0;1;1;0;0;0;0;0;0;1;0;1;10;3;7;3;5;2;4;1;2;2;2;2;2;2;9;4;2;2;0;0;0;2;1;1;3;2;3;2;3;3;4;3;3;1;2;2;3;2;2;2;3;3;4;1;2;1;2;4;2;3;2;1;8;8;7;4;2;10;4;1;2;2;2;3;3;7;7;3;1;2;4;4;1;1;2;1;2;2;2;5;5;1;4;1;2;2;1;3;1;4;3;4;4;2;2;2;1;3;1;3;1;2;2;1;2;1;2;2;2;1;1;2;2;2;2;2;1;410002;410002;410002;1;3;2;3;2;2;2;4;1;2;1;3;2;4;2;3;3;8;5;10;8;2;9;2;3;10;8;8;7;2;2;1;1;1;3;3;1;1980;37;3;2;1;1;1;410;410;410;1;3;1;2390;1;1;6;3;6;3;2;1;3;2;3;2;5;5;7;2;1;1;3;6;2;0;100000020;410004;2;2;2;0.5258333333333333;0.72;0.5888888888888889;0.5127777777777778;1.0;0.33;0.33;0.5533333333333333;0.66;1.0;1.0;0.8866666666666667;0.0;1.0;0.0;0.3333333333333333;0.33;0.33;0.33;0.33;1.0;1.0;1.0;1.0;0.75;0.66;1.0;0.8033333333333333;0.1111111111111111;0.1111111111111111;0.4444444444444444;0.22222222222222224;0.66;0.0;0.33;0.33;1.0;1.0;1.0;1.0;1.0;1.0;1.0;1.0;1.0;1.0;1.0;1.0;0;1;0;1;0;7;6;5;7;3;5;3;3;5;7;7;7;4;4;6;7;4;1;3;800;30000;20000;5;4;1;6;5;4;7;3;2;1;1;1;10;8;1;1;1;1;1;1;3;1;2;10;8;1;4
"1-5-0 (2020-11-16)";"doi.org/10.14281/18241.1";2018;410;"KOR";732;"ROK";410070716;20180108;201712;201801;10.1;11.13;63;1;410041;410007;8;5;2;1;716;2390;"ko";2;2;1.0;0.8032128514056225;41453.815261044176;1;1;2;3;1;2;1;1;1;1;1;2;2;2;2;2;2;1;2;1;2;1;2;1;2;1;2;2;3;2;2;2;2;1;2;1;3;3;4;2;3;3;2;3;2;2;2;2;2;2;8;7;8;2;3;2;2;2;2;1;1;2;2;3;3;3;2;3;3;3;2;2;3;2;2;3;2;2;3;2;3;2;2;3;2;2;3;2;2;3;3;2;2;8;1;1;2;1;0;0;0;0;0;0;0;0;0;0;0;7;7;7;8;7;2;8;2;2;2;3;2;2;3;7;2;1;1;1;1;0;1;1;1;2;2;2;2;3;3;3;2;2;2;2;2;2;2;2;2;2;3;2;1;1;1;3;1;2;3;1;3;8;7;8;8;7;7;8;2;2;1;1;2;2;2;4;2;2;2;8;7;8;7;8;7;7;8;7;8;7;8;7;7;7;6;7;7;7;7;2;2;2;2;2;2;1;5;1;2;1;5;2;2;3;3;3;2;3;3;3;2;2;3;3;2;2;410002;410002;410002;2;2;3;2;3;2;3;2;2;3;2;2;3;2;2;2;7;8;3;9;7;4;9;7;5;7;8;7;7;2;2;1;1;2;3;3;1;1965;52;4;3;1;1;1;410;410;410;1;4;1;2390;1;2;5;3;3;2;3;2;3;2;1;1;3;3;6;2;1;1;3;4;2;1;10100000;410004;3;2;1;0.6088888888888889;0.4427777777777778;0.7367592592592593;0.5585185185185185;0.5;0.33;0.33;0.3866666666666667;0.33;1.0;0.16666666666666666;0.49888888888888894;1.0;1.0;1.0;1.0;0.66;0.33;0.66;0.5499999999999999;1.0;1.0;1.0;1.0;0.25;0.66;0.33;0.4133333333333334;0.6666666666666666;0.6666666666666666;0.7777777777777778;0.7037037037037037;0.66;1.0;0.8300000000000001;0.8300000000000001;1.0;1.0;1.0;1.0;1.0;1.0;1.0;1.0;1.0;1.0;1.0;1.0;1;1;0;0;1;8;8;7;8;7;8;7;7;7;8;7;7;7;8;7;8;1;6;3;450;28000;5000;8;4;1;8;7;7;8;7;1;2;2;2;7;1;4;2;2;2;1;2;2;3;3;8;1;5;4
"1-5-0 (2020-11-16)";"doi.org/10.14281/18241.1";2018;410;"KOR";732;"ROK";410070717;20180108;201712;201801;10.19;11.05;46;1;410028;410004;8;5;2;1;717;2390;"ko";2;1;1.0;0.8032128514056225;41453.815261044176;1;2;2;1;1;1;2;2;1;1;2;1;2;1;1;2;2;1;2;1;2;1;2;1;2;2;1;2;2;3;2;3;2;1;1;1;3;3;2;3;3;2;2;2;2;3;2;1;2;2;7;5;5;4;4;4;4;4;1;1;1;2;2;3;2;4;2;2;3;3;3;3;2;3;4;4;2;2;2;2;2;3;2;2;3;3;2;2;3;3;3;2;2;5;3;1;2;1;1;0;0;0;0;0;0;0;0;0;0;8;3;7;4;5;1;6;2;3;4;3;4;2;3;7;3;2;0;2;1;2;1;1;2;3;2;4;4;4;4;4;4;4;1;1;2;1;2;2;2;3;3;2;1;2;1;3;2;1;3;1;2;8;5;4;4;3;7;9;1;1;1;1;2;3;2;3;1;1;1;5;4;2;1;2;2;3;2;5;5;7;1;5;2;4;2;1;1;2;4;2;4;4;2;2;1;1;5;1;3;1;2;1;2;2;2;2;3;3;3;3;2;3;3;3;1;1;8;8;8;2;3;1;3;3;2;3;3;1;3;1;2;2;3;3;3;4;7;5;9;5;7;8;4;3;8;8;7;8;2;2;2;2;1;3;3;1;1982;35;3;2;1;1;1;410;410;410;1;3;4;2390;1;1;6;3;6;3;3;2;3;2;1;1;3;3;3;2;1;1;3;5;2;2;20000000;410004;2;1;0;0.4013888888888889;0.08277777777777778;0.40425925925925926;0.3918518518518519;0.0;0.33;0.0;0.11;0.0;0.0;0.16666666666666666;0.05555555555555555;1.0;1.0;1.0;1.0;0.33;0.66;0.33;0.44;0.0;0.0;1.0;0.3333333333333333;0.25;0.33;0.66;0.41333333333333333;0.2222222222222222;0.4444444444444444;0.4444444444444444;0.3703703703703704;0.0;1.0;0.5;0.5;1.0;1.0;1.0;1.0;1.0;1.0;1.0;1.0;1.0;1.0;1.0;1.0;1;0;0;0;1;7;5;6;7;3;5;4;4;6;7;8;7;3;7;5;4;1;6;2;450;20000;8000;7;3;1;8;7;5;8;3;1;2;3;3;5;3;5;2;4;3;1;2;3;1;3;7;3;5;1
"1-5-0 (2020-11-16)";"doi.org/10.14281/18241.1";2018;410;"KOR";732;"ROK";410070718;20180108;201712;201801;10.4;11.1;30;1;410011;410001;8;5;1;1;718;2390;"ko";2;1;1.0;0.8032128514056225;41453.815261044176;1;2;2;3;3;1;1;1;1;1;2;2;2;1;2;2;2;1;2;1;2;1;2;1;1;2;3;3;3;4;3;1;2;1;2;1;3;3;4;2;2;1;2;2;2;3;2;3;2;2;8;8;9;4;4;4;4;4;1;2;1;2;2;3;3;2;1;2;3;2;2;2;2;2;2;3;2;2;2;2;1;2;2;1;2;2;2;2;2;2;1;1;2;5;3;1;2;2;1;1;0;0;0;0;0;0;2;0;1;10;2;7;2;4;2;6;2;3;2;2;2;2;2;8;3;2;1;2;0;0;2;2;2;3;2;3;2;3;3;4;3;3;1;2;2;3;4;2;2;2;2;4;2;2;1;2;3;3;1;1;2;9;10;5;5;3;9;10;1;1;1;1;2;3;1;1;1;1;2;5;2;2;1;1;1;1;2;3;5;4;1;6;2;2;1;1;2;1;3;3;4;4;3;2;4;1;5;2;5;5;5;2;1;2;2;3;2;2;2;2;2;3;3;3;1;1;410001;410001;410001;1;4;2;3;2;1;3;4;1;2;1;3;2;4;3;3;9;8;4;10;8;3;10;3;4;10;10;7;7;2;2;1;1;1;3;4;2;1952;65;6;3;1;1;1;410;410;410;1;2;1;2390;1;2;3;2;3;2;1;1;1;1;5;1;-3;6;5;-3;2;2;3;3;1;2;20000000;410004;2;1;2;0.3316666666666667;0.3316666666666667;0.4438888888888889;0.42944444444444446;1.0;0.33;0.66;0.6633333333333334;0.0;0.0;0.0;0.0;1.0;0.0;0.0;0.3333333333333333;0.33;0.33;0.33;0.33;1.0;0.0;1.0;0.6666666666666666;0.25;0.66;1.0;0.6366666666666667;0.0;0.2222222222222222;0.4444444444444444;0.2222222222222222;0.0;0.5;0.25;0.25;1.0;1.0;1.0;1.0;1.0;1.0;1.0;1.0;1.0;1.0;1.0;1.0;1;0;0;0;1;8;7;6;6;3;6;3;3;7;6;7;7;5;7;7;5;-3;-3;3;150;35000;0;-3;4;2;-3;-3;-3;8;7;1;1;3;3;5;7;4;4;4;1;2;1;3;1;3;5;7;4;4
"1-5-0 (2020-11-16)";"doi.org/10.14281/18241.1";2018;410;"KOR";732;"ROK";410070719;20180108;201712;201801;10.44;11.22;38;1;410041;410007;8;5;2;1;719;2390;"ko";1;1;1.0;0.8032128514056225;41453.815261044176;1;2;2;2;2;3;1;2;2;1;1;2;1;1;2;2;2;1;2;1;2;1;2;2;2;2;2;2;3;3;2;2;1;1;2;1;3;3;2;3;2;4;3;2;3;1;1;1;2;2;7;6;6;4;4;4;4;4;3;2;1;3;2;4;4;4;3;2;2;2;1;1;2;2;3;3;2;2;3;2;2;3;2;2;2;2;2;2;2;2;2;2;2;7;3;2;1;0;0;0;0;0;0;0;0;0;0;0;0;8;9;8;7;8;1;8;2;3;2;2;3;2;2;7;3;2;1;0;0;0;0;2;2;3;2;4;4;4;4;4;3;4;1;1;2;2;2;2;2;2;2;2;1;1;1;2;1;3;2;3;1;7;7;8;7;7;7;8;1;1;1;1;3;3;7;5;2;1;2;4;1;1;1;1;1;4;1;2;4;4;1;3;1;1;1;1;1;1;3;2;2;2;2;2;1;1;2;1;5;2;5;1;3;3;3;3;3;3;3;3;3;3;3;3;1;1;410002;410002;410002;2;2;2;1;3;2;2;1;1;2;2;2;1;2;1;2;6;7;6;7;6;7;6;8;7;8;8;7;6;2;2;1;1;2;3;3;1;1958;59;5;3;1;1;1;410;410;410;1;2;1;2390;1;2;3;2;3;2;2;1;2;1;5;1;-3;5;6;-3;1;1;3;4;2;7;70000000;410004;2;2;1;0.33166666666666667;0.5533333333333333;0.3827314814814815;0.3496296296296296;0.0;0.33;0.33;0.22;0.66;1.0;1.0;0.8866666666666667;0.0;0.0;0.0;0.0;0.33;0.0;0.33;0.22;0.0;1.0;1.0;0.6666666666666666;0.0;0.66;0.66;0.44;0.3333333333333333;0.1111111111111111;0.3333333333333333;0.25925925925925924;0.33;0.0;0.165;0.165;1.0;1.0;1.0;1.0;1.0;1.0;1.0;1.0;1.0;1.0;1.0;1.0;0;0;1;1;0;7;7;8;8;7;6;7;7;7;8;8;6;7;5;7;7;-3;-3;3;300;28000;0;7;4;1;8;7;7;8;5;1;1;6;6;9;7;5;5;5;2;1;3;2;2;2;9;7;6;4
"1-5-0 (2020-11-16)";"doi.org/10.14281/18241.1";2018;410;"KOR";732;"ROK";410070720;20180108;201712;201801;11.01;11.34;33;1;410041;410007;8;5;2;1;720;2390;"ko";1;1;1.0;0.8032128514056225;41453.815261044176;1;2;3;2;1;4;1;2;1;1;2;1;2;1;2;2;2;1;2;1;2;1;2;1;2;2;2;3;2;3;2;2;3;3;2;1;3;3;4;3;3;2;3;3;2;3;1;3;2;2;6;6;6;4;4;4;4;4;1;1;1;2;2;2;2;2;4;2;2;2;3;2;2;2;3;3;2;2;2;2;2;2;2;2;2;2;2;2;2;2;2;2;2;6;2;3;2;0;1;0;0;0;0;0;0;0;0;0;0;6;7;4;4;4;1;5;2;2;2;2;2;2;3;5;3;0;1;1;1;1;1;1;1;2;2;3;2;3;4;4;3;3;2;2;2;2;2;2;2;2;3;3;1;1;1;1;3;3;1;1;2;5;6;6;4;5;6;3;2;2;2;2;4;4;7;8;3;2;2;5;4;3;1;1;1;2;2;3;5;3;1;3;2;1;2;1;2;1;2;3;3;3;3;3;2;1;5;1;3;3;3;2;1;2;2;3;2;2;2;2;2;2;2;2;1;1;410002;410002;410002;3;4;4;4;4;4;4;4;4;4;1;2;2;4;2;4;5;7;3;7;7;3;6;7;5;6;6;6;6;2;2;2;2;2;3;3;1;1950;67;6;3;1;1;1;410;410;410;1;2;1;2390;1;2;2;1;1;1;0;1;0;1;4;5;-3;-5;9;-3;2;2;3;4;2;0;100000020;410004;2;1;1;0.5541666666666666;0.7766666666666666;0.33481481481481484;0.377962962962963;1.0;0.33;0.33;0.5533333333333333;1.0;1.0;1.0;1.0;1.0;0.0;0.0;0.3333333333333333;0.33;0.33;0.33;0.33;0.0;0.0;1.0;0.3333333333333333;0.5;0.33;0.66;0.49666666666666676;0.1111111111111111;0.2222222222222222;0.4444444444444444;0.25925925925925924;0.0;0.5;0.25;0.25;1.0;1.0;1.0;1.0;1.0;1.0;1.0;1.0;1.0;1.0;1.0;1.0;1;0;0;0;1;7;6;5;6;6;5;5;5;6;6;5;7;5;6;6;5;-3;-3;3;100;45000;0;-3;4;1;-3;-3;-3;7;6;1;1;4;4;7;5;5;4;4;2;1;2;3;2;2;7;5;5;4
"1-5-0 (2020-11-16)";"doi.org/10.14281/18241.1";2018;410;"KOR";732;"ROK";410070721;20180108;201712;201801;11.22;11.49;27;1;410028;410004;8;5;2;1;721;2390;"ko";2;1;1.0;0.8032128514056225;41453.815261044176;1;2;2;1;1;1;2;1;2;1;1;2;2;1;1;2;2;1;1;1;1;1;2;1;2;2;2;2;2;4;3;3;3;3;1;1;4;2;2;3;3;2;2;2;2;3;1;1;2;2;8;6;4;4;4;4;4;4;1;2;1;2;2;3;3;4;1;2;4;3;4;2;2;3;4;4;2;2;2;2;2;2;2;3;3;3;2;2;3;3;2;2;3;7;3;3;2;1;0;0;0;0;0;0;0;0;0;0;0;9;4;8;3;4;1;8;3;4;4;2;4;1;2;7;3;2;0;2;0;1;1;1;1;4;3;4;4;4;4;4;4;4;1;1;2;1;1;2;2;3;3;3;1;2;1;4;1;3;1;1;2;7;6;7;7;5;8;9;1;1;1;1;2;2;2;3;2;1;1;5;4;4;1;1;2;3;2;4;7;7;1;5;1;4;1;1;1;1;2;3;4;4;3;3;5;1;5;1;4;1;4;2;3;3;3;3;1;3;3;3;3;3;3;3;2;1;-2;-2;-2;2;3;2;3;3;2;3;3;2;3;1;2;3;3;2;4;4;6;5;9;5;5;9;4;4;8;10;8;8;2;2;1;1;1;3;4;2;1979;38;3;2;1;1;1;410;410;410;1;4;4;2390;1;2;5;3;6;3;3;2;3;2;5;1;-3;3;3;-3;2;2;3;3;1;1;10100000;410004;1;1;1;0.4013888888888889;0.30444444444444446;0.5043518518518518;0.5087037037037037;0.0;0.33;0.33;0.22;0.0;1.0;0.16666666666666666;0.3888888888888889;1.0;0.0;1.0;0.6666666666666666;0.33;0.33;0.33;0.33;1.0;1.0;1.0;1.0;0.5;0.33;1.0;0.61;0.2222222222222222;0.3333333333333333;0.6666666666666666;0.40740740740740744;0.0;0.0;0.0;0.0;1.0;1.0;1.0;1.0;1.0;1.0;1.0;1.0;1.0;1.0;1.0;1.0;0;0;0;0;1;5;4;7;7;4;4;4;4;7;9;7;5;4;5;6;4;-3;-3;2;350;25000;7000;-3;3;1;-3;-3;-3;8;3;1;1;5;5;4;3;5;3;4;2;1;1;4;1;3;7;2;3;4
"1-5-0 (2020-11-16)";"doi.org/10.14281/18241.1";2018;410;"KOR";732;"ROK";410070722;20180108;201712;201801;11.26;11.57;31;1;410011;410001;8;5;1;1;722;2390;"ko";3;1;1.0;0.8032128514056225;41453.815261044176;1;1;2;2;1;3;2;1;2;1;1;1;2;1;2;2;2;1;2;1;2;1;2;2;2;2;2;3;2;4;3;2;3;3;3;3;4;2;5;2;2;2;3;3;2;2;2;3;2;3;7;7;7;4;4;4;4;4;1;2;1;3;2;3;3;2;2;2;3;2;2;2;2;2;3;3;2;2;1;2;1;1;2;2;2;2;1;1;1;2;2;1;2;6;3;2;2;0;1;1;1;0;0;0;0;0;1;0;1;9;3;9;2;4;2;5;2;3;2;2;2;2;2;9;4;2;2;1;0;0;1;2;0;2;2;3;2;3;3;4;4;3;2;2;2;2;2;2;2;3;2;4;1;1;1;3;1;3;4;2;1;10;8;7;5;1;9;8;1;1;1;1;3;3;7;7;3;1;2;7;3;2;1;1;1;3;3;3;6;5;2;5;1;1;1;1;3;1;3;4;4;4;2;2;2;1;3;2;3;1;2;2;1;2;2;2;2;2;3;3;1;2;3;3;2;1;410002;410002;410002;1;4;2;3;2;1;3;4;1;2;1;4;3;4;2;3;5;9;5;10;9;1;10;3;4;10;10;7;7;2;2;2;1;1;3;3;1;1976;41;3;2;1;1;1;410;410;410;1;4;1;2390;1;2;6;3;6;3;2;1;3;2;1;1;3;5;7;2;1;1;3;5;2;0;100000020;410004;3;2;2;0.5258333333333333;0.72;0.6520833333333333;0.4716666666666667;1.0;0.33;0.33;0.5533333333333333;0.66;1.0;1.0;0.8866666666666667;1.0;0.0;0.0;0.3333333333333333;0.33;0.33;0.33;0.33;1.0;1.0;1.0;1.0;0.5;0.33;1.0;0.61;0.2222222222222222;0.2222222222222222;0.5555555555555556;0.3333333333333333;0.33;1.0;0.665;0.665;1.0;1.0;1.0;1.0;1.0;1.0;1.0;1.0;1.0;1.0;1.0;1.0;1;0;1;1;0;8;7;7;8;4;6;3;3;7;6;7;8;3;4;6;7;1;5;3;800;30000;20000;8;5;2;8;7;6;8;5;2;1;3;3;7;5;3;2;2;1;1;3;3;1;2;9;5;3;4
"1-5-0 (2020-11-16)";"doi.org/10.14281/18241.1";2018;410;"KOR";732;"ROK";410070723;20180108;201712;201801;11.51;12.12;21;1;410041;410007;8;5;2;1;723;2390;"ko";2;1;1.0;0.8032128514056225;41453.815261044176;1;2;2;3;3;2;1;1;2;2;2;2;1;1;1;2;2;1;2;1;2;1;1;2;2;2;1;2;2;3;3;2;2;1;3;3;2;1;2;3;3;2;2;3;2;2;1;1;2;2;7;6;6;4;4;4;4;4;1;2;1;3;2;4;3;4;2;2;3;2;2;2;1;3;3;3;2;2;2;3;2;2;2;2;2;2;2;3;2;3;2;2;2;7;1;1;1;0;0;0;0;0;0;0;0;0;0;0;0;8;8;7;8;7;1;8;3;2;2;2;3;3;3;7;3;2;0;0;0;0;0;2;0;2;2;4;4;4;4;4;4;4;1;1;2;1;1;2;2;1;2;2;1;1;2;1;2;2;3;1;3;7;8;7;7;8;7;8;1;1;1;1;3;3;3;3;2;1;2;4;1;1;1;1;1;1;1;1;2;3;1;1;1;1;1;1;1;1;1;3;3;3;3;3;5;1;5;5;5;5;5;2;3;3;3;3;3;3;3;3;3;3;3;3;1;1;410002;410002;410002;1;2;1;3;2;2;2;1;2;2;2;2;2;3;2;2;8;7;6;7;7;6;6;7;6;7;6;7;7;2;2;1;1;2;4;4;2;1957;60;5;3;1;1;1;410;410;410;1;2;1;2390;1;3;2;1;3;2;1;1;1;1;5;3;-3;4;9;-3;2;2;3;4;2;2;20000000;410004;2;2;1;0.2211111111111111;0.3322222222222222;0.3617592592592592;0.22518518518518518;0.0;0.33;0.0;0.11;0.33;1.0;0.3333333333333333;0.5544444444444444;0.0;0.0;0.0;0.0;0.33;0.33;0.0;0.22;1.0;0.0;1.0;0.6666666666666666;0.25;0.33;0.66;0.41333333333333333;0.0;0.0;0.1111111111111111;0.037037037037037035;0.66;0.0;0.33;0.33;1.0;1.0;1.0;1.0;1.0;1.0;1.0;1.0;1.0;1.0;1.0;1.0;0;1;0;0;1;6;7;8;6;6;7;8;6;5;7;8;5;7;6;5;8;-3;-3;5;250;25000;0;-3;4;1;-3;-3;-3;7;6;1;1;5;5;9;6;5;5;5;2;1;3;2;2;3;9;6;5;4
"1-5-0 (2020-11-16)";"doi.org/10.14281/18241.1";2018;410;"KOR";732;"ROK";410070724;20180108;201712;201801;11.57;12.34;37;1;410041;410007;8;5;2;1;724;2390;"ko";2;2;1.0;0.8032128514056225;41453.815261044176;2;2;2;2;2;2;1;2;2;1;2;1;1;2;2;2;1;1;2;1;2;2;2;1;2;2;3;4;3;2;3;3;2;1;2;1;4;2;3;1;2;4;1;2;2;2;1;1;2;2;7;7;7;4;4;4;4;4;1;1;2;2;2;2;2;2;2;2;2;2;2;3;2;2;2;3;3;3;2;2;2;2;2;2;2;2;2;2;2;2;2;2;2;3;2;2;1;0;0;0;0;0;0;0;0;0;0;0;0;9;8;8;7;3;1;9;1;2;1;3;2;3;2;9;3;0;2;0;2;1;1;0;2;2;2;4;4;4;4;4;4;4;1;1;2;4;4;2;2;2;4;4;1;2;2;3;2;3;1;1;3;6;7;8;3;2;9;2;2;2;2;2;2;3;7;8;3;2;1;9;3;3;2;2;2;1;1;2;5;7;1;3;3;5;4;2;3;2;9;4;4;4;3;3;5;1;5;5;5;5;5;1;2;2;3;3;2;2;3;2;3;3;3;3;1;1;-2;-2;-2;2;3;2;3;1;2;3;3;1;3;1;2;1;3;1;1;7;8;8;9;8;2;8;7;7;8;9;9;7;2;2;1;1;1;3;3;2;1949;68;6;3;1;1;1;410;410;410;1;2;1;2390;1;3;2;1;3;2;0;1;0;1;5;4;-3;-5;8;-3;2;2;3;3;1;0;100000020;410004;2;1;-1;0.6366666666666666;0.5533333333333333;0.27462962962962967;0.2992592592592593;0.0;0.33;0.66;0.33;0.33;1.0;1.0;0.7766666666666667;1.0;1.0;1.0;1.0;0.33;0.66;0.33;0.44;0.0;0.0;0.0;0.0;0.25;0.66;0.33;0.4133333333333334;0.0;0.1111111111111111;0.4444444444444444;0.1851851851851852;0.0;1.0;0.5;0.5;1.0;1.0;1.0;1.0;1.0;1.0;1.0;1.0;1.0;1.0;1.0;1.0;1;0;0;0;1;8;8;5;8;6;8;6;6;8;8;7;8;7;5;7;8;-3;-3;3;150;38000;0;-3;3;1;-3;-3;-3;8;6;1;1;3;3;7;1;3;5;5;3;1;3;2;1;1;7;1;3;4
"1-5-0 (2020-11-16)";"doi.org/10.14281/18241.1";2018;410;"KOR";732;"ROK";410070725;20180108;201712;201801;12.0;12.39;39;1;410030;410006;8;5;2;1;725;2390;"ko";3;1;1.0;0.8032128514056225;41453.815261044176;1;2;2;3;2;1;1;2;2;1;2;2;1;1;1;2;2;1;2;1;2;1;1;1;2;2;2;2;2;3;2;2;2;1;2;1;3;3;3;2;2;2;2;3;2;2;1;2;2;2;6;6;6;4;4;4;4;4;1;2;1;2;2;3;4;3;1;3;3;2;3;2;2;2;3;3;2;2;2;3;2;2;2;2;3;3;2;2;3;2;3;3;3;6;3;1;2;2;0;0;0;0;0;0;0;0;1;0;0;6;6;3;4;4;1;7;2;3;2;2;3;3;3;7;4;2;2;2;2;2;2;1;1;2;3;4;3;3;4;4;3;3;1;1;2;1;2;2;2;3;2;3;1;1;1;2;3;1;4;1;2;5;5;6;6;6;6;3;2;2;2;2;3;3;7;7;3;1;2;4;5;3;3;1;1;1;3;5;5;6;2;5;1;6;7;3;3;3;5;2;3;3;3;2;3;1;4;1;1;1;1;2;3;1;3;2;2;2;2;2;1;3;3;3;1;1;410002;410002;410002;2;3;2;3;2;2;3;3;3;2;2;2;2;4;2;4;6;6;6;9;8;4;7;6;6;6;6;6;6;2;2;2;2;2;2;2;1;1990;27;2;1;1;1;1;410;410;410;1;3;2;2390;6;3;6;3;-3;-3;1;1;2;1;7;-3;-3;-3;3;-3;2;1;3;2;1;0;100000020;410004;3;2;0;0.4566666666666666;0.5266666666666666;0.3644907407407407;0.3548148148148148;0.5;0.33;0.33;0.3866666666666667;0.0;1.0;1.0;0.6666666666666666;1.0;0.0;0.0;0.3333333333333333;0.66;0.33;0.33;0.44;0.0;0.0;1.0;0.3333333333333333;0.25;0.33;0.66;0.41333333333333333;0.0;0.4444444444444444;0.4444444444444444;0.2962962962962963;0.33;0.5;0.41500000000000004;0.41500000000000004;1.0;1.0;1.0;1.0;1.0;1.0;1.0;1.0;1.0;1.0;1.0;1.0;1;0;1;0;1;6;6;6;6;6;6;6;6;6;7;7;6;6;3;8;5;-3;-3;2;450;20000;0;7;4;2;7;7;7;7;7;1;1;6;6;6;4;3;3;4;3;1;2;3;3;2;8;7;5;-3
"1-5-0 (2020-11-16)";"doi.org/10.14281/18241.1";2018;410;"KOR";732;"ROK";410070726;20180108;201712;201801;12.02;12.22;20;1;410028;410004;8;5;2;1;726;2390;"ko";3;1;1.0;0.8032128514056225;41453.815261044176;1;2;2;1;1;1;2;2;1;1;2;2;1;1;1;2;2;1;1;1;1;1;2;1;2;2;2;2;2;2;1;3;2;1;1;1;3;3;4;1;2;2;2;1;3;3;2;1;2;2;8;5;4;4;4;4;4;4;1;2;1;2;2;3;3;4;1;2;2;2;3;3;2;3;4;4;3;2;2;2;2;2;2;2;2;2;3;3;3;3;3;3;3;7;2;1;1;2;0;0;0;0;0;0;0;0;0;0;0;8;5;6;3;4;1;7;2;2;3;2;3;1;2;7;4;2;1;2;1;2;2;1;2;4;3;4;4;4;4;4;4;4;1;1;2;2;3;2;2;2;3;2;1;2;1;4;1;3;1;1;4;7;6;8;5;4;7;9;1;1;1;1;2;2;1;2;2;1;1;7;4;3;1;2;2;1;1;4;5;5;1;5;1;3;1;2;1;1;5;2;3;3;3;3;5;1;5;5;5;5;5;4;3;3;3;3;1;3;3;3;3;3;3;3;1;1;-2;-2;-2;1;3;2;2;2;2;2;4;1;3;1;3;3;2;2;3;7;6;5;9;5;5;8;3;4;8;8;8;8;2;2;1;1;1;4;4;2;1956;61;5;3;1;1;1;410;410;410;1;2;1;2390;1;3;2;1;2;1;1;1;2;1;5;1;-3;8;9;-3;2;2;4;2;1;2;20000000;410004;0;1;0;0.4983333333333333;0.27666666666666667;0.2239814814814815;0.2812962962962963;0.0;0.33;0.33;0.22;0.0;1.0;0.0;0.3333333333333333;1.0;1.0;1.0;1.0;0.33;0.66;0.33;0.44;0.0;0.0;1.0;0.3333333333333333;0.25;0.33;0.33;0.3033333333333334;0.0;0.3333333333333333;0.4444444444444444;0.25925925925925924;0.0;0.0;0.0;0.0;1.0;1.0;1.0;1.0;1.0;1.0;1.0;1.0;1.0;1.0;1.0;1.0;0;0;0;0;0;5;5;7;7;7;4;4;3;7;7;5;5;4;4;7;5;-3;-3;4;120;25000;0;-3;2;1;-3;-3;-3;7;4;1;1;3;1;2;5;2;3;1;3;2;1;3;1;2;2;5;3;4
"1-5-0 (2020-11-16)";"doi.org/10.14281/18241.1";2018;410;"KOR";732;"ROK";410070727;20180108;201712;201801;12.03;12.32;29;1;410041;410007;8;5;2;1;727;2390;"ko";1;1;1.0;0.8032128514056225;41453.815261044176;1;2;2;1;1;3;1;1;2;2;2;1;2;1;2;2;1;1;2;1;2;1;2;1;2;2;2;1;2;3;3;3;3;3;2;1;3;3;4;3;2;3;2;3;2;3;2;3;2;2;8;7;6;4;4;4;4;4;1;2;1;1;1;2;3;3;2;3;2;2;2;3;2;2;2;3;3;3;2;2;2;2;2;1;2;2;2;1;2;1;2;1;1;4;3;1;2;0;0;0;0;0;0;0;0;0;0;0;0;4;5;4;5;4;1;3;2;2;2;2;2;2;3;6;4;2;2;1;0;1;1;1;1;1;2;2;2;4;4;4;2;2;1;1;2;1;2;2;2;2;2;3;1;2;1;2;1;2;4;1;3;8;8;8;9;4;9;3;2;2;2;2;3;3;7;8;3;2;2;3;1;1;1;2;2;1;1;4;4;3;1;5;1;1;1;1;1;1;5;3;3;3;3;2;5;1;5;1;5;5;5;1;1;2;2;2;2;2;2;2;1;2;2;3;2;1;410002;410002;410002;2;4;2;4;2;2;4;4;1;3;2;2;2;4;2;3;3;3;3;8;8;9;8;7;6;9;9;7;7;3;2;1;1;1;2;2;2;1982;35;3;2;1;1;1;410;410;410;1;3;1;2390;1;1;6;3;6;3;6;3;6;3;5;1;-3;1;3;-3;2;1;2;6;2;0;100000020;410004;3;3;1;0.6641666666666666;0.72;0.38805555555555554;0.35944444444444446;1.0;0.33;0.33;0.5533333333333333;0.66;1.0;1.0;0.8866666666666667;0.0;1.0;1.0;0.6666666666666666;0.66;0.66;0.33;0.5499999999999999;1.0;0.0;0.0;0.3333333333333333;0.5;0.33;0.66;0.49666666666666676;0.0;0.3333333333333333;0.3333333333333333;0.2222222222222222;1.0;0.0;0.5;0.5;1.0;1.0;1.0;1.0;1.0;1.0;1.0;1.0;1.0;1.0;1.0;1.0;0;1;1;0;1;7;6;7;6;6;6;5;5;4;4;4;8;3;7;8;5;-3;-3;2;600;50000;0;-3;6;1;-3;-3;-3;9;3;1;2;2;5;7;3;2;2;3;2;1;2;3;1;2;8;1;5;4
"1-5-0 (2020-11-16)";"doi.org/10.14281/18241.1";2018;410;"KOR";732;"ROK";410070728;20180108;201712;201801;12.14;12.47;33;1;410030;410006;8;5;2;1;728;2390;"ko";3;1;1.0;0.8032128514056225;41453.815261044176;1;2;2;3;3;1;2;1;1;2;2;1;2;1;1;2;2;1;2;1;2;1;1;1;2;2;2;2;2;3;2;2;2;1;2;1;3;3;3;2;2;3;2;3;2;2;1;2;2;2;6;6;6;4;4;4;4;4;1;2;1;2;2;3;4;3;1;3;3;2;3;2;2;3;3;2;2;3;3;2;2;2;2;2;3;3;3;3;3;3;3;3;3;6;3;1;2;2;0;0;0;0;0;0;0;0;1;0;0;6;6;6;6;7;1;7;2;2;2;1;2;2;2;6;3;2;1;1;0;0;0;2;1;3;2;3;2;3;3;4;4;4;1;1;2;3;3;2;2;4;4;4;2;2;1;2;1;3;1;1;4;6;6;7;7;7;7;10;1;2;2;1;2;2;1;3;1;1;1;6;4;3;2;2;2;4;2;5;5;5;2;3;2;2;2;3;3;3;4;3;3;3;3;3;5;1;5;1;2;2;5;2;3;3;3;3;3;3;3;3;3;3;3;3;1;2;410001;410001;410001;2;4;2;3;2;2;3;4;2;2;2;2;3;4;2;2;8;6;9;8;8;3;7;6;6;9;9;8;7;2;2;1;2;2;3;3;2;1945;72;6;3;1;1;1;410;410;410;1;2;1;2390;1;2;1;1;1;1;0;1;0;1;5;1;-3;4;9;-3;2;2;3;4;2;2;20000000;410004;0;1;1;0.45666666666666667;0.19333333333333336;0.3718518518518519;0.4103703703703704;0.5;0.33;0.33;0.3866666666666667;0.0;0.0;0.0;0.0;1.0;1.0;1.0;1.0;0.66;0.33;0.33;0.44;1.0;0.0;1.0;0.6666666666666666;0.25;0.33;0.66;0.41333333333333333;0.3333333333333333;0.4444444444444444;0.4444444444444444;0.4074074074074074;0.0;0.0;0.0;0.0;1.0;1.0;1.0;1.0;1.0;1.0;1.0;1.0;1.0;1.0;1.0;1.0;0;0;0;0;0;6;6;6;6;6;6;6;6;6;6;6;6;6;3;8;6;-3;-3;3;150;10000;0;7;4;1;7;7;7;6;6;1;1;8;3;5;6;6;8;3;3;4;2;2;2;2;4;5;5;4
"1-5-0 (2020-11-16)";"doi.org/10.14281/18241.1";2018;410;"KOR";732;"ROK";410070729;20180108;201712;201801;-5.0;-5.0;-5;1;410011;410001;8;5;1;1;729;2390;"ko";2;1;1.0;0.8032128514056225;41453.815261044176;1;2;2;2;2;2;2;1;2;1;1;2;1;1;2;2;2;1;2;1;2;1;2;1;1;2;2;3;2;3;3;2;3;3;2;1;3;3;5;2;2;1;2;2;2;3;2;3;2;2;7;7;8;4;4;4;4;4;1;2;1;3;2;3;3;3;1;2;2;2;2;2;2;2;2;3;2;2;2;2;1;1;2;2;2;2;1;2;2;2;1;1;2;7;2;1;2;1;1;1;0;0;0;0;0;0;1;0;0;10;2;9;2;3;2;4;1;3;2;2;2;2;2;10;4;2;2;0;0;0;2;0;0;2;2;3;3;3;3;4;4;3;1;2;2;2;3;2;2;2;2;4;1;2;1;2;1;1;3;1;2;9;9;5;4;2;10;9;1;1;1;1;3;3;3;4;2;1;2;7;2;1;1;1;1;1;2;2;5;3;1;5;1;2;1;1;2;1;3;3;3;4;2;1;3;1;3;2;5;2;5;2;1;2;1;2;1;2;2;2;2;2;2;2;1;1;410001;410001;410001;1;4;2;3;2;1;4;4;1;2;1;2;3;4;2;3;9;8;4;10;8;1;10;4;3;9;10;5;5;3;2;1;1;1;3;4;1;1953;64;5;3;1;1;1;410;410;410;1;4;1;2390;1;2;3;2;3;2;1;1;1;1;1;5;8;-5;9;2;1;2;3;5;2;7;70000000;410004;1;1;2;0.35944444444444446;0.5538888888888889;0.420462962962963;0.34092592592592597;1.0;0.33;0.33;0.5533333333333333;0.33;1.0;0.3333333333333333;0.5544444444444444;0.0;0.0;0.0;0.0;0.33;0.33;0.33;0.33;1.0;1.0;1.0;1.0;0.5;0.33;0.66;0.49666666666666676;0.0;0.1111111111111111;0.4444444444444444;0.1851851851851852;0.0;0.0;0.0;0.0;1.0;1.0;1.0;1.0;1.0;1.0;1.0;1.0;1.0;1.0;1.0;1.0;0;0;0;0;1;7;6;7;7;4;4;3;2;6;6;8;6;5;9;7;5;2;2;3;300;50000;0;8;5;1;7;6;6;8;5;1;1;2;1;5;10;2;2;1;1;2;1;3;1;2;5;10;2;4
"1-5-0 (2020-11-16)";"doi.org/10.14281/18241.1";2018;410;"KOR";732;"ROK";410070730;20180108;201712;201801;12.34;12.54;20;1;410041;410007;8;5;2;1;730;2390;"ko";2;1;1.0;0.8032128514056225;41453.815261044176;1;1;2;2;2;3;1;2;2;1;1;2;1;1;2;2;2;1;1;1;2;1;2;2;2;2;1;2;3;3;2;2;1;1;2;1;2;1;3;2;3;2;2;2;1;2;1;1;2;2;7;6;7;4;4;4;4;4;1;2;1;2;2;3;4;4;3;2;2;1;2;1;2;3;2;3;2;2;2;3;2;2;3;2;2;2;3;3;2;2;2;3;2;7;2;2;1;0;0;0;0;0;0;0;0;0;0;0;0;8;7;7;8;6;1;7;3;3;3;3;3;2;2;7;3;1;0;0;0;0;0;2;0;2;2;4;4;4;4;4;4;4;1;1;2;2;2;2;2;1;2;2;1;2;1;2;1;3;1;1;2;7;7;6;7;7;6;7;2;2;2;2;3;4;7;8;3;2;2;4;1;1;1;1;1;3;1;1;5;5;1;1;1;1;1;1;1;1;3;2;2;2;2;2;1;1;2;1;3;1;2;2;3;3;3;3;3;3;3;3;3;3;3;3;1;1;-2;-2;-2;2;3;2;3;2;2;2;1;2;2;2;2;2;2;2;3;4;7;8;6;7;6;8;8;8;7;7;6;7;2;3;1;1;2;4;4;1;1972;45;4;2;1;1;1;410;410;410;1;3;1;2390;1;3;5;3;5;3;3;2;3;2;1;5;2;-5;5;3;1;1;2;5;2;0;100000020;410004;1;1;1;0.33166666666666667;0.5533333333333333;0.3322222222222222;0.33111111111111113;0.0;0.66;0.0;0.22;0.66;1.0;1.0;0.8866666666666667;0.0;0.0;0.0;0.0;0.33;0.0;0.33;0.22;0.0;1.0;1.0;0.6666666666666666;0.0;0.66;0.66;0.44;0.2222222222222222;0.0;0.4444444444444444;0.2222222222222222;0.0;0.0;0.0;0.0;1.0;1.0;1.0;1.0;1.0;1.0;1.0;1.0;1.0;1.0;1.0;1.0;0;0;0;0;1;8;8;8;7;8;7;7;8;8;7;8;6;7;7;7;7;1;4;2;450;32000;0;9;6;1;9;8;10;8;6;1;1;4;6;8;5;4;4;6;2;5;2;2;2;2;8;5;4;4
"1-5-0 (2020-11-16)";"doi.org/10.14281/18241.1";2018;410;"KOR";732;"ROK";410070731;20180108;201712;201801;13.21;13.48;27;1;410041;410007;8;5;2;1;731;2390;"ko";1;1;1.0;0.8032128514056225;41453.815261044176;1;2;2;2;1;3;1;1;1;1;2;2;2;1;2;2;2;1;2;1;2;1;2;1;2;2;2;3;3;3;3;2;4;2;2;1;4;2;3;3;2;2;3;3;1;3;1;3;2;2;7;7;6;4;4;4;4;4;1;1;1;2;2;2;2;2;1;2;2;2;3;2;2;2;3;3;2;2;2;2;2;2;2;2;2;2;2;2;2;2;2;2;2;7;3;1;2;2;1;1;0;0;0;0;0;0;0;0;0;7;7;4;3;4;1;5;2;2;2;2;2;2;2;6;2;1;0;1;1;1;1;1;1;2;2;4;3;3;4;4;3;3;2;2;2;2;2;2;2;2;3;3;1;1;1;1;2;1;3;1;2;6;6;5;6;4;6;7;1;1;1;1;2;3;1;3;1;1;1;5;4;2;2;1;1;1;1;1;2;2;1;1;1;1;1;2;1;2;1;3;3;3;3;3;5;1;5;1;2;2;3;3;3;3;2;3;3;3;3;3;3;3;3;3;1;1;410002;410002;410002;1;4;4;4;4;1;4;4;1;1;2;2;2;3;2;3;5;7;4;6;4;3;5;7;5;5;7;6;6;2;2;2;2;1;2;2;2;1965;52;4;3;1;1;1;410;410;410;1;3;1;2390;1;1;3;2;6;3;1;1;2;1;1;1;5;3;3;2;2;2;3;5;2;2;20000000;410004;1;1;2;0.3591666666666667;0.38666666666666666;0.3484259259259259;0.3635185185185186;1.0;0.33;0.33;0.5533333333333333;0.66;0.0;0.0;0.22;1.0;0.0;0.0;0.3333333333333333;0.33;0.33;0.33;0.33;1.0;0.0;1.0;0.6666666666666666;0.75;0.66;0.66;0.6900000000000001;0.0;0.0;0.1111111111111111;0.037037037037037035;0.0;0.0;0.0;0.0;1.0;1.0;1.0;1.0;1.0;1.0;1.0;1.0;1.0;1.0;1.0;1.0;0;0;0;0;1;7;6;5;7;6;5;5;5;6;6;6;7;5;5;6;6;2;5;2;500;30000;1000;7;4;1;6;7;7;7;6;1;1;5;3;8;5;5;3;4;2;1;2;2;2;2;7;3;5;4
"1-5-0 (2020-11-16)";"doi.org/10.14281/18241.1";2018;410;"KOR";732;"ROK";410070732;20180108;201712;201801;13.39;14.4;61;1;410041;410007;8;5;2;1;732;2390;"ko";2;1;1.0;0.8032128514056225;41453.815261044176;1;2;2;3;3;2;2;1;2;2;1;2;1;1;1;2;2;1;2;1;2;1;1;2;2;2;1;2;2;3;2;2;1;1;2;1;2;1;3;3;3;2;2;3;2;2;1;1;2;2;7;8;7;4;4;4;4;4;1;2;1;3;3;4;4;4;2;2;1;1;2;2;2;3;3;3;2;2;2;2;2;2;2;3;3;3;2;3;2;3;2;2;3;8;1;1;1;0;0;0;0;0;0;0;0;0;0;0;0;10;7;4;5;3;1;8;3;3;3;3;3;2;2;7;3;1;1;0;1;0;0;2;0;3;2;4;4;4;4;4;4;4;1;1;2;1;1;2;2;2;2;2;2;1;2;1;3;1;3;1;2;7;8;6;7;8;7;7;1;1;1;1;2;2;2;3;2;1;2;5;1;1;1;1;1;3;1;1;5;3;1;1;1;1;1;1;1;1;1;2;2;2;3;3;2;1;2;1;3;1;5;2;3;3;3;3;3;3;3;3;3;3;3;3;2;2;410002;410002;410002;2;3;2;3;2;2;3;3;2;2;2;2;3;2;2;3;7;9;6;7;9;7;8;9;8;8;8;8;8;2;2;1;1;2;3;3;2;1979;38;3;2;1;1;1;410;410;410;1;3;1;2390;1;1;6;3;6;3;3;2;3;2;5;1;-3;3;3;-3;2;1;3;4;2;2;20000000;410004;2;1;1;0.23472222222222222;0.30444444444444446;0.45055555555555554;0.2761111111111111;0.0;0.33;0.0;0.11;0.33;1.0;0.16666666666666666;0.49888888888888894;0.0;0.0;0.0;0.0;0.33;0.33;0.33;0.33;1.0;1.0;1.0;1.0;0.0;0.33;0.66;0.33;0.2222222222222222;0.0;0.4444444444444444;0.2222222222222222;0.0;0.5;0.25;0.25;1.0;1.0;1.0;1.0;1.0;1.0;1.0;1.0;1.0;1.0;1.0;1.0;1;0;0;0;1;7;9;7;7;7;6;8;7;7;8;8;6;7;4;5;7;-3;-3;3;300;25000;700;-3;5;2;-3;-3;-3;7;5;1;1;4;5;8;6;4;5;5;2;1;2;2;2;2;8;6;5;4
"1-5-0 (2020-11-16)";"doi.org/10.14281/18241.1";2018;410;"KOR";732;"ROK";410070733;20180108;201712;201801;14.03;14.35;32;1;410011;410001;8;5;1;1;733;2390;"ko";2;1;1.0;0.8032128514056225;41453.815261044176;1;2;2;3;1;3;1;2;2;1;1;1;2;1;2;2;2;1;2;1;1;1;2;1;2;2;2;2;3;4;4;3;4;2;2;1;4;2;3;3;3;2;2;3;3;3;1;2;2;2;9;7;7;4;4;4;4;4;1;2;1;3;2;4;3;4;3;2;3;2;3;2;2;3;4;3;3;3;2;3;3;2;2;2;2;2;2;3;2;3;3;2;2;9;3;1;2;0;0;0;0;0;0;0;0;0;0;0;0;7;7;4;4;5;2;8;4;4;3;3;2;3;0;4;3;0;2;2;1;2;2;2;2;3;3;3;3;3;3;3;3;3;1;2;2;2;2;2;2;2;2;3;1;2;1;3;1;3;4;3;2;8;6;5;4;4;8;4;2;2;2;2;3;3;7;7;3;1;1;4;2;2;1;2;2;5;5;5;6;5;3;7;1;3;1;1;4;2;4;2;4;4;3;2;2;1;3;1;2;1;2;1;1;1;2;2;1;1;2;2;2;2;2;2;2;2;-2;-2;-2;2;4;2;4;3;3;3;3;1;3;1;1;3;4;2;4;4;6;4;10;6;2;8;6;1;6;9;7;7;2;2;2;2;1;2;2;2;1992;25;2;1;1;1;1;410;410;410;1;4;2;2390;6;0;6;3;-3;-3;5;3;6;3;1;-3;4;-3;3;2;2;1;3;6;2;0;100000020;410004;4;2;1;0.6508333333333334;0.6366666666666667;0.6541203703703703;0.6424074074074074;0.5;0.33;0.33;0.3866666666666667;0.66;1.0;1.0;0.8866666666666667;1.0;1.0;1.0;1.0;0.33;0.33;0.33;0.33;0.0;1.0;1.0;0.6666666666666666;0.75;0.66;1.0;0.8033333333333333;0.4444444444444444;0.4444444444444444;0.5555555555555556;0.48148148148148145;0.33;1.0;0.665;0.665;1.0;1.0;1.0;1.0;1.0;1.0;1.0;1.0;1.0;1.0;1.0;1.0;1;0;1;1;1;8;6;5;7;6;5;5;4;7;6;6;8;4;7;8;5;2;2;3;870;85000;0;8;6;1;8;7;8;8;5;1;2;3;3;5;3;4;4;3;2;7;2;1;2;2;6;3;4;-3
"1-5-0 (2020-11-16)";"doi.org/10.14281/18241.1";2018;410;"KOR";732;"ROK";410070734;20180108;201712;201801;14.05;14.43;38;1;410041;410007;8;5;2;1;734;2390;"ko";2;1;1.0;0.8032128514056225;41453.815261044176;1;1;1;2;1;2;1;2;1;1;1;2;2;1;2;2;2;1;2;1;1;1;2;1;2;2;2;2;3;3;3;1;1;1;2;1;4;2;3;3;4;2;4;4;3;3;2;2;2;1;7;4;4;4;4;4;4;4;3;1;1;2;1;4;2;3;2;2;2;1;1;2;2;1;1;2;1;3;3;2;2;2;2;2;2;2;2;2;2;2;2;2;2;7;3;1;2;0;0;0;0;0;0;0;0;0;0;0;0;9;7;8;9;8;2;5;1;2;1;2;3;2;4;8;4;2;0;1;2;1;2;1;0;3;2;4;4;4;4;4;4;4;1;2;2;2;4;2;2;4;4;4;1;1;2;3;1;4;1;2;3;7;6;2;3;7;9;2;2;2;2;2;3;4;7;8;3;1;2;2;3;2;1;2;1;3;2;9;8;9;5;3;2;2;3;2;2;7;7;4;4;4;3;3;5;2;5;1;2;1;1;2;2;2;2;2;2;2;2;2;2;2;2;2;3;3;-2;-2;-2;2;4;2;4;1;1;4;4;2;3;2;2;4;4;2;4;2;3;2;8;9;2;9;2;3;8;9;9;7;2;2;1;1;2;2;4;2;1988;29;2;1;1;1;1;410;410;410;1;4;2;2390;6;0;3;2;-3;-3;3;2;6;3;1;-3;3;-3;3;2;2;1;2;7;2;0;100000020;410004;4;2;1;0.54;0.5816666666666668;0.6415740740740741;0.5348148148148149;0.5;0.33;0.33;0.3866666666666667;0.33;1.0;1.0;0.7766666666666667;1.0;1.0;0.0;0.6666666666666666;0.33;0.33;0.33;0.33;0.0;1.0;1.0;0.6666666666666666;0.0;0.66;0.66;0.44;0.2222222222222222;0.8888888888888888;0.7777777777777778;0.6296296296296297;0.66;1.0;0.8300000000000001;0.8300000000000001;1.0;1.0;1.0;1.0;1.0;1.0;1.0;1.0;1.0;1.0;1.0;1.0;1;1;0;1;1;7;3;3;5;2;3;4;4;7;4;2;5;3;4;3;7;1;3;2;500;48000;0;5;5;1;6;6;4;7;3;1;1;3;5;8;3;2;5;5;3;1;3;3;2;3;8;3;2;-3
"1-5-0 (2020-11-16)";"doi.org/10.14281/18241.1";2018;410;"KOR";732;"ROK";410070735;20180108;201712;201801;14.14;14.36;22;1;410041;410007;8;5;2;1;735;2390;"ko";2;1;1.0;0.8032128514056225;41453.815261044176;1;2;2;2;1;3;1;1;1;1;2;1;2;2;2;2;2;1;2;1;2;2;2;2;2;2;1;3;3;3;2;2;3;3;2;1;3;3;4;3;2;2;3;3;2;3;1;3;2;2;7;6;6;4;4;4;4;4;1;1;1;2;2;2;2;2;4;2;2;2;2;2;2;2;2;2;2;2;2;2;2;2;2;2;2;2;2;2;2;2;2;2;2;6;3;1;2;0;1;0;0;0;0;0;0;0;0;0;0;7;7;4;3;4;1;5;2;2;2;2;2;2;3;5;2;1;2;0;0;0;1;0;0;2;2;3;2;3;4;4;2;3;2;2;2;2;2;2;2;2;3;3;1;1;1;1;3;3;1;1;2;7;7;5;5;4;6;3;2;2;2;2;4;4;7;8;3;2;2;6;3;2;2;1;1;1;1;2;3;2;1;1;1;1;1;2;2;3;1;3;3;3;3;3;5;1;4;1;1;1;2;2;3;3;2;3;2;3;3;3;3;3;3;3;1;1;410008;410008;410008;1;4;4;4;4;1;4;4;4;4;1;2;3;4;2;4;5;6;3;7;6;2;5;7;4;5;6;6;6;2;2;2;2;1;2;2;1;1966;51;4;3;1;1;1;410;410;410;1;2;1;2390;1;1;5;3;5;3;1;1;1;1;1;5;3;-5;9;2;1;2;3;5;2;0;100000020;410004;2;1;1;0.49833333333333335;0.665;0.40861111111111115;0.3588888888888889;1.0;0.33;0.0;0.44333333333333336;0.66;1.0;1.0;0.8866666666666667;1.0;0.0;0.0;0.3333333333333333;0.33;0.33;0.33;0.33;1.0;0.0;1.0;0.6666666666666666;0.5;0.66;0.66;0.6066666666666668;0.0;0.1111111111111111;0.2222222222222222;0.1111111111111111;0.0;0.5;0.25;0.25;1.0;1.0;1.0;1.0;1.0;1.0;1.0;1.0;1.0;1.0;1.0;1.0;1;0;0;0;1;6;7;6;7;6;6;6;6;6;6;6;6;5;7;6;6;1;5;3;250;15000;0;6;5;2;6;6;6;7;6;1;1;5;4;5;5;7;4;4;3;3;2;2;2;2;4;3;7;4
"1-5-0 (2020-11-16)";"doi.org/10.14281/18241.1";2018;410;"KOR";732;"ROK";410070736;20180108;201712;201801;14.24;14.5;26;1;410041;410007;8;5;2;1;736;2390;"ko";3;1;1.0;0.8032128514056225;41453.815261044176;2;2;2;2;2;4;2;1;1;1;2;1;1;2;2;2;2;1;1;1;1;1;2;1;2;2;2;2;3;3;2;2;1;1;1;1;3;3;5;3;2;2;2;2;2;1;1;2;2;2;8;8;7;4;4;4;4;4;1;2;1;2;2;3;3;4;3;2;2;2;3;3;3;2;3;4;3;2;2;2;2;2;3;2;2;2;1;1;2;1;2;1;1;6;2;1;2;0;0;0;0;0;0;0;0;0;0;0;0;7;6;6;5;8;2;7;2;2;2;2;2;2;3;8;3;2;0;1;1;0;1;1;1;2;2;3;2;2;4;4;3;2;1;2;2;2;2;2;2;1;3;4;1;2;1;1;3;2;3;2;3;6;6;6;5;5;6;3;2;2;2;2;4;4;7;8;3;2;2;5;2;2;1;1;1;5;3;3;6;6;4;5;1;3;2;3;1;3;3;4;4;4;2;2;4;1;5;1;5;1;4;4;2;2;2;2;2;2;2;2;2;2;2;2;1;1;-2;-2;-2;2;3;2;2;2;2;2;3;2;2;2;1;2;4;2;4;4;6;5;5;5;5;5;5;4;4;4;3;4;2;2;2;2;2;3;3;1;1973;44;3;2;1;1;1;410;410;410;1;3;2;2390;6;0;6;3;-3;-3;2;1;2;1;1;-3;3;-3;4;2;2;1;3;6;2;0;100000020;410004;4;2;1;0.5675;0.6933333333333334;0.5235185185185185;0.4237037037037037;0.5;0.33;0.33;0.3866666666666667;1.0;1.0;1.0;1.0;1.0;0.0;0.0;0.3333333333333333;0.33;0.66;0.66;0.55;1.0;0.0;1.0;0.6666666666666666;0.0;0.66;0.66;0.44;0.4444444444444444;0.2222222222222222;0.5555555555555556;0.40740740740740744;0.66;0.5;0.5800000000000001;0.5800000000000001;1.0;1.0;1.0;1.0;1.0;1.0;1.0;1.0;1.0;1.0;1.0;1.0;1;1;0;1;1;7;4;6;5;3;3;2;3;3;5;4;8;3;6;5;6;1;4;2;250;45000;0;9;5;1;10;9;9;7;6;1;2;4;5;5;1;2;2;3;2;1;2;2;1;3;7;1;3;-3
"1-5-0 (2020-11-16)";"doi.org/10.14281/18241.1";2018;410;"KOR";732;"ROK";410070737;20180108;201712;201801;14.28;15.09;41;1;410011;410001;8;5;1;1;737;2390;"ko";2;1;1.0;0.8032128514056225;41453.815261044176;1;2;3;3;1;3;1;2;1;1;2;2;1;1;2;2;2;1;2;1;2;1;2;1;2;2;3;2;2;3;1;3;2;1;1;1;4;2;5;4;2;1;2;1;2;3;1;3;2;2;6;6;3;4;4;4;4;4;3;1;1;3;2;4;2;2;3;3;3;3;3;2;2;2;3;3;3;2;3;3;3;3;3;3;3;3;3;3;3;3;3;2;2;6;3;1;2;0;0;0;0;0;0;0;0;0;0;0;0;6;7;3;3;3;1;8;2;1;2;2;1;2;2;7;3;2;1;2;0;0;1;2;1;2;2;4;3;4;4;4;4;4;2;2;2;1;2;2;2;3;3;3;1;1;1;1;2;3;1;1;2;9;10;3;3;1;10;5;2;2;2;2;4;4;7;8;3;2;2;3;2;1;1;2;3;1;1;5;2;5;2;5;1;1;1;2;2;2;5;4;4;4;3;2;2;1;2;1;1;1;1;1;2;2;1;2;2;2;2;2;2;2;2;2;2;2;410002;410002;410002;1;4;3;3;2;2;2;4;2;2;2;1;3;4;1;4;2;9;5;9;8;2;9;3;2;9;9;6;8;2;2;2;2;2;2;2;1;1964;53;4;3;1;1;1;410;410;410;1;4;1;2390;1;2;6;3;3;2;2;1;2;1;1;1;1;3;6;2;2;2;3;5;2;0;100000020;410004;1;1;1;0.6641666666666667;0.7750000000000001;0.23296296296296298;0.2992592592592593;1.0;0.33;0.66;0.6633333333333334;0.66;1.0;1.0;0.8866666666666667;0.0;1.0;1.0;0.6666666666666666;0.66;0.33;0.33;0.44;0.0;0.0;1.0;0.3333333333333333;0.25;0.33;0.66;0.41333333333333333;0.0;0.4444444444444444;0.1111111111111111;0.1851851851851852;0.0;0.0;0.0;0.0;1.0;1.0;1.0;1.0;1.0;1.0;1.0;1.0;1.0;1.0;1.0;1.0;0;0;0;0;1;6;4;4;5;5;6;5;4;6;3;3;6;3;4;6;3;1;5;3;600;50000;10000;5;5;1;8;9;6;8;2;1;4;8;6;9;5;6;6;5;2;1;2;3;1;3;9;5;7;4
"1-5-0 (2020-11-16)";"doi.org/10.14281/18241.1";2018;410;"KOR";732;"ROK";410070738;20180108;201712;201801;14.47;15.21;34;1;410041;410007;8;5;2;1;738;2390;"ko";2;1;1.0;0.8032128514056225;41453.815261044176;1;2;2;3;3;3;2;1;2;1;1;2;1;1;2;2;2;1;2;1;2;1;2;2;2;2;1;2;2;3;2;2;2;1;2;1;3;3;2;3;2;1;3;2;2;1;1;1;2;2;7;8;8;4;4;4;4;4;1;2;1;2;2;4;4;4;3;2;2;2;1;2;1;3;2;3;2;2;2;3;2;2;3;2;2;2;3;2;1;3;2;2;2;7;1;1;2;0;0;0;0;0;0;0;0;0;0;0;0;10;8;4;5;5;2;8;3;3;2;2;2;2;2;6;3;2;0;0;0;0;0;2;0;3;2;4;4;4;4;4;4;4;1;1;2;2;2;2;2;1;1;2;1;1;2;2;1;3;1;1;2;8;7;6;8;7;7;6;1;1;1;1;3;3;7;7;2;2;2;7;1;1;1;1;1;4;1;1;4;1;1;1;1;1;1;1;1;1;1;2;2;2;3;3;2;1;2;1;3;1;3;2;3;3;3;3;3;3;3;3;3;3;3;3;1;2;410002;410002;410002;2;1;2;2;2;1;1;2;1;2;2;2;1;2;2;3;8;7;5;6;8;7;7;8;8;7;6;7;8;3;2;1;1;2;3;4;2;1977;40;3;2;1;1;1;410;410;410;1;4;1;2390;1;2;5;3;6;3;3;2;3;2;5;3;-3;4;4;-3;2;1;3;5;2;2;20000000;410004;1;1;2;0.3041666666666667;0.49833333333333335;0.40888888888888886;0.31777777777777777;0.0;0.33;0.0;0.11;0.66;1.0;1.0;0.8866666666666667;0.0;0.0;0.0;0.0;0.33;0.33;0.0;0.22;1.0;1.0;1.0;1.0;0.25;0.33;0.66;0.41333333333333333;0.3333333333333333;0.0;0.3333333333333333;0.2222222222222222;0.0;0.0;0.0;0.0;1.0;1.0;1.0;1.0;1.0;1.0;1.0;1.0;1.0;1.0;1.0;1.0;0;0;0;0;1;7;9;8;7;7;8;8;7;7;8;8;7;7;8;5;8;-3;-3;2;350;28000;0;-3;5;2;-3;-3;-3;8;5;1;1;4;5;8;6;4;5;5;3;1;2;2;2;2;8;6;5;4
"1-5-0 (2020-11-16)";"doi.org/10.14281/18241.1";2018;410;"KOR";732;"ROK";410070739;20180108;201712;201801;14.47;15.14;27;1;410047;410013;6;3;4;1;739;2390;"ko";2;1;1.0;0.8032128514056225;41453.815261044176;1;1;1;2;3;2;1;1;1;1;2;2;1;2;2;2;2;1;2;1;2;1;2;1;2;2;2;2;3;3;3;3;2;1;2;1;3;3;3;2;2;1;1;1;2;3;1;3;2;2;7;7;6;4;4;4;4;4;1;1;1;1;1;2;1;2;2;2;2;2;2;3;3;3;3;3;3;2;2;3;2;2;2;3;2;2;2;2;2;2;2;2;2;6;3;3;1;1;0;0;0;0;0;0;0;0;0;0;0;7;8;7;3;7;2;7;2;2;2;2;2;1;2;7;3;2;2;1;2;1;2;2;1;2;2;4;4;4;4;4;4;4;1;1;2;2;2;2;2;2;2;2;1;2;1;3;2;2;3;1;4;7;7;7;7;4;7;7;1;1;1;1;2;2;4;5;1;1;1;6;2;2;1;1;1;1;1;1;4;2;1;1;1;1;1;1;1;1;1;3;3;3;2;2;5;1;5;1;5;2;5;2;3;3;3;3;3;3;3;3;3;3;3;3;1;1;410001;410001;410001;2;2;2;2;2;2;3;2;2;2;1;2;2;2;2;1;8;7;7;8;7;5;6;7;6;6;6;6;6;2;2;1;1;1;4;4;2;1956;61;5;3;1;1;1;410;410;410;1;5;1;2390;1;2;2;1;3;2;0;1;0;1;1;3;8;10;10;2;2;2;3;5;2;7;70000000;410004;2;2;1;0.42833333333333334;0.41500000000000004;0.5327777777777778;0.3172222222222222;1.0;0.33;0.33;0.5533333333333333;0.33;0.0;0.5;0.27666666666666667;1.0;0.0;0.0;0.3333333333333333;0.33;0.66;0.66;0.55;1.0;0.0;1.0;0.6666666666666666;0.25;0.66;0.66;0.5233333333333333;0.0;0.0;0.3333333333333333;0.1111111111111111;0.66;1.0;0.8300000000000001;0.8300000000000001;1.0;1.0;1.0;1.0;1.0;1.0;1.0;1.0;1.0;1.0;1.0;1.0;1;1;0;0;0;5;6;7;4;6;6;5;5;6;6;7;7;7;7;4;6;2;2;3;600;2500;7000;10;5;1;10;10;9;8;3;1;1;3;3;2;8;2;2;3;2;2;4;4;4;4;3;7;2;4
"1-5-0 (2020-11-16)";"doi.org/10.14281/18241.1";2018;410;"KOR";732;"ROK";410070740;20180108;201712;201801;14.51;15.11;20;1;410011;410001;8;5;1;1;740;2390;"ko";2;1;1.0;0.8032128514056225;41453.815261044176;1;2;2;3;3;2;1;2;2;2;1;1;2;2;1;2;1;1;2;1;2;1;2;1;2;2;2;3;2;3;2;2;3;3;2;1;4;2;4;2;2;3;2;3;2;2;1;3;2;2;7;7;5;4;4;4;4;4;1;2;1;2;2;3;3;3;2;2;3;3;3;3;4;3;3;4;2;2;3;3;3;2;2;3;2;2;2;2;2;2;1;1;2;7;3;1;2;2;0;0;0;0;0;0;0;0;0;0;0;7;5;4;5;6;1;7;2;3;3;4;4;1;2;8;3;2;2;0;0;0;1;1;2;3;2;4;4;4;4;4;4;4;1;1;2;2;2;2;2;2;1;2;2;2;1;2;3;3;2;1;3;8;7;7;8;7;7;9;1;1;1;1;2;2;1;3;1;1;1;3;3;4;2;2;1;2;1;1;5;3;1;1;1;2;2;2;2;1;1;2;2;2;2;2;5;1;5;2;5;3;5;3;3;3;3;3;3;3;3;3;3;3;3;3;1;1;410001;410001;410001;2;3;2;3;3;2;2;3;2;2;2;3;2;3;3;2;8;8;7;8;7;7;8;7;8;7;8;8;8;2;2;2;2;2;3;3;2;1954;63;5;3;1;1;1;410;410;410;1;2;1;2390;1;0;2;1;2;1;1;1;1;1;2;3;5;6;8;2;2;2;3;4;2;2;20000000;410004;3;2;-2;0.4983333333333334;0.33166666666666667;0.3575462962962963;0.34092592592592597;1.0;0.33;0.33;0.5533333333333333;0.33;0.0;0.0;0.11;1.0;1.0;0.0;0.6666666666666666;0.33;0.66;1.0;0.6633333333333334;0.0;1.0;0.0;0.3333333333333333;0.5;0.33;0.66;0.49666666666666676;0.1111111111111111;0.0;0.4444444444444444;0.1851851851851852;0.33;0.5;0.41500000000000004;0.41500000000000004;1.0;1.0;1.0;1.0;1.0;1.0;1.0;1.0;1.0;1.0;1.0;1.0;1;0;1;0;1;6;7;7;6;7;5;3;2;4;7;6;7;7;8;6;7;2;3;3;380;45000;2000;8;4;1;7;7;4;8;6;1;1;6;4;4;7;5;6;4;2;2;2;3;1;3;4;7;5;4
"1-5-0 (2020-11-16)";"doi.org/10.14281/18241.1";2018;410;"KOR";732;"ROK";410070741;20180108;201712;201801;15.05;15.58;53;1;410041;410007;8;5;2;1;741;2390;"ko";2;1;1.0;0.8032128514056225;41453.815261044176;1;2;3;3;2;4;1;2;1;1;2;1;1;2;2;2;2;1;2;1;2;1;2;1;2;2;2;2;3;3;3;2;3;3;2;1;3;3;4;2;2;2;2;2;3;3;2;2;2;2;8;7;6;4;4;4;4;4;3;2;1;2;2;3;3;3;3;3;3;2;2;2;2;3;3;3;3;2;2;3;2;2;2;2;2;2;2;3;2;2;2;2;2;8;3;2;2;0;0;0;0;0;0;0;0;0;0;0;0;6;7;4;4;5;1;7;3;3;3;3;2;2;4;4;2;1;2;2;1;2;2;2;2;3;3;3;2;3;3;3;2;3;1;2;2;3;3;2;2;2;2;2;2;2;1;2;1;3;2;1;2;7;7;8;7;7;7;3;2;2;2;2;3;3;7;7;3;1;1;3;1;2;1;1;2;2;3;4;5;3;2;5;2;2;1;1;3;2;5;3;4;4;3;2;2;1;1;1;5;2;5;2;2;2;2;2;2;2;2;2;2;2;2;2;1;1;410002;410002;410002;2;3;3;3;2;2;3;3;2;2;1;2;3;4;1;3;5;7;2;9;7;1;10;7;1;7;9;7;7;2;2;1;1;1;2;2;1;1952;65;6;3;1;1;1;410;410;410;1;2;1;2390;1;3;2;1;2;1;1;1;1;1;3;5;7;-5;9;2;1;2;4;4;2;0;100000020;410004;2;2;0;0.6233333333333333;0.6933333333333334;0.3503240740740741;0.45148148148148154;0.5;0.33;0.33;0.3866666666666667;1.0;1.0;1.0;1.0;1.0;0.0;1.0;0.6666666666666666;0.66;0.33;0.33;0.44;0.0;0.0;1.0;0.3333333333333333;0.5;0.66;0.66;0.6066666666666668;0.1111111111111111;0.3333333333333333;0.4444444444444444;0.2962962962962963;0.33;0.0;0.165;0.165;1.0;1.0;1.0;1.0;1.0;1.0;1.0;1.0;1.0;1.0;1.0;1.0;0;0;1;0;1;8;6;6;6;5;4;6;6;5;6;5;7;3;5;8;5;4;1;4;280;35000;0;8;4;2;6;6;9;8;5;1;2;4;4;6;2;2;2;3;2;1;3;2;2;2;7;3;3;4
"1-5-0 (2020-11-16)";"doi.org/10.14281/18241.1";2018;410;"KOR";732;"ROK";410070742;20180108;201712;201801;15.09;15.3;21;1;410011;410001;8;5;1;1;742;2390;"ko";2;1;1.0;0.8032128514056225;41453.815261044176;1;2;3;3;2;4;1;1;1;1;2;2;1;2;2;2;2;1;2;1;2;1;2;1;2;2;2;3;3;3;3;2;4;2;2;1;3;3;3;2;2;2;4;3;2;1;1;3;2;2;6;6;6;4;4;4;4;4;1;1;1;2;2;3;2;2;4;2;2;2;3;2;2;2;2;3;2;2;2;2;2;2;2;2;2;2;2;2;2;2;2;2;2;6;1;1;2;0;1;0;0;0;0;0;0;0;0;0;0;7;7;4;4;4;1;5;2;2;2;2;2;2;2;6;3;1;0;0;1;1;0;0;0;2;2;3;2;2;4;4;3;3;2;2;2;2;2;2;2;2;3;3;1;1;1;1;4;3;1;1;2;6;6;5;5;5;6;2;2;2;2;2;4;4;7;8;3;2;2;5;3;2;2;1;1;1;1;3;3;2;1;1;1;1;1;1;1;1;1;3;3;3;3;2;5;1;5;1;2;2;3;3;2;3;2;3;3;3;3;3;3;3;3;3;1;1;410002;410002;410002;1;4;4;4;4;1;4;4;1;1;2;2;3;4;2;4;6;4;2;7;7;2;6;6;5;5;5;5;5;2;2;2;2;1;2;2;2;1959;58;5;3;1;1;1;410;410;410;1;2;1;2390;1;1;3;2;6;3;1;1;1;1;1;4;5;-5;9;2;1;2;3;5;2;0;100000020;410004;1;1;1;0.5541666666666666;0.7766666666666666;0.3762037037037037;0.4190740740740741;1.0;0.33;0.33;0.5533333333333333;1.0;1.0;1.0;1.0;1.0;0.0;0.0;0.3333333333333333;0.33;0.33;0.33;0.33;1.0;0.0;1.0;0.6666666666666666;0.75;0.66;0.66;0.6900000000000001;0.0;0.2222222222222222;0.2222222222222222;0.14814814814814814;0.0;0.0;0.0;0.0;1.0;1.0;1.0;1.0;1.0;1.0;1.0;1.0;1.0;1.0;1.0;1.0;0;0;0;0;1;6;6;5;7;6;5;5;6;6;6;6;7;5;6;6;6;2;5;2;150;12000;0;6;4;2;6;6;6;7;6;1;1;5;5;6;5;5;5;5;2;1;3;3;2;2;6;5;5;4
"1-5-0 (2020-11-16)";"doi.org/10.14281/18241.1";2018;410;"KOR";732;"ROK";410070743;20180108;201712;201801;15.24;15.44;20;1;410047;410013;7;4;3;1;743;2390;"ko";3;1;1.0;0.8032128514056225;41453.815261044176;1;1;1;3;3;1;1;1;1;2;2;1;2;2;1;2;2;1;2;1;2;1;2;1;2;2;2;2;3;3;3;4;1;1;1;1;3;3;2;2;1;1;1;1;2;3;3;2;2;3;6;6;5;4;4;4;3;4;1;1;2;2;2;2;2;2;1;2;2;2;3;2;3;3;3;3;3;2;3;2;2;2;3;2;2;2;2;2;2;2;2;2;2;5;3;3;1;2;0;0;0;0;0;0;0;0;0;0;0;5;7;4;4;6;1;7;2;2;2;1;2;1;3;7;2;2;2;2;2;1;1;1;1;3;2;4;2;4;4;4;3;4;1;2;2;2;2;2;2;2;2;2;2;2;1;3;4;3;2;1;2;7;6;5;4;6;5;8;1;1;1;1;2;2;1;2;1;1;1;4;2;1;1;1;1;1;1;1;6;2;1;1;1;1;1;1;1;1;1;3;3;3;3;3;5;1;5;1;5;5;5;5;3;3;3;3;3;3;3;3;3;3;3;3;1;1;410001;410001;410001;2;2;2;1;2;2;1;2;2;2;2;2;1;2;1;2;5;4;5;8;7;6;7;6;4;6;6;6;6;2;2;1;1;1;3;3;1;1970;47;4;2;1;1;1;410;410;410;1;4;2;2390;3;1;2;1;-3;-3;1;1;1;1;7;-3;-3;-5;10;-3;2;2;5;3;1;2;20000000;410004;3;2;0;0.20666666666666667;0.19333333333333336;0.489212962962963;0.3125925925925926;0.5;0.33;0.33;0.3866666666666667;0.0;0.0;0.0;0.0;0.0;0.0;0.0;0.0;0.33;0.33;0.66;0.44;1.0;0.0;1.0;0.6666666666666666;0.0;0.66;0.66;0.44;0.0;0.0;0.5555555555555556;0.1851851851851852;0.33;1.0;0.665;0.665;1.0;1.0;1.0;1.0;1.0;1.0;1.0;1.0;1.0;1.0;1.0;1.0;1;0;1;0;1;6;6;6;7;6;5;3;3;4;4;6;7;6;5;5;6;-3;-3;5;280;500;1200;-3;2;4;-3;-3;-3;6;2;2;1;3;2;4;8;2;3;3;2;2;3;3;3;3;2;8;5;-5
"1-5-0 (2020-11-16)";"doi.org/10.14281/18241.1";2018;410;"KOR";732;"ROK";410070744;20180108;201712;201801;15.29;16.07;38;1;410011;410001;8;5;1;1;744;2390;"ko";2;1;1.0;0.8032128514056225;41453.815261044176;1;2;2;2;3;3;1;2;1;1;1;1;2;2;2;2;2;1;2;1;2;2;2;1;2;2;3;1;2;4;2;4;2;1;1;1;4;2;5;4;2;2;2;1;2;3;1;3;3;1;7;6;6;4;4;4;4;4;1;1;1;2;2;3;2;2;2;2;2;2;3;1;1;1;2;3;3;2;2;2;2;3;2;2;2;2;2;2;2;2;2;2;2;8;3;3;2;0;0;0;0;0;0;0;0;0;0;0;0;7;7;3;4;4;2;7;2;1;2;2;2;2;2;7;3;2;2;2;1;1;1;1;1;2;2;4;4;4;4;4;4;4;2;2;2;2;2;2;2;2;3;3;1;1;2;1;2;3;2;1;3;9;9;2;6;2;9;1;2;2;2;2;3;4;7;8;3;1;2;5;5;4;1;4;2;7;5;5;2;2;2;8;1;1;1;2;1;2;6;4;4;3;4;3;5;1;5;1;5;1;5;3;3;3;3;3;3;3;3;3;3;3;3;3;3;3;-2;-2;-2;2;4;3;3;2;2;2;4;1;2;1;3;4;4;1;4;4;9;2;10;9;1;10;8;5;8;9;9;9;2;2;1;1;1;2;3;2;1981;36;3;2;1;1;1;410;410;410;1;4;2;2390;1;2;5;3;6;3;1;1;2;1;5;1;-3;3;4;-3;2;2;3;3;1;0;100000020;410004;2;2;0;0.665;0.7750000000000001;0.4414351851851852;0.4670370370370371;1.0;0.33;0.66;0.6633333333333334;0.66;1.0;1.0;0.8866666666666667;1.0;1.0;1.0;1.0;0.33;0.0;0.0;0.11;0.0;1.0;1.0;0.6666666666666666;0.25;0.33;1.0;0.5266666666666667;0.6666666666666666;0.4444444444444444;0.1111111111111111;0.40740740740740744;0.33;0.0;0.165;0.165;1.0;1.0;1.0;1.0;1.0;1.0;1.0;1.0;1.0;1.0;1.0;1.0;0;0;1;0;1;6;6;6;9;7;6;3;3;5;2;2;9;3;8;6;2;-3;-3;3;250;15000;2000;-3;3;2;-3;-3;-3;8;2;1;1;5;5;9;5;5;5;5;2;1;2;3;2;2;9;5;5;4
"1-5-0 (2020-11-16)";"doi.org/10.14281/18241.1";2018;410;"KOR";732;"ROK";410070745;20180108;201712;201801;15.46;16.07;21;1;410011;410001;8;5;1;1;745;2390;"ko";2;1;1.0;0.8032128514056225;41453.815261044176;1;1;2;3;2;2;1;1;1;1;1;2;2;2;2;2;2;1;2;1;2;1;2;2;2;2;2;4;3;3;2;2;2;1;3;3;2;1;1;3;2;3;2;2;2;2;2;2;2;2;8;7;8;4;4;4;4;4;3;2;1;2;1;2;2;2;1;2;1;2;2;1;2;2;1;2;1;2;1;2;1;1;2;1;2;2;1;2;2;1;2;2;2;7;1;1;1;0;0;0;0;0;0;0;0;0;0;0;0;7;8;7;8;7;2;7;3;4;3;3;2;2;2;8;4;1;1;2;1;2;1;1;1;2;2;2;1;2;1;2;1;2;2;2;2;3;3;2;2;2;3;3;2;1;2;2;1;3;2;2;1;7;8;7;8;7;8;8;1;2;2;2;2;2;7;8;3;2;2;8;7;8;8;8;7;8;9;8;2;2;3;2;2;3;2;2;1;2;1;2;2;1;2;2;2;1;2;1;3;1;3;1;2;2;2;3;3;3;3;3;3;3;3;3;1;1;410002;410002;410002;2;1;2;1;2;2;2;1;2;2;1;2;1;2;2;2;4;7;8;6;7;7;8;7;6;7;8;7;8;2;2;2;1;1;2;2;2;1987;30;2;2;1;1;1;410;410;410;1;3;1;2390;1;1;6;3;6;3;3;2;3;2;5;1;-3;3;3;-3;2;2;3;7;2;0;100000020;410004;2;2;1;0.5958333333333334;0.5816666666666668;0.5609722222222222;0.5394444444444444;0.5;0.33;0.33;0.3866666666666667;0.33;1.0;1.0;0.7766666666666667;1.0;1.0;1.0;1.0;0.33;0.0;0.33;0.22;1.0;1.0;1.0;1.0;0.25;0.66;0.66;0.5233333333333333;0.7777777777777778;0.7777777777777778;0.1111111111111111;0.5555555555555555;0.33;0.0;0.165;0.165;1.0;1.0;1.0;1.0;1.0;1.0;1.0;1.0;1.0;1.0;1.0;1.0;0;0;1;1;0;8;7;8;7;7;7;8;7;8;7;8;8;7;8;7;8;-3;-3;2;450;30000;0;8;6;2;7;8;7;8;7;1;1;3;1;8;3;4;2;3;1;1;2;2;2;2;9;2;2;4
"1-5-0 (2020-11-16)";"doi.org/10.14281/18241.1";2018;410;"KOR";732;"ROK";410070746;20180108;201712;201801;15.47;16.21;34;1;410041;410007;8;5;2;1;746;2390;"ko";2;1;1.0;0.8032128514056225;41453.815261044176;1;2;2;2;2;2;1;1;2;1;1;1;2;2;2;2;2;1;2;1;2;1;2;2;2;2;3;3;2;2;2;2;2;1;2;1;1;1;2;2;3;3;2;2;2;1;2;3;2;2;7;7;6;4;4;4;4;4;1;2;2;2;3;3;3;3;1;2;2;2;3;3;3;2;3;4;3;3;3;3;3;3;3;3;2;2;2;2;2;2;3;3;3;5;3;2;2;2;0;0;0;0;0;0;0;0;0;0;0;8;3;7;2;2;1;6;1;2;2;2;1;2;2;6;4;2;1;2;1;2;2;2;2;3;2;3;2;3;3;3;2;3;2;2;2;2;3;2;2;3;3;3;1;1;2;3;4;2;1;2;3;6;7;6;6;7;6;7;1;1;1;1;2;3;1;1;1;1;1;6;5;1;1;1;1;1;2;1;2;5;1;5;1;5;1;2;1;1;5;2;3;3;1;1;2;1;1;1;5;5;5;2;2;2;2;2;1;1;2;2;1;2;2;2;1;1;410001;410001;410001;2;3;3;2;2;2;2;3;3;3;2;4;3;4;2;4;8;6;5;5;6;2;7;7;7;8;8;7;7;2;2;2;2;2;3;3;1;1951;66;6;3;1;1;1;410;410;410;1;2;1;2390;1;3;6;3;6;3;1;1;1;1;1;5;6;-5;9;2;1;2;3;5;2;2;20000000;410004;4;2;1;0.33083333333333337;0.3866666666666667;0.5425925925925926;0.17018518518518522;1.0;0.33;0.66;0.6633333333333334;0.33;0.0;0.0;0.11;0.0;0.0;0.0;0.0;0.33;0.66;0.66;0.55;1.0;1.0;1.0;1.0;0.25;0.33;0.33;0.3033333333333334;0.0;0.0;0.1111111111111111;0.037037037037037035;0.66;1.0;0.8300000000000001;0.8300000000000001;1.0;1.0;1.0;1.0;1.0;1.0;1.0;1.0;1.0;1.0;1.0;1.0;1;1;0;1;1;7;6;7;7;7;5;5;6;6;6;7;7;7;6;6;6;2;3;3;200;60000;2000;7;6;1;7;6;6;7;7;2;1;5;3;3;3;3;2;2;2;2;2;2;2;3;5;8;2;4
"1-5-0 (2020-11-16)";"doi.org/10.14281/18241.1";2018;410;"KOR";732;"ROK";410070747;20180108;201712;201801;15.5;16.47;57;1;410041;410007;8;5;2;1;747;2390;"ko";3;1;1.0;0.8032128514056225;41453.815261044176;1;1;1;3;2;1;2;1;2;1;2;1;1;2;1;2;2;1;1;1;2;1;2;1;1;1;2;1;2;3;2;2;2;1;1;1;2;1;5;1;1;2;1;2;3;1;2;1;2;2;7;6;5;4;4;4;4;4;3;1;1;2;2;3;3;4;1;2;3;2;3;1;2;2;2;3;2;2;2;2;2;2;3;2;2;2;2;2;1;1;2;2;2;8;2;2;1;2;1;0;0;0;0;0;0;0;0;0;0;4;6;3;3;4;1;6;2;2;2;2;2;2;1;7;2;1;1;2;2;1;2;2;2;3;2;3;3;4;4;3;4;3;2;2;2;3;3;2;2;2;3;3;1;2;2;2;1;1;3;1;4;6;7;3;7;4;6;9;1;1;1;1;2;2;2;2;1;1;1;8;5;3;1;3;3;2;1;1;1;1;1;1;1;1;1;1;1;3;1;1;2;3;3;2;4;1;4;5;5;5;5;3;2;3;2;2;2;2;2;2;3;3;3;3;1;1;410001;410001;410001;2;3;3;4;3;4;3;3;2;2;2;2;3;2;2;2;8;6;7;7;7;6;5;6;4;6;8;7;7;2;2;2;2;2;2;3;2;1957;60;5;3;1;1;1;410;410;410;1;4;1;2390;1;2;3;2;3;2;1;1;1;1;2;3;4;4;9;2;2;1;3;6;2;2;20000000;410004;0;1;0;0.3738888888888889;0.13777777777777778;0.27925925925925926;0.22518518518518518;0.0;0.33;0.33;0.22;0.0;0.0;0.16666666666666666;0.05555555555555555;1.0;1.0;1.0;1.0;0.33;0.0;0.33;0.22;1.0;0.0;1.0;0.6666666666666666;0.25;0.33;0.66;0.41333333333333333;0.1111111111111111;0.0;0.0;0.037037037037037035;0.0;0.0;0.0;0.0;1.0;1.0;1.0;1.0;1.0;1.0;1.0;1.0;1.0;1.0;1.0;1.0;0;0;0;0;0;7;5;5;6;6;6;5;6;6;8;7;6;5;6;3;5;5;2;2;500;30000;0;7;6;1;6;5;5;6;4;1;1;4;2;4;6;4;4;4;3;2;3;3;1;4;5;4;4;4
"1-5-0 (2020-11-16)";"doi.org/10.14281/18241.1";2018;410;"KOR";732;"ROK";410070748;20180108;201712;201801;15.52;16.3;38;1;410041;410007;8;5;2;1;748;2390;"ko";2;1;1.0;0.8032128514056225;41453.815261044176;2;2;2;3;2;4;2;1;2;1;1;2;1;1;2;2;2;1;2;1;2;1;2;2;2;2;1;2;2;3;3;2;1;1;2;1;3;3;2;2;3;2;1;2;3;1;1;1;2;1;7;6;7;4;4;4;4;4;1;2;1;3;2;4;4;4;2;1;2;2;1;2;2;3;3;3;2;2;2;2;2;2;2;3;3;3;2;2;3;2;2;3;2;7;2;1;2;0;0;0;0;0;0;0;0;0;0;0;0;9;7;6;5;5;1;7;3;2;2;2;2;2;3;6;3;1;0;0;0;0;0;2;0;3;2;4;4;4;4;4;4;4;1;1;2;2;2;2;2;1;2;2;1;1;2;2;1;1;3;1;2;7;8;5;7;6;7;8;2;2;2;2;3;3;7;8;3;2;2;5;1;1;1;1;1;3;1;1;4;5;1;1;1;1;1;1;1;1;1;2;2;2;2;2;2;1;2;1;3;1;3;2;3;3;3;3;3;3;3;3;3;3;3;3;1;1;410010;410010;410010;2;1;1;2;2;3;2;3;2;2;2;2;1;2;1;3;4;7;8;7;6;7;7;8;7;7;7;7;8;3;2;1;1;2;3;4;1;1984;33;2;2;1;1;1;410;410;410;1;4;2;2390;6;0;6;3;-3;-3;3;2;3;2;1;-3;4;-3;6;3;2;1;3;6;2;0;100000020;410004;1;1;2;0.3325;0.555;0.3787962962962963;0.2575925925925926;0.0;0.33;0.0;0.11;1.0;1.0;1.0;1.0;0.0;0.0;0.0;0.0;0.0;0.33;0.33;0.22;1.0;1.0;1.0;1.0;0.0;0.33;0.66;0.33;0.2222222222222222;0.0;0.3333333333333333;0.1851851851851852;0.0;0.0;0.0;0.0;1.0;1.0;1.0;1.0;1.0;1.0;1.0;1.0;1.0;1.0;1.0;1.0;0;0;0;0;1;7;8;7;8;7;8;6;7;7;7;6;6;7;5;5;7;1;4;2;400;30000;0;8;6;1;7;8;7;8;4;1;1;5;6;7;5;4;4;6;3;5;2;2;2;2;7;6;5;-3
"1-5-0 (2020-11-16)";"doi.org/10.14281/18241.1";2018;410;"KOR";732;"ROK";410070749;20180108;201712;201801;16.06;16.26;21;1;410011;410001;8;5;1;1;749;2390;"ko";2;1;1.0;0.8032128514056225;41453.815261044176;1;1;2;3;2;2;1;1;1;2;1;2;2;2;2;1;2;1;2;1;2;1;1;2;2;1;2;4;2;3;2;2;2;1;1;1;2;1;1;4;3;2;3;2;1;3;2;2;2;2;7;8;7;4;4;4;4;4;3;2;1;2;3;4;3;3;1;2;2;2;3;2;2;3;2;3;2;2;3;2;2;2;2;2;3;3;3;2;3;2;2;2;2;8;1;2;1;0;0;0;0;0;0;0;0;0;0;0;0;7;7;8;7;7;1;7;2;3;2;2;2;2;2;6;4;1;0;1;0;1;1;1;1;2;2;2;3;2;3;3;3;2;1;1;2;2;2;2;2;2;2;2;1;2;2;1;4;2;1;2;4;7;8;7;6;7;7;6;1;2;2;2;2;2;7;8;1;1;2;5;4;5;2;2;1;2;3;2;2;3;2;3;2;3;2;3;2;2;1;2;1;2;2;2;3;1;3;1;4;1;2;2;2;2;2;3;2;2;3;3;3;3;3;3;2;1;-2;-2;-2;2;3;1;2;2;3;2;2;2;2;1;2;3;2;2;2;4;7;7;6;7;7;6;7;6;7;6;7;6;2;2;1;2;1;2;2;1;1988;29;2;1;1;1;1;410;410;410;1;4;1;2390;1;2;6;3;6;3;3;2;3;2;1;5;3;-5;7;2;1;2;3;5;2;0;100000020;410004;2;2;1;0.45666666666666667;0.41500000000000004;0.4636111111111111;0.26222222222222225;0.5;0.33;0.33;0.3866666666666667;0.33;0.0;1.0;0.44333333333333336;1.0;1.0;0.0;0.6666666666666666;0.33;0.33;0.33;0.33;1.0;1.0;1.0;1.0;0.25;0.33;0.66;0.41333333333333333;0.1111111111111111;0.1111111111111111;0.1111111111111111;0.1111111111111111;0.66;0.0;0.33;0.33;1.0;1.0;1.0;1.0;1.0;1.0;1.0;1.0;1.0;1.0;1.0;1.0;0;1;0;1;0;6;6;7;6;7;7;6;7;7;7;6;7;7;8;7;7;1;4;2;350;15000;500;8;5;2;7;8;7;7;6;1;1;2;2;4;6;2;2;3;2;3;3;2;2;3;6;2;8;4
"1-5-0 (2020-11-16)";"doi.org/10.14281/18241.1";2018;410;"KOR";732;"ROK";410070750;20180108;201712;201801;16.08;16.43;36;1;410041;410007;8;5;2;1;750;2390;"ko";2;1;1.0;0.8032128514056225;41453.815261044176;1;1;2;2;1;2;1;1;1;1;2;1;2;2;2;2;2;1;2;2;2;1;2;1;2;2;2;4;3;3;2;3;3;3;1;1;3;3;3;2;2;1;4;2;1;3;1;1;2;2;7;8;7;4;4;4;4;4;2;1;2;2;2;3;3;2;3;2;4;2;2;2;3;3;4;4;3;3;2;2;1;1;2;2;2;2;2;1;2;2;2;2;2;8;3;1;2;0;0;0;0;0;0;0;0;0;0;0;0;8;9;8;8;8;2;7;1;1;3;3;2;2;2;5;4;2;2;2;1;1;1;2;0;3;2;4;4;4;4;4;3;4;2;2;2;4;4;2;2;3;3;3;1;2;1;1;2;3;1;1;2;8;7;6;8;7;7;2;2;2;2;2;3;3;7;8;3;1;1;9;3;2;2;2;1;3;2;5;5;5;3;3;2;3;2;3;3;2;8;3;3;4;2;2;1;1;5;1;1;1;5;1;2;2;2;2;2;1;2;1;1;2;2;3;2;1;410002;410002;410002;2;3;3;4;2;1;3;3;1;2;2;2;1;4;2;2;5;7;3;7;8;1;9;8;6;9;9;7;6;3;1;1;1;2;3;3;1;1960;57;5;3;1;1;1;410;410;410;1;3;1;2390;1;1;6;3;6;3;1;1;1;1;1;5;5;-5;9;2;1;1;3;5;2;0;100000020;410004;1;1;1;0.4983333333333333;0.44333333333333336;0.4109259259259259;0.4885185185185186;0.0;0.0;0.33;0.11;0.33;1.0;1.0;0.7766666666666667;1.0;1.0;0.0;0.6666666666666666;0.33;0.33;0.66;0.44;1.0;0.0;1.0;0.6666666666666666;0.5;0.66;0.66;0.6066666666666668;0.2222222222222222;0.4444444444444444;0.4444444444444444;0.3703703703703704;0.0;0.0;0.0;0.0;1.0;1.0;1.0;1.0;1.0;1.0;1.0;1.0;1.0;1.0;1.0;1.0;0;0;0;0;1;8;5;5;7;6;5;5;3;5;4;3;5;7;5;7;4;3;2;3;500;50000;0;7;5;1;7;5;8;7;7;1;1;3;3;7;3;2;5;5;2;1;4;1;1;2;7;3;2;4
"1-5-0 (2020-11-16)";"doi.org/10.14281/18241.1";2018;410;"KOR";732;"ROK";410070751;20180108;201712;201801;16.14;17.18;64;1;410041;410007;8;5;2;1;751;2390;"ko";2;1;1.0;0.8032128514056225;41453.815261044176;1;2;2;3;2;4;2;2;1;1;1;1;2;1;2;2;2;1;2;1;2;1;2;1;2;2;2;2;2;3;3;3;3;3;2;1;4;2;3;3;2;2;2;2;3;3;1;1;2;2;8;7;7;4;4;4;4;4;3;2;2;3;2;3;3;3;3;3;3;2;2;2;2;3;3;3;3;2;2;3;3;3;3;3;2;2;2;3;2;2;2;2;2;9;3;1;2;0;0;0;0;0;0;0;0;0;0;0;0;7;7;4;3;6;2;8;3;3;3;3;3;2;4;4;4;2;2;2;1;2;2;2;2;3;2;3;3;3;3;3;3;3;1;2;2;2;2;2;2;2;2;3;1;2;1;2;1;1;4;2;3;8;8;4;4;3;8;3;2;2;2;2;3;4;7;8;3;1;1;8;1;2;1;2;2;4;5;5;6;5;5;6;2;2;1;2;5;2;5;4;4;4;3;2;2;1;2;1;2;1;2;1;2;1;2;2;2;2;2;2;2;2;2;2;2;2;410002;410002;410002;2;3;3;3;3;3;4;4;1;2;1;1;2;4;1;4;3;7;3;9;7;2;9;6;1;7;9;8;7;2;3;2;2;2;2;3;1;1982;35;3;2;1;1;1;410;410;410;1;4;1;2390;1;2;3;2;3;2;3;2;3;2;1;2;4;5;6;2;1;1;3;5;2;0;100000020;410004;3;2;1;0.6925;0.665;0.44319444444444445;0.4705555555555556;0.0;0.66;0.33;0.33;1.0;1.0;1.0;1.0;1.0;1.0;1.0;1.0;0.66;0.33;0.33;0.44;0.0;1.0;1.0;0.6666666666666666;0.5;0.33;0.66;0.49666666666666676;0.3333333333333333;0.4444444444444444;0.5555555555555556;0.4444444444444444;0.33;0.0;0.165;0.165;1.0;1.0;1.0;1.0;1.0;1.0;1.0;1.0;1.0;1.0;1.0;1.0;0;0;1;1;1;7;6;6;7;7;4;5;5;4;5;4;7;4;7;6;5;2;2;3;380;28700;0;7;3;2;7;7;8;7;4;1;2;4;3;6;3;3;4;3;2;1;2;2;2;2;7;2;2;4
"1-5-0 (2020-11-16)";"doi.org/10.14281/18241.1";2018;410;"KOR";732;"ROK";410070752;20180108;201712;201801;16.22;17.06;43;1;410011;410001;8;5;1;1;752;2390;"ko";2;1;1.0;0.8032128514056225;41453.815261044176;1;2;2;2;1;3;1;1;2;1;1;2;2;1;2;2;2;1;2;1;2;2;2;2;2;2;4;2;2;3;2;3;1;1;2;1;4;2;3;3;2;2;1;1;2;3;1;3;2;1;4;8;8;4;4;4;4;4;1;1;1;2;2;2;2;2;3;3;3;3;3;2;2;3;3;3;3;2;2;3;3;3;3;2;2;2;2;2;2;2;2;2;2;5;3;1;2;0;2;0;0;0;0;0;0;0;0;0;0;8;3;8;4;4;1;8;3;4;3;3;3;2;3;7;4;2;2;1;1;0;1;1;0;1;2;4;4;4;4;4;4;4;2;2;2;3;3;2;2;3;3;3;1;2;1;1;2;1;2;1;2;8;9;2;7;3;8;8;2;2;2;2;3;3;7;8;3;2;2;5;4;3;4;5;4;6;5;5;3;3;4;5;2;1;3;3;2;3;5;2;4;3;3;2;1;1;1;1;2;1;2;1;2;2;2;2;2;2;2;2;2;2;2;2;2;2;410002;410002;410002;1;3;3;3;2;1;3;4;2;2;1;3;3;4;1;4;1;9;1;9;6;1;8;6;2;8;10;6;6;2;2;1;1;1;2;2;1;1974;43;3;2;1;1;1;410;410;410;1;4;1;2390;1;2;6;3;6;3;2;1;3;2;2;1;3;3;4;2;1;1;3;5;2;0;100000020;410004;2;2;2;0.7758333333333334;0.8316666666666668;0.4756018518518519;0.36870370370370376;1.0;0.33;1.0;0.7766666666666667;0.66;1.0;1.0;0.8866666666666667;1.0;1.0;1.0;1.0;0.66;0.33;0.33;0.44;1.0;1.0;1.0;1.0;0.0;0.33;0.66;0.33;0.5555555555555556;0.4444444444444444;0.2222222222222222;0.40740740740740744;0.33;0.0;0.165;0.165;1.0;1.0;1.0;1.0;1.0;1.0;1.0;1.0;1.0;1.0;1.0;1.0;0;0;1;0;1;9;7;7;8;5;6;6;5;6;5;5;10;5;8;8;5;1;6;2;500;35000;5000;9;5;1;10;9;9;9;6;1;4;5;1;9;2;5;5;1;2;1;2;2;2;1;9;1;5;4
"1-5-0 (2020-11-16)";"doi.org/10.14281/18241.1";2018;410;"KOR";732;"ROK";410070753;20180108;201712;201801;16.28;17.07;39;1;410041;410007;8;5;2;1;753;2390;"ko";2;1;1.0;0.8032128514056225;41453.815261044176;2;1;2;2;1;3;1;2;2;1;1;1;1;2;2;2;2;1;2;1;2;1;2;2;2;2;2;2;2;1;2;3;2;1;2;1;3;3;2;3;2;1;2;2;2;2;2;2;2;1;6;5;4;4;4;4;4;4;1;1;1;2;1;3;3;4;2;2;2;2;2;3;2;2;2;3;2;2;2;3;2;2;2;2;2;2;2;1;2;2;1;1;2;8;3;1;2;0;0;0;0;0;0;0;0;0;0;0;0;6;5;6;4;5;1;6;4;4;3;3;2;2;2;6;4;2;2;1;2;1;2;2;0;3;2;3;3;3;4;4;2;3;1;2;2;1;2;2;2;2;3;3;1;2;1;2;3;1;2;1;3;8;7;5;2;3;8;2;2;2;2;2;3;3;7;8;3;2;1;9;2;2;2;2;3;3;3;4;5;5;1;4;1;1;2;3;4;3;3;3;4;3;2;2;5;2;3;1;1;1;1;1;2;2;1;2;2;2;3;3;1;2;2;3;1;1;410008;410008;410008;2;2;1;2;2;3;2;3;2;2;1;3;2;3;2;4;2;6;2;7;6;3;8;5;3;6;8;7;6;2;1;1;1;1;2;3;1;1989;28;2;1;1;1;1;410;410;410;1;4;2;2390;6;0;6;3;-3;-3;3;2;5;3;1;-3;3;-3;3;2;2;1;3;6;2;0;100000020;410004;3;2;0;0.6508333333333333;0.5816666666666667;0.40208333333333335;0.2633333333333333;0.5;0.0;0.33;0.27666666666666667;0.66;1.0;1.0;0.8866666666666667;1.0;1.0;1.0;1.0;0.33;0.66;0.33;0.44;0.0;1.0;1.0;0.6666666666666666;0.25;0.33;0.0;0.19333333333333336;0.2222222222222222;0.3333333333333333;0.4444444444444444;0.3333333333333333;0.33;0.5;0.41500000000000004;0.41500000000000004;1.0;1.0;1.0;1.0;1.0;1.0;1.0;1.0;1.0;1.0;1.0;1.0;1;0;1;0;1;5;5;5;6;3;3;5;5;3;2;4;6;2;7;5;7;1;5;3;600;55000;0;5;6;1;5;6;6;6;2;2;3;6;3;5;5;6;6;5;2;3;3;3;2;2;6;4;6;-3
"1-5-0 (2020-11-16)";"doi.org/10.14281/18241.1";2018;410;"KOR";732;"ROK";410070754;20180108;201712;201801;16.28;16.57;29;1;410047;410013;7;4;3;1;754;2390;"ko";2;1;1.0;0.8032128514056225;41453.815261044176;1;1;1;2;1;1;1;2;1;2;2;1;1;2;1;2;2;1;2;1;2;1;2;1;2;2;2;3;3;3;3;3;2;1;2;1;3;3;3;2;1;1;1;1;2;3;1;3;1;1;8;8;7;4;4;4;4;4;1;1;1;1;1;2;1;1;1;2;2;2;2;3;3;3;3;3;2;2;2;2;2;2;2;2;2;2;2;2;2;2;2;2;2;7;3;3;1;2;0;0;0;0;0;0;0;0;0;0;0;8;8;7;4;4;2;7;2;2;3;2;2;3;2;6;4;2;2;0;2;0;2;1;0;1;2;4;4;4;4;4;4;4;1;2;2;2;2;2;2;2;2;2;1;2;2;3;4;1;2;3;2;7;5;8;5;4;7;9;1;1;1;1;1;1;1;1;1;1;1;6;2;1;2;1;1;1;1;2;3;2;1;1;1;1;1;1;1;1;1;3;3;3;2;1;2;1;5;1;5;1;5;5;3;3;3;1;3;3;3;3;3;3;3;3;1;1;410002;410002;410002;2;2;2;2;2;2;2;2;2;2;1;2;1;2;1;2;6;7;7;8;6;6;7;7;4;6;7;6;7;2;2;1;1;1;2;2;2;1968;49;4;2;1;1;1;410;410;410;1;2;1;2390;1;2;3;2;5;3;1;1;1;1;3;3;5;7;10;2;2;2;3;6;2;2;20000000;410004;4;2;-1;0.2758333333333334;0.27666666666666667;0.40819444444444447;0.3172222222222222;1.0;0.33;0.33;0.5533333333333333;0.0;0.0;0.0;0.0;0.0;0.0;0.0;0.0;0.33;0.66;0.66;0.55;0.0;0.0;1.0;0.3333333333333333;0.25;0.66;0.66;0.5233333333333333;0.0;0.1111111111111111;0.2222222222222222;0.1111111111111111;0.33;1.0;0.665;0.665;1.0;1.0;1.0;1.0;1.0;1.0;1.0;1.0;1.0;1.0;1.0;1.0;1;0;1;1;1;8;6;7;5;6;6;5;5;7;7;7;9;8;8;3;4;4;1;2;700;16000;0;10;7;1;10;10;10;10;7;1;1;3;3;7;4;3;3;5;2;1;3;3;3;3;7;4;3;4
"1-5-0 (2020-11-16)";"doi.org/10.14281/18241.1";2018;410;"KOR";732;"ROK";410070755;20180108;201712;201801;16.37;17.07;30;1;410011;410001;8;5;1;1;755;2390;"ko";2;1;1.0;0.8032128514056225;41453.815261044176;2;1;2;3;2;3;1;1;1;1;1;2;2;2;2;2;2;1;1;1;1;1;2;2;2;2;2;1;2;1;2;2;2;1;3;3;2;1;1;2;3;2;2;2;1;2;2;2;2;2;7;8;7;4;4;4;4;4;3;2;1;1;2;3;3;3;2;1;2;2;2;1;1;2;1;2;1;2;2;2;1;2;1;2;1;1;2;2;2;1;2;1;1;7;2;1;2;0;0;0;0;0;0;0;0;0;0;0;0;7;6;7;6;7;1;6;3;4;4;3;2;2;2;8;4;0;1;0;1;0;1;0;1;2;3;1;2;1;4;3;2;3;1;1;2;3;2;2;2;3;2;3;1;1;2;1;2;1;3;1;2;7;7;6;7;8;7;7;1;2;1;1;2;2;7;8;3;2;2;7;4;5;2;2;2;2;1;2;2;1;2;2;2;2;1;2;2;2;2;2;4;1;2;2;3;1;2;1;3;1;2;2;3;3;3;3;3;3;2;2;2;1;2;1;2;2;410010;410010;410010;2;3;1;2;2;3;2;3;2;2;2;2;1;2;1;2;5;6;7;6;7;6;7;7;6;7;6;7;7;2;2;2;1;1;2;1;1;1996;21;1;1;1;1;1;410;410;410;1;3;2;2390;6;0;3;2;-3;-3;3;2;3;2;1;-3;5;-3;7;2;2;1;3;6;2;0;100000020;410004;1;1;1;0.5683333333333334;0.6366666666666667;0.32611111111111113;0.15222222222222223;0.5;0.33;0.33;0.3866666666666667;0.66;1.0;1.0;0.8866666666666667;1.0;1.0;1.0;1.0;0.0;0.0;0.0;0.0;1.0;1.0;1.0;1.0;0.25;0.33;0.0;0.19333333333333336;0.1111111111111111;0.1111111111111111;0.1111111111111111;0.1111111111111111;0.0;0.0;0.0;0.0;1.0;1.0;1.0;1.0;1.0;1.0;1.0;1.0;1.0;1.0;1.0;1.0;0;0;0;0;1;7;7;8;7;7;7;6;7;7;7;6;7;7;7;7;8;1;6;2;500;40000;0;7;6;2;7;6;7;7;6;1;1;5;6;3;5;3;6;7;2;5;2;3;2;3;5;3;3;-3
"1-5-0 (2020-11-16)";"doi.org/10.14281/18241.1";2018;410;"KOR";732;"ROK";410070756;20180108;201712;201801;16.42;17.05;23;1;410041;410007;8;5;2;1;756;2390;"ko";1;1;1.0;0.8032128514056225;41453.815261044176;2;2;2;3;3;4;2;1;1;1;1;2;2;1;2;2;2;1;2;1;2;1;2;2;2;2;1;2;3;2;2;2;1;1;2;1;2;1;3;3;2;2;1;2;2;2;1;1;2;1;7;8;6;4;4;4;4;4;1;2;1;2;3;4;4;4;3;2;2;1;2;2;2;3;2;2;2;2;2;3;2;2;3;3;2;2;2;2;2;2;2;2;2;7;2;2;1;0;0;0;0;0;0;0;0;0;0;0;0;10;7;8;5;4;2;7;3;3;3;3;2;2;2;7;3;2;1;0;0;0;0;2;0;2;2;4;4;4;4;4;1;4;1;1;1;1;1;2;2;1;2;2;2;1;1;2;1;3;1;2;3;7;8;7;8;7;7;6;1;1;2;2;3;3;7;8;3;2;2;5;1;1;1;1;1;1;1;1;5;4;1;1;1;1;1;1;1;1;1;2;2;2;3;3;5;1;2;1;3;1;3;2;3;3;2;2;3;3;3;3;3;3;3;3;1;1;-2;-2;-2;2;1;2;2;1;2;2;1;2;2;2;2;1;3;2;3;8;8;4;8;8;7;8;8;7;7;8;7;7;3;2;1;1;2;4;4;1;1992;25;2;1;1;1;1;410;410;410;1;3;2;2390;6;0;6;3;-3;-3;3;2;5;3;1;-3;3;-3;4;3;2;1;3;5;2;0;100000020;410004;2;1;2;0.36000000000000004;0.555;0.36953703703703705;0.23907407407407408;0.0;0.33;0.0;0.11;1.0;1.0;1.0;1.0;0.0;0.0;0.0;0.0;0.33;0.33;0.33;0.33;1.0;1.0;1.0;1.0;0.0;0.66;0.33;0.33;0.0;0.0;0.4444444444444444;0.14814814814814814;0.0;0.0;0.0;0.0;1.0;1.0;1.0;1.0;1.0;1.0;1.0;1.0;1.0;1.0;1.0;1.0;0;0;0;1;1;7;8;8;7;7;8;7;7;8;8;8;8;7;4;3;7;1;5;3;400;32000;0;7;5;1;7;8;8;8;8;1;4;4;6;7;5;3;3;6;3;5;2;2;2;2;6;6;4;-3
"1-5-0 (2020-11-16)";"doi.org/10.14281/18241.1";2018;410;"KOR";732;"ROK";410070757;20180108;201712;201801;16.55;17.45;50;1;410041;410007;8;5;2;1;757;2390;"ko";2;1;1.0;0.8032128514056225;41453.815261044176;1;2;2;2;2;2;2;1;1;1;2;1;1;2;2;2;2;1;2;1;2;2;2;2;2;2;2;1;2;2;2;3;1;1;1;1;4;2;4;1;1;1;1;2;2;2;2;2;2;1;8;5;3;4;4;4;4;4;3;2;1;2;3;4;2;3;2;2;2;2;2;2;2;2;2;2;2;2;2;2;2;2;2;2;1;1;1;1;1;1;1;1;1;6;3;2;1;0;0;0;0;0;0;0;0;0;0;0;0;8;6;7;5;7;1;7;2;2;2;2;2;2;4;7;3;2;1;2;2;2;2;2;2;2;3;4;3;4;4;4;4;4;2;2;2;2;4;2;2;2;2;2;1;2;1;2;3;1;3;1;2;6;6;6;5;3;8;5;1;1;1;1;4;4;2;2;2;2;1;7;5;5;2;1;1;3;3;5;5;5;2;3;1;6;3;1;4;2;4;1;4;4;3;2;5;1;1;1;5;5;5;2;3;3;3;3;2;2;2;2;3;3;3;3;1;1;-2;-2;-2;1;4;2;4;2;1;4;4;1;2;1;2;2;4;3;4;5;4;1;10;9;1;8;3;1;7;9;8;7;2;2;2;2;2;2;2;1;1949;68;6;3;1;1;1;410;410;410;1;2;1;2390;1;1;2;1;2;1;0;1;0;1;1;5;5;-5;9;2;1;1;3;3;1;2;20000000;410004;2;1;1;0.38722222222222225;0.4427777777777778;0.37675925925925924;0.2951851851851852;0.5;0.33;0.33;0.3866666666666667;0.33;1.0;0.16666666666666666;0.49888888888888894;1.0;0.0;0.0;0.3333333333333333;0.33;0.33;0.33;0.33;1.0;0.0;1.0;0.6666666666666666;0.0;0.33;0.33;0.22;0.2222222222222222;0.4444444444444444;0.4444444444444444;0.3703703703703704;0.0;0.5;0.25;0.25;1.0;1.0;1.0;1.0;1.0;1.0;1.0;1.0;1.0;1.0;1.0;1.0;1;0;0;0;1;5;5;5;7;4;7;3;3;5;4;5;7;5;8;6;4;2;2;3;100;10000;0;8;3;1;6;3;4;5;2;1;1;2;5;4;1;2;2;3;1;3;2;2;2;2;5;2;2;4
"1-5-0 (2020-11-16)";"doi.org/10.14281/18241.1";2018;410;"KOR";732;"ROK";410070758;20180108;201712;201801;17.01;17.25;24;1;410047;410013;7;4;3;1;758;2390;"ko";3;1;1.0;0.8032128514056225;41453.815261044176;1;1;2;4;1;4;1;2;1;1;2;1;1;2;2;2;2;1;2;1;2;1;2;2;2;2;2;3;3;3;3;3;1;1;1;1;4;2;4;2;1;1;2;1;2;3;3;3;2;1;8;6;4;4;4;4;1;4;1;1;1;1;1;2;2;2;3;2;2;2;2;3;3;3;3;4;4;2;2;4;2;3;2;3;2;2;2;2;3;2;2;2;2;7;1;2;1;0;0;0;0;0;0;0;0;0;0;0;0;4;8;4;3;7;1;7;2;2;3;2;2;1;3;7;3;2;2;1;2;1;2;2;1;2;2;4;4;4;4;4;3;4;1;2;2;1;1;2;2;3;3;3;2;2;1;3;2;3;2;1;3;8;8;8;8;4;8;5;1;2;2;1;2;2;7;8;3;2;2;8;1;1;1;1;1;1;1;1;4;3;1;1;1;1;1;1;1;1;1;3;3;4;3;3;5;2;5;1;5;1;1;5;3;3;3;3;3;3;3;3;3;3;3;3;1;1;-2;-2;-2;2;3;3;2;2;2;1;2;2;2;2;2;2;3;2;2;6;5;6;8;6;6;5;6;6;6;7;6;6;2;2;1;1;1;2;2;1;1992;25;2;1;1;1;1;410;410;410;1;1;1;2390;6;0;6;3;-3;-3;3;2;3;2;7;-3;-3;-3;3;-3;1;3;5;2;1;0;100000020;410004;3;2;0;0.5258333333333334;0.7766666666666666;0.3873611111111111;0.27555555555555555;1.0;0.33;0.33;0.5533333333333333;1.0;1.0;1.0;1.0;0.0;0.0;0.0;0.0;0.33;0.66;0.66;0.55;0.0;0.0;1.0;0.3333333333333333;0.0;0.66;0.66;0.44;0.0;0.0;0.3333333333333333;0.1111111111111111;0.33;1.0;0.665;0.665;1.0;1.0;1.0;1.0;1.0;1.0;1.0;1.0;1.0;1.0;1.0;1.0;1;0;1;0;1;7;6;7;5;6;5;4;4;6;6;7;8;7;5;5;5;-3;-3;3;30;560;0;-3;2;3;-3;-3;-3;8;1;2;1;5;5;7;5;5;5;5;3;1;3;3;3;3;7;5;5;-3
"1-5-0 (2020-11-16)";"doi.org/10.14281/18241.1";2018;410;"KOR";732;"ROK";410070759;20180108;201712;201801;17.17;17.42;25;1;410041;410007;8;5;2;1;759;2390;"ko";1;1;1.0;0.8032128514056225;41453.815261044176;1;2;2;2;2;3;2;1;2;1;1;2;1;1;2;2;2;1;2;1;2;1;2;2;2;2;1;2;2;3;3;2;1;1;2;1;3;3;2;2;3;2;3;2;1;1;1;1;2;2;7;8;7;4;4;4;4;4;1;2;1;3;2;4;4;4;3;2;2;2;2;1;1;3;3;3;2;2;2;3;2;2;2;2;3;3;2;2;2;2;2;2;2;7;1;2;1;0;0;0;0;0;0;1;0;0;1;0;0;7;7;6;7;3;1;7;3;3;3;2;2;2;2;7;3;2;0;0;0;1;0;2;0;2;2;4;4;4;3;4;4;4;1;1;2;1;1;2;2;1;2;2;1;1;2;2;1;3;2;1;2;7;8;6;7;8;7;7;1;1;2;2;3;3;6;7;2;2;2;4;1;1;1;1;1;4;1;1;4;4;1;1;1;1;1;1;1;1;1;2;2;2;2;2;2;1;1;1;3;1;5;1;3;3;3;3;3;3;3;3;3;3;3;3;1;1;410001;410001;410001;2;2;2;2;3;3;2;3;2;2;2;2;3;2;1;3;7;8;4;7;7;8;8;7;7;6;7;8;6;2;2;1;1;2;4;4;1;1962;55;5;3;1;1;1;410;410;410;1;4;1;2390;1;2;5;3;3;2;2;1;2;1;1;2;4;5;9;3;1;1;3;5;2;0;100000020;410004;2;2;2;0.26277777777777783;0.4705555555555556;0.42930555555555555;0.2761111111111111;0.0;0.33;0.0;0.11;0.66;1.0;0.8333333333333334;0.8311111111111112;0.0;0.0;0.0;0.0;0.33;0.0;0.0;0.11;1.0;1.0;1.0;1.0;0.0;0.33;0.66;0.33;0.3333333333333333;0.0;0.3333333333333333;0.2222222222222222;0.33;0.0;0.165;0.165;1.0;1.0;1.0;1.0;1.0;1.0;1.0;1.0;1.0;1.0;1.0;1.0;0;0;1;0;1;8;9;8;7;9;7;7;8;7;7;8;7;6;7;5;7;1;4;3;450;31000;0;7;5;1;7;8;8;8;6;1;1;4;5;7;8;3;3;5;3;2;2;2;2;2;7;8;4;4
"1-5-0 (2020-11-16)";"doi.org/10.14281/18241.1";2018;410;"KOR";732;"ROK";410070760;20180108;201712;201801;17.3;18.02;32;1;410011;410001;8;5;1;1;760;2390;"ko";1;1;1.0;0.8032128514056225;41453.815261044176;2;1;1;2;2;2;1;2;2;1;1;1;2;2;2;1;2;1;2;1;2;2;2;2;2;2;1;3;3;3;3;2;2;1;2;1;3;3;3;2;3;2;2;3;3;2;1;2;2;1;7;8;7;4;4;4;4;4;1;1;1;2;2;3;3;3;2;3;3;3;3;2;2;3;3;3;3;3;3;3;3;3;3;3;3;3;3;3;3;3;3;3;3;8;3;3;2;1;0;0;0;0;0;0;0;0;0;0;0;6;3;8;4;5;2;9;3;3;3;3;4;2;2;9;4;2;2;2;1;1;1;1;1;1;2;4;4;4;4;4;4;4;2;2;2;3;3;2;2;3;3;3;1;1;1;1;2;1;2;3;2;9;9;1;6;2;8;4;2;2;2;2;4;3;6;7;2;1;2;5;5;5;5;5;3;8;5;5;5;7;6;5;4;2;3;4;5;4;5;2;4;3;3;2;5;2;5;1;1;1;1;2;2;2;2;2;2;2;2;2;2;2;2;2;4;3;-2;-2;-2;2;4;3;3;2;1;2;3;1;2;2;3;3;4;1;3;6;9;2;9;8;1;5;8;5;8;9;4;4;2;2;1;1;1;2;2;1;1995;22;1;1;1;1;1;410;410;410;1;4;2;2390;6;0;3;2;-3;-3;3;2;6;3;6;-3;-3;-3;3;-3;2;2;3;4;2;0;100000020;410004;3;2;0;0.6094444444444445;0.49888888888888894;0.47763888888888884;0.5394444444444444;0.5;0.33;0.0;0.27666666666666667;0.33;1.0;0.8333333333333334;0.7211111111111111;1.0;1.0;1.0;1.0;0.66;0.33;0.33;0.44;0.0;1.0;1.0;0.6666666666666666;0.25;0.66;0.66;0.5233333333333333;0.7777777777777778;0.4444444444444444;0.4444444444444444;0.5555555555555555;0.33;0.0;0.165;0.165;1.0;1.0;1.0;1.0;1.0;1.0;1.0;1.0;1.0;1.0;1.0;1.0;0;0;1;1;1;7;6;5;8;5;7;1;1;3;3;3;9;3;8;7;9;-3;-3;2;400;40000;10000;-3;5;1;-3;-3;-3;8;5;1;4;8;2;5;5;5;5;5;2;4;2;2;2;2;5;5;5;-3
"1-5-0 (2020-11-16)";"doi.org/10.14281/18241.1";2018;410;"KOR";732;"ROK";410070761;20180108;201712;201801;17.32;18.33;60;1;410041;410007;8;5;2;1;761;2390;"ko";2;1;1.0;0.8032128514056225;41453.815261044176;1;2;3;3;3;4;1;2;1;1;2;1;2;1;2;2;2;1;2;1;1;1;2;1;1;2;2;2;3;3;3;3;3;3;2;1;4;2;4;3;2;2;2;2;2;3;2;2;2;2;8;7;6;4;4;4;4;4;3;2;2;2;2;4;4;3;3;3;2;2;2;2;2;3;3;3;3;3;2;3;2;2;2;2;3;3;2;2;2;2;3;2;3;9;3;1;2;0;0;0;0;0;0;0;0;0;0;0;1;7;7;8;4;6;2;8;4;3;3;3;3;2;4;3;2;1;1;2;1;2;2;2;2;3;3;3;3;3;3;4;2;3;1;1;2;3;3;2;2;2;2;3;2;2;1;2;1;3;1;2;3;8;8;5;6;4;8;3;2;2;2;2;3;4;7;7;3;1;1;8;1;2;1;2;2;2;2;2;5;3;2;5;2;4;1;1;2;1;4;3;4;4;3;2;3;1;2;1;5;2;5;2;2;1;2;2;2;2;2;2;2;2;2;2;2;2;-2;-2;-2;2;3;3;3;3;3;3;3;1;3;1;1;3;4;1;4;5;5;7;10;7;3;9;5;2;10;9;7;7;2;2;2;2;2;2;2;2;1958;59;5;3;1;1;1;410;410;410;1;3;1;2390;1;2;3;2;3;2;1;1;2;1;5;1;-3;6;3;-3;2;1;3;6;2;0;100000020;410004;2;1;1;0.7066666666666667;0.6933333333333334;0.29055555555555557;0.4144444444444445;0.5;0.33;0.33;0.3866666666666667;1.0;1.0;1.0;1.0;1.0;1.0;1.0;1.0;0.66;0.33;0.33;0.44;0.0;0.0;1.0;0.3333333333333333;0.5;0.66;0.66;0.6066666666666668;0.1111111111111111;0.1111111111111111;0.4444444444444444;0.22222222222222224;0.0;0.0;0.0;0.0;1.0;1.0;1.0;1.0;1.0;1.0;1.0;1.0;1.0;1.0;1.0;1.0;0;0;0;1;1;7;7;5;6;6;5;7;6;7;7;6;7;4;6;8;4;-3;-3;3;650;65800;0;-3;5;1;-3;-3;-3;8;6;1;2;4;5;5;3;3;3;3;2;6;3;2;2;2;6;3;3;4
"1-5-0 (2020-11-16)";"doi.org/10.14281/18241.1";2018;410;"KOR";732;"ROK";410070762;20180108;201712;201801;17.33;18.11;39;1;410041;410007;8;5;2;1;762;2390;"ko";2;1;1.0;0.8032128514056225;41453.815261044176;1;1;1;2;1;2;1;1;1;1;2;1;2;2;2;2;2;1;2;1;1;2;2;1;2;2;2;3;2;4;3;3;4;2;2;1;4;2;3;4;4;2;3;3;2;1;1;1;2;2;4;4;4;4;4;4;4;4;1;2;1;4;2;4;4;4;3;3;3;3;3;2;2;4;4;4;3;3;4;3;2;2;2;2;2;2;2;2;2;2;2;2;2;4;3;2;2;0;0;0;0;0;0;0;0;0;0;0;0;7;5;6;5;7;2;8;2;3;2;2;2;2;2;8;4;2;2;1;1;0;1;0;1;2;2;4;2;4;4;4;4;3;1;1;2;2;1;2;2;2;3;3;1;1;2;1;3;1;3;1;2;7;7;7;4;5;8;3;2;1;2;2;3;3;6;7;2;2;2;4;6;2;1;1;1;6;1;6;8;6;4;7;1;3;1;1;2;1;6;2;4;4;2;2;2;2;5;1;5;2;2;2;2;2;2;2;2;2;2;1;1;2;2;2;2;1;410002;410002;410002;1;4;2;3;3;2;4;4;2;2;1;2;2;4;2;4;5;8;3;10;7;1;9;2;1;9;9;7;6;2;3;2;2;2;3;3;2;1988;29;2;1;1;1;1;410;410;410;1;3;2;2390;6;0;6;3;-3;-3;3;2;3;2;1;-3;3;-3;6;2;1;2;3;4;2;7;70000000;410004;2;1;1;0.4561111111111111;0.5255555555555556;0.5599074074074074;0.6614814814814816;0.0;0.66;0.33;0.33;0.33;1.0;0.8333333333333334;0.7211111111111111;1.0;0.0;0.0;0.3333333333333333;0.66;0.33;0.33;0.44;1.0;0.0;1.0;0.6666666666666666;0.75;0.33;1.0;0.6933333333333334;0.5555555555555556;0.5555555555555556;0.7777777777777778;0.6296296296296297;0.0;0.5;0.25;0.25;1.0;1.0;1.0;1.0;1.0;1.0;1.0;1.0;1.0;1.0;1.0;1.0;1;0;0;0;1;6;3;3;4;3;4;3;2;4;4;5;6;5;6;5;5;1;5;3;450;40000;10000;5;4;1;6;5;4;7;5;2;2;6;5;4;2;2;3;3;2;1;3;2;2;2;7;1;3;-3
"1-5-0 (2020-11-16)";"doi.org/10.14281/18241.1";2018;410;"KOR";732;"ROK";410070763;20180108;201712;201801;17.39;18.0;21;1;410047;410013;7;4;3;1;763;2390;"ko";3;1;1.0;0.8032128514056225;41453.815261044176;1;1;1;2;1;4;1;2;1;1;2;1;1;2;2;2;2;1;2;1;2;2;2;2;2;2;2;2;2;3;2;3;1;1;1;1;2;1;3;2;2;1;1;1;2;3;2;2;2;2;7;7;6;4;4;4;4;4;1;1;1;1;1;2;2;2;3;2;3;3;2;3;3;3;4;4;4;3;3;4;3;2;2;3;2;2;2;2;2;2;2;2;2;6;3;3;2;0;1;0;0;0;0;0;0;0;0;0;0;4;7;4;3;6;2;7;2;3;2;3;2;2;3;4;3;2;2;1;2;0;2;2;2;3;2;4;4;4;4;4;4;4;1;2;2;2;2;2;2;2;3;2;2;2;1;4;3;1;3;1;4;7;8;8;7;4;4;5;1;1;1;1;2;2;6;7;3;2;2;6;3;2;2;2;2;2;1;2;4;2;1;1;1;1;1;1;1;1;1;4;4;4;3;2;5;1;5;1;5;1;5;5;2;3;3;2;3;3;3;3;3;3;3;3;1;1;410001;410001;410001;2;2;2;2;2;2;3;3;3;3;2;2;1;2;1;1;8;6;7;8;7;5;6;3;3;7;8;6;6;2;2;1;1;1;2;2;1;1965;52;4;3;1;1;1;410;410;410;1;3;1;2390;1;1;5;3;3;2;1;1;1;1;1;5;3;-5;10;2;1;2;3;4;2;0;100000020;410004;1;1;0;0.7202777777777778;0.6655555555555557;0.2746296296296296;0.2575925925925926;0.5;0.33;0.33;0.3866666666666667;1.0;1.0;0.8333333333333334;0.9444444444444445;1.0;1.0;1.0;1.0;0.33;0.66;0.66;0.55;0.0;0.0;1.0;0.3333333333333333;0.0;0.33;0.66;0.33;0.1111111111111111;0.1111111111111111;0.3333333333333333;0.1851851851851852;0.0;0.5;0.25;0.25;1.0;1.0;1.0;1.0;1.0;1.0;1.0;1.0;1.0;1.0;1.0;1.0;1;0;0;0;0;6;6;7;6;7;5;4;4;6;6;7;7;7;6;4;7;1;4;3;350;18000;1500;8;5;1;8;8;7;7;4;2;1;4;5;4;4;4;4;4;2;2;3;3;3;3;4;5;4;4
"1-5-0 (2020-11-16)";"doi.org/10.14281/18241.1";2018;410;"KOR";732;"ROK";410070764;20180108;201712;201801;17.44;18.18;34;1;410011;410001;8;5;1;1;764;2390;"ko";3;1;1.0;0.8032128514056225;41453.815261044176;1;1;2;2;1;4;2;1;2;1;1;1;2;1;2;2;2;1;2;1;2;1;2;2;2;2;2;3;3;4;3;1;4;2;3;3;4;2;4;3;2;2;3;3;3;2;2;3;2;1;7;8;6;4;4;4;4;4;1;2;1;3;2;3;3;3;2;1;2;2;2;2;2;1;3;3;2;2;2;2;1;1;2;1;2;2;1;1;2;2;1;1;2;7;3;2;2;0;1;1;0;0;0;0;0;0;0;0;1;10;3;9;3;5;2;7;2;3;2;2;2;2;2;5;4;2;2;0;0;0;2;0;0;2;2;4;3;3;3;4;3;4;2;2;2;1;2;2;2;3;2;4;1;1;1;3;1;1;4;2;1;10;10;2;2;1;9;1;2;2;2;2;4;4;7;8;3;1;2;7;2;2;1;1;1;2;2;2;6;5;1;5;1;1;2;1;3;2;6;4;4;4;2;2;3;1;5;1;3;1;2;2;1;2;1;2;1;2;2;2;1;2;1;2;2;1;410002;410002;410002;1;4;2;3;2;2;4;4;1;2;1;3;3;4;2;4;4;8;1;10;8;1;10;3;4;9;10;9;9;2;2;2;1;1;3;3;1;1991;26;2;1;1;1;1;410;410;410;1;3;2;2390;6;0;6;3;-3;-3;3;2;3;2;6;-3;-3;-3;3;-3;2;1;3;6;2;0;100000020;410004;3;2;2;0.5266666666666666;0.7766666666666666;0.6818981481481482;0.5312962962962964;1.0;0.33;0.33;0.5533333333333333;1.0;1.0;1.0;1.0;1.0;0.0;0.0;0.3333333333333333;0.0;0.33;0.33;0.22;1.0;1.0;1.0;1.0;0.75;0.66;1.0;0.8033333333333333;0.1111111111111111;0.1111111111111111;0.5555555555555556;0.2592592592592593;0.33;1.0;0.665;0.665;1.0;1.0;1.0;1.0;1.0;1.0;1.0;1.0;1.0;1.0;1.0;1.0;1;0;1;1;0;7;7;4;8;4;5;3;2;6;6;7;8;3;4;8;8;-3;-3;3;700;30000;5000;-3;4;2;-3;-3;-3;7;3;2;3;2;2;10;1;3;3;3;1;1;2;2;3;1;10;1;3;-3
"1-5-0 (2020-11-16)";"doi.org/10.14281/18241.1";2018;410;"KOR";732;"ROK";410070765;20180108;201712;201801;17.47;18.25;38;1;410030;410006;8;5;2;1;765;2390;"ko";2;1;1.0;0.8032128514056225;41453.815261044176;1;2;2;2;1;3;1;1;2;1;1;2;2;1;2;2;2;1;2;1;2;1;2;2;2;2;2;3;3;3;4;2;4;2;2;1;5;2;3;3;3;2;3;3;1;3;1;2;2;2;8;8;8;4;4;4;4;4;1;2;1;2;2;3;2;3;3;3;3;2;3;2;2;2;3;3;2;2;3;3;2;2;2;2;3;3;3;3;3;3;3;3;3;8;3;3;2;0;1;0;0;0;0;0;0;0;1;0;0;8;7;8;5;4;2;7;2;2;2;1;2;1;1;8;3;2;1;0;0;0;2;1;2;2;2;4;2;3;4;4;4;4;1;2;2;3;3;2;2;4;4;4;2;2;1;3;1;1;2;3;1;9;8;6;8;6;8;1;2;2;2;2;4;4;7;8;3;2;2;6;1;1;1;1;1;4;1;6;6;3;1;3;1;1;2;1;2;1;7;4;4;4;2;2;2;1;2;1;2;1;5;2;3;3;3;3;3;3;3;2;2;2;2;3;1;1;410001;410001;410001;2;4;2;3;2;2;4;4;2;2;2;1;2;4;1;4;8;8;3;8;8;2;8;5;4;8;9;8;8;2;2;1;1;2;3;3;2;1972;45;4;2;1;1;1;410;410;410;1;5;1;2390;1;3;3;2;3;2;1;1;1;1;1;1;4;5;9;2;1;1;2;8;3;0;100000020;410004;3;2;2;0.42833333333333334;0.6366666666666667;0.7091203703703703;0.5857407407407408;0.5;0.33;0.33;0.3866666666666667;0.66;1.0;1.0;0.8866666666666667;0.0;0.0;0.0;0.0;0.66;0.33;0.33;0.44;1.0;1.0;1.0;1.0;0.75;0.66;0.66;0.6900000000000001;0.3333333333333333;0.5555555555555556;0.5555555555555556;0.48148148148148145;0.33;1.0;0.665;0.665;1.0;1.0;1.0;1.0;1.0;1.0;1.0;1.0;1.0;1.0;1.0;1.0;1;0;1;1;0;8;7;6;8;8;8;7;7;8;8;8;9;7;7;3;8;3;2;2;500;25000;0;8;7;1;8;8;8;8;8;1;1;6;2;4;9;6;7;3;2;2;2;2;2;2;4;9;5;4
"1-5-0 (2020-11-16)";"doi.org/10.14281/18241.1";2018;410;"KOR";732;"ROK";410070766;20180108;201712;201801;17.54;18.14;20;1;410011;410001;8;5;1;1;766;2390;"ko";2;1;1.0;0.8032128514056225;41453.815261044176;1;1;2;2;2;2;1;2;1;1;1;2;1;2;2;2;2;1;2;1;2;1;2;2;2;1;2;3;2;2;1;2;2;1;1;1;2;1;1;4;3;2;1;2;2;2;2;2;2;2;6;7;7;4;4;4;4;4;3;2;1;1;2;3;3;3;1;2;2;2;2;3;2;2;3;2;3;3;2;2;2;2;3;2;3;3;3;2;2;2;3;2;2;7;1;1;2;0;0;0;0;0;0;0;0;0;0;0;0;7;6;7;6;7;1;7;4;3;4;3;2;2;2;7;4;0;1;0;1;1;1;1;1;1;2;2;1;2;2;3;2;2;1;2;1;3;3;2;2;2;3;3;1;1;2;2;1;3;1;2;1;7;6;7;7;6;7;6;1;1;2;2;2;2;7;8;3;1;2;5;7;6;7;7;6;7;7;6;3;2;3;2;3;3;2;3;2;2;2;2;3;2;2;2;3;1;2;1;4;1;2;1;3;3;3;3;3;2;3;3;3;2;3;3;1;1;410002;410002;410002;2;1;1;3;2;2;1;2;1;2;2;3;2;3;2;2;6;8;6;7;7;6;7;7;8;7;8;7;8;2;2;1;2;1;2;2;2;1978;39;3;2;1;1;1;410;410;410;1;4;1;2390;6;2;6;3;-3;-3;3;2;3;2;5;-3;-3;-3;4;-3;2;1;3;6;2;0;100000020;410004;1;1;0;0.6508333333333334;0.5816666666666668;0.3628703703703704;0.3924074074074074;0.5;0.33;0.33;0.3866666666666667;0.33;1.0;1.0;0.7766666666666667;1.0;1.0;1.0;1.0;0.33;0.66;0.33;0.44;0.0;1.0;1.0;0.6666666666666666;0.25;0.33;0.33;0.3033333333333334;0.6666666666666666;0.5555555555555556;0.2222222222222222;0.48148148148148145;0.0;0.0;0.0;0.0;1.0;1.0;1.0;1.0;1.0;1.0;1.0;1.0;1.0;1.0;1.0;1.0;0;0;0;1;0;7;7;7;6;7;7;6;7;6;7;6;7;7;6;7;7;-3;-3;2;350;20000;1000;7;6;2;6;7;7;7;6;1;1;3;2;8;2;3;2;3;2;1;3;2;3;2;8;2;3;-3
"1-5-0 (2020-11-16)";"doi.org/10.14281/18241.1";2018;410;"KOR";732;"ROK";410070767;20180108;201712;201801;17.55;18.2;25;1;410041;410007;8;5;2;1;767;2390;"ko";3;1;1.0;0.8032128514056225;41453.815261044176;1;1;2;2;1;4;1;2;2;1;2;1;1;1;2;2;2;1;2;1;1;1;2;1;2;2;2;1;2;1;2;3;2;1;4;2;2;1;3;2;2;1;2;2;2;2;1;2;2;1;8;5;3;4;4;4;4;4;1;1;1;2;1;3;3;3;2;2;2;2;2;2;2;3;3;3;3;2;2;3;2;2;2;2;2;2;2;2;2;2;2;2;2;3;3;1;2;0;0;0;0;0;0;0;0;0;0;0;0;6;7;5;5;5;1;6;3;4;3;3;3;3;2;7;3;2;0;2;0;2;2;2;2;3;2;3;3;3;3;3;2;2;1;2;2;1;1;2;2;3;3;3;2;2;1;2;3;1;3;1;2;7;8;5;3;3;7;3;2;2;2;2;3;3;7;8;3;1;1;8;1;2;1;1;1;3;4;3;5;5;3;2;1;1;1;2;3;2;1;3;3;3;2;2;3;1;2;1;2;1;2;1;1;2;1;2;2;3;3;3;1;2;2;3;1;1;-2;-2;-2;2;2;3;2;3;2;3;2;2;2;1;2;2;3;2;3;4;8;2;7;7;3;8;7;5;6;8;7;6;2;1;2;2;1;2;3;1;1978;39;3;2;1;1;1;410;410;410;1;4;1;2390;1;2;3;2;3;2;3;2;3;2;1;5;4;-5;4;2;1;1;3;3;1;0;100000020;410004;2;1;1;0.485;0.6383333333333333;0.2682407407407407;0.24481481481481482;0.5;0.0;0.33;0.27666666666666667;1.0;1.0;1.0;1.0;1.0;0.0;0.0;0.3333333333333333;0.33;0.33;0.33;0.33;0.0;0.0;1.0;0.3333333333333333;0.25;0.33;0.0;0.19333333333333336;0.2222222222222222;0.2222222222222222;0.4444444444444444;0.2962962962962963;0.0;0.5;0.25;0.25;1.0;1.0;1.0;1.0;1.0;1.0;1.0;1.0;1.0;1.0;1.0;1.0;1;0;0;0;1;6;6;5;5;3;2;3;4;3;5;4;5;2;8;6;5;4;1;3;350;23000;1500;5;3;2;5;4;5;8;3;2;3;5;4;5;4;5;5;4;2;1;3;3;2;4;5;4;5;4
"1-5-0 (2020-11-16)";"doi.org/10.14281/18241.1";2018;410;"KOR";732;"ROK";410070768;20180108;201712;201801;18.09;18.29;20;1;410041;410007;8;5;2;1;768;2390;"ko";1;1;1.0;0.8032128514056225;41453.815261044176;2;2;2;3;3;3;2;1;2;1;1;2;1;1;2;2;2;1;1;1;2;1;2;2;2;2;1;2;2;3;2;2;2;1;2;1;3;3;3;2;2;1;2;2;1;2;1;1;2;2;7;7;6;4;4;4;4;4;1;2;1;2;2;4;4;4;3;2;2;2;1;1;1;2;2;2;2;3;2;3;2;2;3;2;2;2;2;3;2;3;2;2;2;7;1;1;1;0;0;0;0;0;0;0;0;0;0;0;0;8;7;8;7;8;1;7;3;3;3;3;2;2;2;7;3;2;1;0;0;0;0;2;1;2;2;4;4;4;2;4;4;4;1;1;2;2;2;2;2;1;2;2;1;2;2;2;1;3;1;1;2;6;8;7;7;8;7;6;1;1;2;1;3;3;7;8;3;2;2;6;1;1;1;1;1;1;1;1;4;4;1;1;1;1;1;1;1;1;3;2;2;2;3;3;2;1;2;1;2;1;3;2;3;3;3;2;3;3;3;3;3;3;3;3;1;1;410002;410002;410002;2;2;1;1;2;1;3;3;2;3;2;2;2;2;2;3;3;7;4;7;7;8;8;7;8;7;6;8;7;2;3;1;1;2;3;3;2;1989;28;2;1;1;1;1;410;410;410;1;4;2;2390;6;0;6;3;-3;-3;3;2;5;3;1;-3;3;-3;7;3;2;1;3;5;2;0;100000020;410004;1;1;2;0.3041666666666667;0.5533333333333333;0.3811111111111111;0.26222222222222225;0.0;0.66;0.0;0.22;0.66;1.0;1.0;0.8866666666666667;0.0;0.0;0.0;0.0;0.33;0.0;0.0;0.11;1.0;1.0;1.0;1.0;0.25;0.33;0.66;0.41333333333333333;0.0;0.0;0.3333333333333333;0.1111111111111111;0.0;0.0;0.0;0.0;1.0;1.0;1.0;1.0;1.0;1.0;1.0;1.0;1.0;1.0;1.0;1.0;0;0;0;0;1;8;8;7;8;7;8;6;7;7;8;7;7;6;7;5;7;1;4;3;380;28000;0;8;5;1;7;8;7;8;7;1;3;5;6;9;7;5;4;6;2;1;2;2;2;2;9;7;5;-3
"1-5-0 (2020-11-16)";"doi.org/10.14281/18241.1";2018;410;"KOR";732;"ROK";410070769;20180108;201712;201801;18.15;18.48;34;1;410011;410001;8;5;1;1;769;2390;"ko";2;1;1.0;0.8032128514056225;41453.815261044176;1;3;3;2;1;3;2;1;2;1;2;1;2;1;2;1;2;1;2;1;2;1;2;1;2;2;4;2;2;2;1;2;2;1;2;1;2;1;5;2;2;2;2;1;2;3;1;2;2;2;7;7;9;4;4;4;4;4;1;2;2;3;3;4;4;4;3;4;3;3;3;3;3;3;3;3;3;3;3;3;3;3;3;3;3;3;3;3;3;3;3;3;3;7;2;2;2;0;0;0;0;0;0;0;0;0;0;0;0;7;3;8;5;3;2;8;3;3;3;3;4;2;4;7;4;2;2;1;1;1;1;2;2;3;2;4;4;4;4;4;4;4;2;2;2;3;3;2;2;2;3;3;1;2;1;2;1;3;1;1;4;6;6;4;7;4;6;5;2;2;2;2;3;3;7;8;3;2;2;3;2;3;3;3;3;5;5;3;3;5;3;5;2;4;4;5;5;4;6;2;3;3;2;2;2;1;2;5;5;5;5;1;3;3;3;3;3;3;3;3;3;3;3;3;1;1;410002;410002;410002;2;4;3;3;2;2;2;3;3;2;2;3;4;4;1;4;3;9;3;10;7;2;9;7;5;8;8;5;5;2;2;1;1;2;2;3;1;1957;60;5;3;1;1;1;410;410;410;1;4;1;2390;1;2;2;1;2;1;1;1;1;1;3;5;4;-5;9;2;1;1;2;7;2;0;100000020;410004;0;1;2;0.8175;0.7483333333333333;0.3165740740740741;0.29981481481481487;0.5;0.33;1.0;0.61;0.66;1.0;1.0;0.8866666666666667;1.0;1.0;1.0;1.0;1.0;0.66;0.66;0.7733333333333334;1.0;0.0;1.0;0.6666666666666666;0.25;0.33;0.33;0.3033333333333334;0.4444444444444444;0.2222222222222222;0.2222222222222222;0.2962962962962963;0.0;0.0;0.0;0.0;1.0;1.0;1.0;1.0;1.0;1.0;1.0;1.0;1.0;1.0;1.0;1.0;0;0;0;0;0;7;6;6;8;5;7;3;3;6;5;5;8;5;5;7;3;4;1;2;500;60000;0;7;7;1;8;6;7;8;7;1;2;5;2;8;2;5;5;2;3;1;2;2;2;2;8;2;5;4
"1-5-0 (2020-11-16)";"doi.org/10.14281/18241.1";2018;410;"KOR";732;"ROK";410070770;20180108;201712;201801;18.2;18.41;21;1;410011;410001;8;5;1;1;770;2390;"ko";2;1;1.0;0.8032128514056225;41453.815261044176;1;1;2;2;2;2;1;2;2;1;1;1;1;2;2;2;2;1;1;1;2;1;1;2;2;2;2;4;2;2;1;2;3;3;2;1;3;3;2;2;3;2;2;2;2;2;2;2;2;2;7;7;6;4;4;4;4;4;3;2;1;2;1;2;1;2;2;1;2;1;2;2;2;1;2;2;1;1;2;2;1;1;2;2;2;2;1;1;2;1;2;1;2;7;1;1;1;0;0;0;0;0;0;0;0;0;0;0;0;6;7;6;7;6;1;6;4;4;4;4;2;2;2;6;4;1;1;1;2;1;2;1;1;1;2;3;4;4;3;2;3;3;2;2;1;3;4;2;2;3;3;3;2;2;1;2;3;1;2;2;1;7;6;6;7;6;6;7;1;2;2;2;2;2;7;8;1;2;2;3;2;2;3;2;2;2;2;2;1;2;2;2;2;2;1;2;2;1;2;2;2;3;2;2;3;1;2;1;4;1;2;2;2;2;3;3;3;3;3;3;1;2;3;3;1;1;-2;-2;-2;1;2;3;2;3;2;1;2;3;2;1;2;1;2;1;2;5;7;6;6;5;6;6;6;5;6;5;7;6;2;2;2;1;2;1;2;2;1992;25;2;1;1;1;1;410;410;410;1;4;2;2390;1;0;6;3;6;3;3;2;3;2;1;1;3;3;6;2;2;1;3;6;2;0;100000020;410004;3;2;0;0.5125000000000001;0.41500000000000004;0.38560185185185186;0.2303703703703704;0.5;0.33;0.33;0.3866666666666667;0.33;0.0;1.0;0.44333333333333336;1.0;1.0;1.0;1.0;0.0;0.33;0.33;0.22;0.0;1.0;1.0;0.6666666666666666;0.5;0.33;0.33;0.3866666666666667;0.1111111111111111;0.1111111111111111;0.0;0.07407407407407407;0.33;0.5;0.41500000000000004;0.41500000000000004;1.0;1.0;1.0;1.0;1.0;1.0;1.0;1.0;1.0;1.0;1.0;1.0;1;0;1;1;0;7;7;6;7;6;7;6;6;7;6;7;7;7;7;7;8;1;5;2;500;15000;0;7;7;2;6;7;7;6;7;1;1;2;2;5;6;6;2;2;2;3;2;2;3;3;5;2;6;4
"1-5-0 (2020-11-16)";"doi.org/10.14281/18241.1";2018;410;"KOR";732;"ROK";410070771;20180108;201712;201801;18.47;19.17;30;1;410041;410007;8;5;2;1;771;2390;"ko";2;2;1.0;0.8032128514056225;41453.815261044176;1;1;2;2;1;3;2;1;1;1;1;2;1;2;2;2;2;1;2;1;2;1;2;1;2;2;1;2;1;2;2;1;2;1;3;3;2;1;4;2;2;2;3;2;1;3;2;3;2;1;7;7;5;4;4;4;4;4;1;2;1;2;2;3;3;3;3;3;3;2;3;3;3;2;3;3;3;3;2;3;3;3;3;3;2;2;2;2;2;2;2;2;2;7;3;3;2;0;0;0;0;0;0;0;0;0;0;0;0;7;4;7;4;5;1;7;3;3;2;3;3;2;3;5;3;2;2;2;2;2;2;1;2;2;3;4;4;3;2;4;3;4;1;1;2;2;2;2;2;2;3;4;1;2;1;2;3;2;4;1;2;7;7;6;8;7;7;1;2;2;2;2;3;4;7;8;3;2;2;6;4;3;2;2;2;3;3;7;7;5;2;8;1;3;2;2;1;1;6;3;2;3;3;2;5;2;5;1;2;1;2;2;2;2;2;2;2;2;2;2;2;2;2;2;3;2;410002;410002;410002;2;3;2;2;2;2;1;2;2;3;3;4;3;3;2;4;3;6;2;9;7;3;7;7;4;7;7;6;7;2;2;2;2;2;2;3;2;1999;18;1;1;1;1;1;410;410;410;1;4;2;2390;6;0;3;2;-3;-3;3;2;3;2;6;-3;-3;-3;4;-3;2;2;3;5;2;0;100000020;410004;4;3;1;0.7475;0.665;0.615462962962963;0.3559259259259259;1.0;0.33;0.0;0.44333333333333336;0.66;1.0;1.0;0.8866666666666667;1.0;1.0;1.0;1.0;0.66;0.66;0.66;0.66;1.0;1.0;1.0;1.0;0.25;0.0;0.33;0.19333333333333336;0.2222222222222222;0.6666666666666666;0.6666666666666666;0.5185185185185185;1.0;0.5;0.75;0.75;1.0;1.0;1.0;1.0;1.0;1.0;1.0;1.0;1.0;1.0;1.0;1.0;1;1;1;0;1;7;7;6;8;4;4;4;4;5;4;4;7;5;7;5;5;-3;-3;2;400;35000;2000;7;5;1;7;6;7;9;3;1;1;5;5;7;1;2;5;5;1;8;2;2;1;2;10;1;1;-3
"1-5-0 (2020-11-16)";"doi.org/10.14281/18241.1";2018;410;"KOR";732;"ROK";410070772;20180108;201712;201801;18.47;19.07;20;1;410011;410001;8;5;1;1;772;2390;"ko";2;1;1.0;0.8032128514056225;41453.815261044176;1;1;2;3;3;3;1;1;1;1;2;2;1;2;2;2;2;1;2;1;2;1;2;2;2;2;2;4;3;2;3;2;2;1;3;3;2;1;3;4;3;2;3;2;2;3;3;3;2;2;7;7;6;4;4;4;4;4;3;2;1;2;2;3;3;3;1;2;1;3;2;2;3;2;3;2;3;2;2;2;3;2;3;2;2;2;2;3;2;2;3;2;2;7;1;1;2;0;0;0;0;0;0;0;0;0;0;0;0;7;6;7;6;7;1;7;4;3;4;3;3;2;2;7;4;1;2;1;2;1;2;1;2;1;2;2;3;3;2;3;3;3;1;1;2;3;3;2;2;3;3;3;2;2;1;1;2;3;4;1;3;6;7;6;6;7;6;7;1;1;2;2;2;2;7;8;3;2;2;5;2;2;1;2;2;1;2;2;6;4;1;4;1;1;1;4;2;1;1;2;2;3;2;2;3;1;2;1;3;2;1;2;3;3;3;3;2;2;3;3;2;2;3;3;1;1;410001;410001;410001;1;2;1;2;2;1;3;2;2;2;1;2;2;3;2;2;5;7;7;6;7;6;7;7;6;7;6;7;6;2;2;2;1;2;1;2;1;1971;46;4;2;1;1;1;410;410;410;1;3;1;2390;1;1;6;3;4;2;2;1;3;2;1;1;3;3;3;2;1;1;2;7;2;0;100000020;410004;2;2;1;0.72;0.72;0.3668055555555556;0.3177777777777778;1.0;0.33;0.33;0.5533333333333333;0.66;1.0;1.0;0.8866666666666667;1.0;1.0;1.0;1.0;0.33;0.33;0.66;0.44;1.0;0.0;1.0;0.6666666666666666;0.25;0.66;0.33;0.4133333333333334;0.0;0.1111111111111111;0.5555555555555556;0.22222222222222224;0.33;0.0;0.165;0.165;1.0;1.0;1.0;1.0;1.0;1.0;1.0;1.0;1.0;1.0;1.0;1.0;0;0;1;0;1;6;7;6;7;7;6;7;6;6;6;5;7;6;6;7;6;1;6;2;600;70000;10000;7;7;1;6;7;6;7;6;1;1;3;2;3;8;2;3;2;2;2;2;3;2;3;5;8;3;4
"1-5-0 (2020-11-16)";"doi.org/10.14281/18241.1";2018;410;"KOR";732;"ROK";410070773;20180108;201712;201801;18.47;19.24;36;1;410011;410001;8;5;1;1;773;2390;"ko";2;1;1.0;0.8032128514056225;41453.815261044176;1;1;1;1;1;2;1;1;2;1;1;1;2;2;2;2;2;1;2;1;2;2;2;2;2;2;2;3;3;4;3;3;4;2;2;1;4;2;3;4;2;2;2;4;2;3;1;3;2;2;3;6;5;3;4;4;4;4;3;2;1;2;1;3;3;3;2;2;2;3;3;2;2;2;3;3;3;2;3;3;2;2;2;2;2;2;2;2;2;2;2;2;2;5;3;3;2;1;0;0;0;0;0;0;0;0;0;0;0;8;6;2;3;7;2;9;3;4;3;3;3;2;3;7;4;2;2;1;1;2;2;0;2;2;2;4;3;4;4;4;3;4;2;2;2;2;2;2;2;2;2;2;1;1;2;3;1;2;4;1;2;9;9;8;3;2;9;7;1;1;2;2;3;3;2;4;2;1;2;8;1;3;1;1;1;5;1;1;7;5;1;5;1;5;2;4;2;3;7;2;2;3;2;2;5;2;5;1;5;2;1;2;2;2;2;2;2;3;2;2;2;2;2;3;1;1;410002;410002;410002;2;3;3;2;3;3;3;4;2;3;1;1;2;4;3;4;3;7;2;10;10;3;10;2;2;10;10;6;3;2;2;2;2;2;3;3;2;1989;28;2;1;1;1;1;410;410;410;1;3;2;2390;6;0;6;3;-3;-3;3;2;3;2;1;-3;1;-3;4;2;2;2;3;5;2;1;10100000;410004;4;3;1;0.42888888888888893;0.5261111111111112;0.793425925925926;0.5868518518518518;1.0;0.33;0.33;0.5533333333333333;0.33;1.0;0.16666666666666666;0.49888888888888894;1.0;0.0;0.0;0.3333333333333333;0.33;0.33;0.33;0.33;1.0;1.0;1.0;1.0;0.75;0.66;1.0;0.8033333333333333;0.4444444444444444;0.0;0.6666666666666666;0.3703703703703704;1.0;1.0;1.0;1.0;1.0;1.0;1.0;1.0;1.0;1.0;1.0;1.0;1.0;1.0;1.0;1.0;1;1;1;0;1;8;5;3;8;2;2;2;2;2;1;3;8;2;3;9;3;1;4;2;700;40000;8000;5;3;1;7;7;4;5;3;1;2;7;8;7;1;1;5;6;2;1;3;2;3;2;8;1;1;-3
"1-5-0 (2020-11-16)";"doi.org/10.14281/18241.1";2018;410;"KOR";732;"ROK";410070774;20180108;201712;201801;18.48;19.11;23;1;410041;410007;8;5;2;1;774;2390;"ko";2;1;1.0;0.8032128514056225;41453.815261044176;1;2;2;3;3;2;1;2;2;1;1;2;1;1;2;2;2;1;1;1;2;1;1;2;2;2;1;2;2;3;3;2;1;1;2;1;2;1;3;2;3;3;1;2;3;2;1;1;2;3;6;7;6;4;4;4;4;4;1;2;1;2;2;4;4;4;3;2;2;2;2;2;2;3;3;3;2;2;2;2;3;2;3;3;2;2;2;2;2;3;2;2;2;8;1;1;1;0;0;0;0;0;0;0;0;0;1;0;0;10;6;8;4;5;1;7;3;3;3;3;2;2;3;7;3;2;1;0;0;0;0;2;0;2;2;4;4;4;2;4;4;4;1;1;2;2;2;2;2;2;2;2;1;2;2;1;2;1;3;1;2;8;7;7;6;7;7;6;1;1;1;1;3;3;4;5;2;1;2;5;1;1;1;1;1;3;1;1;4;4;1;1;1;1;1;1;1;1;1;2;2;2;3;3;3;1;2;1;5;1;5;2;3;3;3;3;3;3;3;3;3;3;3;3;2;2;-2;-2;-2;2;2;1;1;2;1;2;1;2;2;2;2;3;2;3;3;6;8;7;8;7;7;8;7;6;7;8;6;8;2;2;1;1;2;4;4;2;1958;59;5;3;1;1;1;410;410;410;1;2;1;2390;1;2;3;2;3;2;1;1;1;1;5;3;-3;4;9;-3;2;1;3;5;2;7;70000000;410004;1;1;1;0.2625;0.36;0.2954629629629629;0.2575925925925926;0.0;0.33;0.0;0.11;0.33;1.0;0.5;0.61;0.0;0.0;0.0;0.0;0.33;0.33;0.33;0.33;0.0;1.0;1.0;0.6666666666666666;0.0;0.33;0.66;0.33;0.2222222222222222;0.0;0.3333333333333333;0.1851851851851852;0.0;0.0;0.0;0.0;1.0;1.0;1.0;1.0;1.0;1.0;1.0;1.0;1.0;1.0;1.0;1.0;0;0;0;0;1;7;7;8;8;9;7;8;7;8;7;8;6;7;6;6;8;-3;-3;3;300;27000;0;-3;5;1;-3;-3;-3;8;6;1;1;4;5;7;6;4;4;5;3;1;2;2;2;2;8;6;4;4
"1-5-0 (2020-11-16)";"doi.org/10.14281/18241.1";2018;410;"KOR";732;"ROK";410070775;20180108;201712;201801;18.49;19.25;37;1;410041;410007;8;5;2;1;775;2390;"ko";2;1;1.0;0.8032128514056225;41453.815261044176;1;2;2;2;1;4;2;1;2;1;1;1;2;1;2;2;2;1;2;1;2;1;2;1;2;2;2;2;3;3;3;3;3;3;1;1;3;3;4;3;2;2;2;3;2;3;1;1;2;2;7;7;6;4;4;4;4;4;1;2;1;3;2;4;3;4;3;3;3;2;2;3;2;3;4;4;3;3;3;3;3;2;2;2;2;2;2;2;2;2;2;2;2;8;3;1;2;0;0;0;0;0;0;0;0;0;0;0;0;7;7;4;4;7;2;7;4;4;3;3;3;2;4;5;2;1;1;2;1;2;2;1;2;3;3;3;3;3;3;3;3;3;1;2;2;2;2;2;2;1;2;3;1;2;1;1;2;3;4;2;3;8;6;7;4;3;8;2;2;2;2;2;3;4;7;8;3;1;1;8;1;3;1;2;2;2;3;5;5;5;3;7;1;2;1;2;4;2;2;4;4;4;3;2;2;1;2;1;2;1;2;1;1;1;2;2;2;1;2;2;2;2;2;2;2;2;410002;410002;410002;2;4;2;3;3;2;3;3;2;3;1;1;3;4;1;3;3;6;7;9;8;2;9;7;1;9;9;8;7;2;3;2;2;2;3;3;1;1989;28;2;1;1;1;1;410;410;410;1;4;2;2390;6;0;5;3;-3;-3;5;3;3;2;1;-3;3;-3;6;2;2;1;3;7;2;0;100000020;410004;3;2;2;0.72;0.665;0.52625;0.4700000000000001;0.0;0.66;0.33;0.33;1.0;1.0;1.0;1.0;1.0;1.0;1.0;1.0;0.66;0.66;0.33;0.5499999999999999;1.0;1.0;1.0;1.0;0.5;0.66;0.66;0.6066666666666668;0.1111111111111111;0.4444444444444444;0.4444444444444444;0.3333333333333333;0.33;0.0;0.165;0.165;1.0;1.0;1.0;1.0;1.0;1.0;1.0;1.0;1.0;1.0;1.0;1.0;0;0;1;1;1;7;7;6;7;4;4;4;4;4;4;6;7;4;6;8;5;1;5;3;770;68700;3000;7;6;1;7;7;7;8;5;1;2;5;4;6;1;4;5;5;2;1;2;2;2;3;7;2;3;-3
"1-5-0 (2020-11-16)";"doi.org/10.14281/18241.1";2018;410;"KOR";732;"ROK";410070776;20180108;201712;201801;18.54;20.03;69;1;410041;410007;8;5;2;1;776;2390;"ko";1;1;1.0;0.8032128514056225;41453.815261044176;1;1;2;3;1;3;1;2;1;1;2;1;1;2;2;2;2;1;2;1;2;1;2;2;2;2;2;2;3;4;3;3;2;1;1;1;4;2;4;1;1;1;1;2;2;2;2;3;2;2;7;5;5;4;4;4;4;4;1;1;1;2;3;3;3;3;2;1;1;2;2;2;1;2;3;3;2;2;2;2;2;1;1;1;1;1;1;1;1;1;1;1;1;4;2;2;2;0;0;0;0;0;0;0;0;0;0;0;0;8;4;7;7;7;2;7;2;2;2;2;2;2;0;8;2;2;2;2;2;2;2;2;2;2;3;4;4;4;4;4;4;4;2;2;2;3;3;2;2;1;2;2;1;2;1;2;1;3;1;1;3;5;5;5;6;4;9;5;1;2;1;1;4;4;7;8;3;2;2;3;5;5;2;1;1;3;3;4;7;7;1;7;3;6;4;1;4;2;8;1;4;4;3;2;5;1;1;1;5;2;5;2;2;3;2;3;2;2;2;2;2;2;2;2;1;1;410002;410002;410002;1;4;2;3;1;2;4;4;1;2;1;2;2;4;2;4;6;7;1;10;8;1;8;3;3;7;10;9;7;2;2;1;1;1;3;4;1;1961;56;5;3;1;1;1;410;410;410;1;3;1;2390;1;1;3;2;3;2;0;1;0;1;1;5;6;-5;6;2;1;1;3;5;2;0;100000020;410004;1;1;0;0.4708333333333333;0.72;0.34435185185185185;0.5220370370370371;1.0;0.33;0.33;0.5533333333333333;0.66;1.0;1.0;0.8866666666666667;1.0;0.0;0.0;0.3333333333333333;0.0;0.33;0.0;0.11;0.0;0.0;1.0;0.3333333333333333;0.25;0.66;1.0;0.6366666666666667;0.2222222222222222;0.3333333333333333;0.6666666666666666;0.40740740740740744;0.0;0.0;0.0;0.0;1.0;1.0;1.0;1.0;1.0;1.0;1.0;1.0;1.0;1.0;1.0;1.0;0;0;0;0;1;7;7;5;7;7;7;5;4;6;5;4;7;4;7;7;4;4;1;3;500;30000;0;8;5;1;8;7;8;8;5;1;1;3;5;5;1;2;2;2;1;1;2;2;1;1;7;2;3;4
"1-5-0 (2020-11-16)";"doi.org/10.14281/18241.1";2018;410;"KOR";732;"ROK";410070777;20180108;201712;201801;19.0;19.25;25;1;410028;410004;8;5;2;1;777;2390;"ko";3;1;1.0;0.8032128514056225;41453.815261044176;1;1;2;3;2;3;1;2;1;1;2;1;1;2;2;2;2;1;2;1;2;1;2;2;2;2;2;2;2;3;3;3;2;1;1;1;4;2;4;2;2;2;2;3;2;3;1;3;1;1;9;9;7;4;4;4;4;4;1;1;1;2;1;2;2;2;2;2;3;2;2;3;2;3;3;3;3;2;2;2;2;2;2;2;2;2;2;2;2;2;2;2;2;5;1;3;2;0;0;0;0;0;0;0;0;0;0;0;0;7;8;4;3;3;2;5;2;2;2;2;2;2;3;8;3;2;2;2;1;2;2;2;2;3;2;3;3;3;3;4;4;3;1;1;2;1;2;2;2;3;3;4;2;2;1;1;4;1;3;1;2;9;9;6;6;7;8;4;2;2;2;2;3;3;7;8;3;2;2;3;3;3;1;1;1;1;1;5;7;7;3;3;1;1;1;1;1;1;1;2;3;4;3;2;2;1;4;1;1;1;1;1;3;3;2;2;2;2;3;2;2;3;2;2;1;1;410002;410002;410002;2;3;3;4;2;2;3;4;2;2;1;3;3;4;2;4;5;10;2;8;9;7;8;9;6;9;10;8;8;2;2;2;2;2;3;3;1;1994;23;1;1;1;1;1;410;410;410;1;4;2;2390;6;0;5;3;-3;-3;3;2;3;2;1;-3;5;-3;5;2;2;2;3;4;2;0;100000020;410004;1;1;0;0.5533333333333333;0.72;0.27925925925925926;0.3918518518518519;1.0;0.33;0.33;0.5533333333333333;0.66;1.0;1.0;0.8866666666666667;1.0;0.0;0.0;0.3333333333333333;0.33;0.66;0.33;0.44;0.0;0.0;1.0;0.3333333333333333;0.25;0.33;0.66;0.41333333333333333;0.0;0.4444444444444444;0.6666666666666666;0.3703703703703704;0.0;0.0;0.0;0.0;1.0;1.0;1.0;1.0;1.0;1.0;1.0;1.0;1.0;1.0;1.0;1.0;0;0;0;0;1;10;6;7;8;4;4;3;4;6;4;7;10;4;9;5;4;2;2;3;400;27000;0;8;4;1;9;9;5;9;4;1;1;5;6;8;3;4;5;6;2;1;2;3;2;3;8;3;4;-3
"1-5-0 (2020-11-16)";"doi.org/10.14281/18241.1";2018;410;"KOR";732;"ROK";410070778;20180108;201712;201801;19.04;19.42;38;1;410011;410001;8;5;1;1;778;2390;"ko";2;1;1.0;0.8032128514056225;41453.815261044176;1;2;2;2;2;3;1;1;2;1;1;1;2;2;2;2;2;1;2;1;2;2;2;1;2;2;4;3;3;3;2;2;4;2;2;1;4;2;4;3;2;2;2;3;2;3;1;3;3;2;7;5;5;4;4;4;4;4;1;1;1;2;2;3;3;3;3;3;3;3;3;2;2;3;3;3;3;2;2;3;2;3;3;3;3;3;3;3;3;3;3;3;3;5;3;1;2;0;0;0;0;0;0;0;0;0;0;0;0;8;2;7;4;3;1;7;2;2;2;2;2;3;4;7;3;2;1;2;1;1;1;1;1;2;2;4;2;4;4;4;3;3;2;2;2;2;2;2;2;2;3;3;1;1;1;1;2;3;1;1;2;7;8;3;5;5;9;5;2;2;2;2;3;3;7;8;3;2;2;3;3;4;4;4;3;7;5;7;3;6;6;7;1;1;2;6;5;5;6;3;3;3;3;2;5;1;5;1;5;1;5;2;3;2;2;3;2;2;2;2;3;3;3;3;2;2;-2;-2;-2;2;3;3;3;2;1;3;3;3;3;2;2;3;3;2;3;5;8;2;9;7;1;9;6;4;8;9;8;6;2;3;2;2;2;2;3;2;1970;47;4;2;1;1;1;410;410;410;1;4;1;2390;1;2;3;2;3;2;1;1;1;1;5;3;-3;4;9;-3;2;2;3;3;1;0;100000020;410004;1;1;1;0.8033333333333333;0.8866666666666667;0.5521296296296296;0.6042592592592593;1.0;0.66;1.0;0.8866666666666667;0.66;1.0;1.0;0.8866666666666667;1.0;1.0;1.0;1.0;0.66;0.33;0.33;0.44;1.0;1.0;1.0;1.0;0.75;0.66;0.66;0.6900000000000001;0.6666666666666666;0.6666666666666666;0.2222222222222222;0.5185185185185185;0.0;0.0;0.0;0.0;1.0;1.0;1.0;1.0;1.0;1.0;1.0;1.0;1.0;1.0;1.0;1.0;0;0;0;0;1;5;5;5;7;5;7;2;2;6;6;6;7;6;5;8;3;-3;-3;3;300;20000;7000;-3;3;1;-3;-3;-3;8;3;2;2;5;5;5;5;5;5;5;3;5;2;2;2;2;5;5;5;4
"1-5-0 (2020-11-16)";"doi.org/10.14281/18241.1";2018;410;"KOR";732;"ROK";410070779;20180108;201712;201801;19.1;19.44;34;1;410047;410013;7;4;3;1;779;2390;"ko";3;1;1.0;0.8032128514056225;41453.815261044176;1;1;2;2;2;1;1;1;1;1;2;2;2;2;1;2;2;1;2;2;2;1;2;1;2;2;1;2;2;3;3;3;3;3;2;1;4;2;4;2;2;1;2;2;2;3;2;3;2;2;6;7;5;4;4;4;4;4;1;2;1;3;3;3;3;3;3;3;2;2;2;2;2;3;3;3;2;2;3;3;2;2;2;1;3;3;3;3;3;2;2;2;2;6;3;1;2;2;0;0;0;0;0;0;0;0;0;0;0;6;7;8;4;5;1;6;3;3;3;2;3;2;3;7;3;2;2;1;0;0;1;2;2;3;3;3;2;4;4;4;2;4;1;2;2;3;1;2;2;2;3;3;1;2;2;2;1;3;1;1;4;6;7;6;5;5;7;10;1;1;1;1;2;2;1;1;1;1;1;4;1;2;1;1;2;1;1;2;3;3;1;2;1;2;1;2;2;1;2;3;3;3;3;3;5;1;5;5;5;5;5;5;3;3;3;3;3;3;3;3;3;3;3;3;3;3;-2;-2;-2;2;3;3;2;2;2;2;4;2;1;3;2;4;4;2;2;5;7;5;7;7;2;7;7;2;7;8;5;6;2;2;2;2;2;3;3;2;1950;67;6;3;1;1;1;410;410;410;1;1;1;2390;5;3;1;1;-3;-3;0;1;1;1;5;-3;-3;-5;9;-3;1;2;5;1;1;9;90000000;410004;0;1;0;0.38749999999999996;0.22166666666666668;0.3186111111111111;0.30388888888888893;1.0;0.33;0.0;0.44333333333333336;0.0;0.0;0.0;0.0;1.0;0.0;1.0;0.6666666666666666;0.66;0.33;0.33;0.44;1.0;0.0;1.0;0.6666666666666666;0.5;0.33;0.66;0.49666666666666676;0.0;0.1111111111111111;0.2222222222222222;0.1111111111111111;0.0;0.0;0.0;0.0;1.0;1.0;1.0;1.0;1.0;1.0;1.0;1.0;1.0;1.0;1.0;1.0;0;0;0;0;0;6;4;5;5;3;4;3;3;3;3;3;6;4;5;7;3;-3;-3;5;80;6500;0;-3;1;1;-3;-3;-3;7;4;1;1;2;2;4;2;3;2;2;3;7;3;2;2;4;4;3;3;-5
"1-5-0 (2020-11-16)";"doi.org/10.14281/18241.1";2018;410;"KOR";732;"ROK";410070780;20180108;201712;201801;19.11;19.32;21;1;410011;410001;8;5;1;1;780;2390;"ko";2;1;1.0;0.8032128514056225;41453.815261044176;1;2;2;3;2;3;1;2;2;2;1;1;2;1;2;2;1;1;2;1;2;1;2;1;2;2;2;2;2;3;3;3;4;2;2;1;3;3;3;3;2;3;3;3;2;1;1;3;2;2;7;7;5;4;4;4;4;4;1;2;1;2;2;3;3;3;3;2;3;3;3;3;4;3;3;4;3;2;3;3;3;3;2;2;2;2;1;1;2;2;2;1;2;4;3;1;2;0;0;0;0;0;0;0;0;0;0;0;0;7;6;4;6;7;1;8;2;3;3;4;4;1;2;8;3;2;2;0;0;0;1;1;2;3;2;4;4;4;4;4;4;4;1;1;2;2;2;2;2;1;1;2;2;2;1;2;3;3;2;2;3;8;8;5;7;4;8;5;2;2;2;2;3;3;7;8;3;1;1;8;3;3;2;3;2;2;1;1;5;4;1;2;1;2;3;1;1;1;1;2;2;2;3;2;5;1;5;3;5;3;5;2;3;3;3;3;3;3;3;2;3;3;3;3;1;1;410008;410008;410008;2;3;3;3;3;2;3;3;3;2;2;3;3;3;2;3;4;8;4;8;7;4;8;8;5;8;9;6;7;2;2;2;2;2;3;4;2;1980;37;3;2;1;1;1;410;410;410;1;4;1;2390;1;2;5;3;6;3;3;2;3;2;1;1;3;3;5;2;2;2;3;5;2;0;100000020;410004;4;2;0;0.7758333333333334;0.72;0.3783796296296296;0.38259259259259265;1.0;0.33;0.33;0.5533333333333333;0.66;1.0;1.0;0.8866666666666667;1.0;1.0;1.0;1.0;0.33;0.66;1.0;0.6633333333333334;0.0;1.0;0.0;0.3333333333333333;0.75;0.33;0.66;0.5800000000000001;0.1111111111111111;0.0;0.4444444444444444;0.1851851851851852;0.33;0.5;0.41500000000000004;0.41500000000000004;1.0;1.0;1.0;1.0;1.0;1.0;1.0;1.0;1.0;1.0;1.0;1.0;1;0;1;1;1;6;7;6;7;4;5;4;3;4;4;7;7;4;5;7;5;1;4;3;480;58000;3000;8;5;1;8;6;6;8;5;1;1;5;3;4;4;6;5;3;2;3;2;3;1;3;4;3;6;4
"1-5-0 (2020-11-16)";"doi.org/10.14281/18241.1";2018;410;"KOR";732;"ROK";410070781;20180108;201712;201801;19.27;20.01;34;1;410041;410007;8;5;2;1;781;2390;"ko";2;1;1.0;0.8032128514056225;41453.815261044176;1;1;1;2;2;3;1;2;2;1;2;1;1;2;2;1;2;2;2;2;2;2;2;1;2;2;2;2;2;3;2;2;3;3;2;1;3;3;3;2;3;2;2;4;2;3;2;3;2;2;7;6;7;4;4;4;4;4;3;2;1;2;3;3;3;3;3;3;3;3;3;3;3;2;3;4;4;3;2;3;3;3;4;2;3;3;3;3;3;3;3;2;3;6;3;3;2;0;0;0;0;0;0;0;0;0;0;0;0;6;6;7;4;4;1;8;3;3;3;3;4;2;4;3;3;2;0;1;1;1;2;0;0;3;2;4;4;4;4;4;4;4;2;2;2;2;2;2;2;4;4;4;1;1;1;3;1;2;1;2;1;7;7;5;3;4;7;4;2;2;2;2;4;4;6;8;3;2;2;4;2;3;2;1;1;6;5;5;6;8;4;6;2;2;2;1;5;1;2;3;4;4;2;2;4;4;4;1;3;1;2;3;1;2;2;2;2;3;2;2;2;2;2;2;1;1;410002;410002;410002;1;4;2;3;3;2;3;4;1;1;2;2;2;4;3;4;4;7;1;9;8;1;7;7;5;7;9;9;9;2;2;2;2;3;3;3;1;1991;26;2;1;1;1;1;410;410;410;1;4;2;2390;6;0;6;3;-3;-3;3;2;3;2;1;-3;1;-3;6;2;2;1;2;6;2;0;100000020;410004;3;2;0;0.5944444444444444;0.6922222222222223;0.5446296296296297;0.5075925925925926;1.0;0.33;0.33;0.5533333333333333;0.66;1.0;0.8333333333333334;0.8311111111111112;1.0;0.0;0.0;0.3333333333333333;0.66;0.66;0.66;0.66;0.0;0.0;1.0;0.3333333333333333;0.5;0.33;0.66;0.49666666666666676;0.5555555555555556;0.4444444444444444;0.5555555555555556;0.5185185185185185;0.66;1.0;0.8300000000000001;0.8300000000000001;1.0;1.0;1.0;1.0;1.0;1.0;1.0;1.0;1.0;1.0;1.0;1.0;1;1;0;1;0;6;5;5;6;4;4;4;3;3;4;6;7;5;4;6;5;1;8;2;350;30000;3000;7;5;1;6;6;7;7;6;1;2;1;1;10;1;1;1;1;1;1;2;2;2;3;10;1;1;-3
"1-5-0 (2020-11-16)";"doi.org/10.14281/18241.1";2018;410;"KOR";732;"ROK";410070782;20180108;201712;201801;19.33;19.54;22;1;410041;410007;8;5;2;1;782;2390;"ko";1;1;1.0;0.8032128514056225;41453.815261044176;2;2;2;3;3;4;1;1;2;2;1;2;1;1;2;2;2;1;1;1;2;1;2;2;2;2;1;2;2;3;3;2;2;1;1;1;3;3;2;3;2;2;2;2;3;2;2;1;2;2;6;8;6;4;4;4;4;4;1;2;1;2;2;4;4;4;2;2;2;2;2;2;3;3;3;2;2;2;2;2;3;2;2;2;3;3;3;2;2;2;3;2;2;7;1;1;1;0;0;0;0;0;0;0;0;0;0;0;0;8;8;5;5;5;2;8;3;3;3;2;2;2;2;6;3;2;0;0;0;0;0;2;0;1;2;4;4;4;4;4;4;4;1;1;2;2;2;2;2;1;1;2;2;1;2;1;2;2;3;1;3;8;7;7;8;6;7;6;2;2;2;2;3;3;7;8;3;2;2;7;1;1;1;1;1;1;1;1;4;3;1;1;1;1;1;1;1;1;1;2;2;2;2;2;1;1;3;1;5;1;5;2;3;3;3;3;3;3;3;3;3;3;3;3;1;1;410002;410002;410002;2;3;2;3;2;2;2;3;3;2;2;2;2;2;2;3;3;7;4;7;7;6;7;6;7;7;6;7;7;2;2;1;1;2;4;4;1;1954;63;5;3;1;1;1;410;410;410;1;2;1;2390;1;2;3;2;3;2;1;1;1;1;1;5;7;-5;9;3;1;2;5;3;1;0;100000020;410004;2;2;2;0.3875;0.555;0.4636111111111111;0.26222222222222225;0.0;0.33;0.0;0.11;1.0;1.0;1.0;1.0;0.0;0.0;0.0;0.0;0.33;0.33;0.66;0.44;1.0;1.0;1.0;1.0;0.25;0.33;0.66;0.41333333333333333;0.0;0.0;0.3333333333333333;0.1111111111111111;0.66;0.0;0.33;0.33;1.0;1.0;1.0;1.0;1.0;1.0;1.0;1.0;1.0;1.0;1.0;1.0;0;1;0;0;1;7;8;7;8;7;7;8;7;7;8;6;8;7;2;4;7;2;3;5;250;25000;0;8;4;1;7;6;7;7;8;1;1;5;6;8;6;4;4;5;2;1;2;2;2;2;8;6;5;4
"1-5-0 (2020-11-16)";"doi.org/10.14281/18241.1";2018;410;"KOR";732;"ROK";410070783;20180108;201712;201801;19.52;20.12;20;1;410031;410020;8;5;2;1;783;2390;"ko";2;1;1.0;0.8032128514056225;41453.815261044176;1;2;2;2;1;3;1;2;1;1;1;2;2;1;2;2;2;1;2;1;2;1;2;1;2;2;3;2;2;3;2;2;3;3;1;1;3;3;4;3;2;1;3;2;2;1;1;2;2;2;7;7;6;4;4;4;4;4;1;2;1;2;2;2;3;4;3;3;3;3;4;3;3;3;4;4;3;3;4;4;3;3;3;3;4;4;3;3;4;4;3;3;3;7;3;1;2;0;2;0;1;0;0;0;0;0;2;0;0;8;8;5;3;8;2;7;3;4;3;3;3;2;3;7;3;2;1;2;0;2;1;1;2;3;3;3;2;4;4;4;3;4;2;2;2;2;1;2;1;3;3;3;1;1;1;2;1;3;2;1;3;8;7;6;5;5;7;6;1;2;2;2;3;3;4;5;2;1;2;8;4;4;2;4;4;5;5;5;6;6;5;8;1;5;1;5;4;5;7;2;4;4;3;2;2;2;2;1;2;1;1;1;1;2;3;3;2;1;3;3;1;2;3;3;3;2;410002;410002;410002;3;2;3;4;3;2;3;4;3;3;2;2;1;3;2;4;3;7;2;8;5;4;8;7;5;6;8;7;7;2;3;2;2;2;3;3;1;1970;47;4;2;1;1;1;410;410;410;1;4;1;2390;1;2;6;3;5;3;1;1;2;1;1;1;3;4;6;2;1;1;3;6;2;7;70000000;410004;2;2;1;0.7466666666666668;0.6633333333333334;0.45245370370370375;0.4890740740740741;0.5;0.66;0.66;0.6066666666666668;0.66;1.0;0.5;0.7200000000000001;1.0;1.0;1.0;1.0;0.66;0.66;0.66;0.66;0.0;1.0;1.0;0.6666666666666666;0.5;0.33;0.66;0.49666666666666676;0.4444444444444444;0.4444444444444444;0.5555555555555556;0.48148148148148145;0.33;0.0;0.165;0.165;1.0;1.0;1.0;1.0;1.0;1.0;1.0;1.0;1.0;1.0;1.0;1.0;0;0;1;0;1;7;6;5;6;4;5;4;4;6;6;5;7;3;5;7;5;1;6;3;450;24000;4000;6;6;1;6;6;6;7;4;1;1;2;3;8;2;2;3;2;2;1;2;2;2;3;8;3;1;4
"1-5-0 (2020-11-16)";"doi.org/10.14281/18241.1";2018;410;"KOR";732;"ROK";410070784;20180108;201712;201801;20.0;20.39;39;1;410011;410001;8;5;1;1;784;2390;"ko";3;1;1.0;0.8032128514056225;41453.815261044176;2;1;2;3;1;3;1;1;2;1;1;2;2;1;2;2;2;1;2;1;2;2;2;2;2;2;3;3;3;3;3;3;4;2;2;1;4;2;4;3;3;3;3;3;2;3;1;3;2;2;6;7;6;4;4;4;4;4;1;1;1;2;2;3;4;4;3;3;3;3;3;2;2;3;3;2;3;3;2;3;2;3;2;2;3;3;3;3;3;3;3;3;3;8;3;3;2;0;1;0;0;0;0;0;0;0;0;0;0;7;4;6;4;4;1;8;3;3;3;3;3;2;4;7;2;2;2;2;1;1;1;1;1;2;2;4;4;4;4;4;4;4;2;2;2;3;3;2;2;2;3;3;1;1;1;2;1;1;2;3;4;8;7;5;3;2;8;3;2;2;2;2;3;3;7;8;3;2;2;4;3;4;5;4;4;7;5;5;5;4;5;5;2;2;5;5;4;5;5;3;3;3;4;3;5;1;5;1;2;1;1;1;2;2;2;2;2;2;2;2;2;2;2;2;4;4;-2;-2;-2;2;2;3;3;2;2;3;3;2;2;2;3;3;4;1;3;5;8;3;10;6;2;2;7;5;5;9;8;8;2;2;2;2;2;2;2;2;1996;21;1;1;1;1;1;410;410;410;1;4;2;2390;6;0;3;2;-3;-3;5;3;6;3;1;-3;3;-3;3;2;2;1;3;6;2;0;100000020;410004;2;2;2;0.7475;0.7750000000000001;0.5933796296296296;0.6042592592592593;1.0;0.33;0.66;0.6633333333333334;0.66;1.0;1.0;0.8866666666666667;1.0;1.0;1.0;1.0;0.66;0.33;0.33;0.44;1.0;1.0;1.0;1.0;0.75;0.66;0.66;0.6900000000000001;0.6666666666666666;0.4444444444444444;0.4444444444444444;0.5185185185185185;0.33;0.0;0.165;0.165;1.0;1.0;1.0;1.0;1.0;1.0;1.0;1.0;1.0;1.0;1.0;1.0;0;0;1;1;0;7;7;7;9;6;7;5;5;6;7;5;8;5;9;5;4;1;4;2;500;40000;5000;7;6;1;8;7;5;7;6;2;2;7;2;5;5;5;5;5;2;4;2;2;2;2;7;5;5;-3
"1-5-0 (2020-11-16)";"doi.org/10.14281/18241.1";2018;410;"KOR";732;"ROK";410070785;20180108;201712;201801;20.02;21.01;59;1;410041;410007;8;5;2;1;785;2390;"ko";2;1;1.0;0.8032128514056225;41453.815261044176;1;2;2;2;1;4;2;2;1;1;1;1;2;1;2;2;2;1;2;1;1;1;2;1;2;2;2;2;3;3;3;3;3;3;1;1;3;3;3;3;2;1;2;2;2;3;2;2;2;2;8;6;5;4;4;4;4;4;3;2;2;3;2;4;4;4;3;3;3;2;3;2;2;3;3;3;3;3;3;3;2;2;2;2;3;3;2;3;2;3;2;2;2;9;3;1;2;0;0;0;0;0;0;0;0;0;0;0;0;7;7;4;3;7;2;8;4;4;4;3;3;2;4;2;3;2;1;2;0;2;2;2;2;3;3;3;2;3;3;3;2;3;1;2;2;3;2;2;2;2;2;3;2;2;1;2;1;2;3;2;1;7;6;5;4;3;8;1;2;2;2;2;4;4;7;8;3;1;1;2;1;2;1;1;1;5;6;7;7;4;4;7;1;2;1;1;5;1;3;4;4;4;3;2;2;1;2;1;3;1;2;1;2;1;2;2;2;2;2;1;2;2;2;2;1;1;-2;-2;-2;2;3;3;4;3;2;2;3;2;2;1;1;3;4;1;4;2;7;5;9;7;1;9;5;1;9;9;6;5;3;2;2;2;2;3;3;1;1970;47;4;2;1;1;1;410;410;410;1;4;1;2390;1;2;3;2;3;2;2;1;3;2;1;2;4;4;7;2;1;2;3;5;2;0;100000020;410004;2;2;1;0.54;0.6933333333333334;0.5489814814814815;0.5996296296296297;0.5;0.33;0.33;0.3866666666666667;1.0;1.0;1.0;1.0;1.0;0.0;0.0;0.3333333333333333;0.66;0.33;0.33;0.44;0.0;1.0;1.0;0.6666666666666666;0.5;0.66;0.66;0.6066666666666668;0.4444444444444444;0.6666666666666666;0.6666666666666666;0.5925925925925926;0.66;0.0;0.33;0.33;1.0;1.0;1.0;1.0;1.0;1.0;1.0;1.0;1.0;1.0;1.0;1.0;0;1;0;1;0;6;5;5;6;4;5;4;3;4;4;5;6;5;5;8;4;4;2;3;370;38500;2600;6;4;2;6;5;6;6;5;1;2;3;4;7;3;3;3;3;1;7;2;1;2;3;6;2;4;4
"1-5-0 (2020-11-16)";"doi.org/10.14281/18241.1";2018;410;"KOR";732;"ROK";410070786;20180108;201712;201801;20.04;20.25;21;1;410041;410007;8;5;2;1;786;2390;"ko";2;1;1.0;0.8032128514056225;41453.815261044176;1;2;2;3;3;3;1;2;2;1;1;1;2;1;2;2;2;1;1;1;2;1;1;2;2;2;2;2;3;2;3;2;2;1;3;3;2;1;3;2;2;2;1;2;2;1;1;1;2;3;6;7;7;4;4;4;4;4;1;2;1;3;2;4;4;4;3;2;2;2;2;2;1;3;3;3;2;2;2;3;2;2;2;2;3;3;3;2;2;2;2;2;2;7;2;1;1;0;0;0;0;0;0;0;0;0;0;0;0;10;6;6;4;6;2;7;3;3;3;2;2;2;2;7;3;2;1;1;0;1;0;2;0;2;2;4;4;4;2;4;4;4;1;1;2;1;1;2;2;1;2;2;1;2;2;2;1;1;3;1;2;7;6;7;6;7;7;6;1;1;1;1;3;3;4;5;2;1;2;5;1;1;1;1;1;1;1;1;4;3;1;1;1;1;1;1;1;1;1;2;2;2;3;3;5;1;5;1;5;2;5;2;3;3;3;3;3;3;3;3;3;3;3;3;1;1;410002;410002;410002;2;2;1;1;3;2;1;3;2;2;2;2;3;3;2;2;4;7;6;7;8;7;8;8;8;7;8;8;7;3;2;1;1;2;3;4;2;1948;69;6;3;1;1;1;410;410;410;1;2;1;2390;1;2;2;1;3;2;1;1;1;1;5;4;-3;-5;9;-3;2;2;5;3;1;0;100000020;410004;1;1;1;0.29000000000000004;0.47000000000000003;0.2977777777777778;0.26222222222222225;0.0;0.33;0.33;0.22;0.66;1.0;0.5;0.7200000000000001;0.0;0.0;0.0;0.0;0.33;0.33;0.0;0.22;0.0;1.0;1.0;0.6666666666666666;0.25;0.66;0.33;0.4133333333333334;0.0;0.0;0.3333333333333333;0.1111111111111111;0.0;0.0;0.0;0.0;1.0;1.0;1.0;1.0;1.0;1.0;1.0;1.0;1.0;1.0;1.0;1.0;0;0;0;0;1;7;8;7;8;6;7;6;7;7;8;6;8;7;4;1;7;-3;-3;5;180;25000;0;-3;3;1;-3;-3;-3;7;6;1;1;5;5;8;6;5;5;5;3;1;2;2;2;2;8;6;5;4
"1-5-0 (2020-11-16)";"doi.org/10.14281/18241.1";2018;410;"KOR";732;"ROK";410070787;20180108;201712;201801;20.06;20.31;25;1;410047;410013;7;4;3;1;787;2390;"ko";3;1;1.0;0.8032128514056225;41453.815261044176;1;1;2;2;1;1;1;1;1;1;2;2;2;2;1;2;2;1;2;2;1;1;2;1;2;2;2;3;3;3;3;2;4;2;2;1;4;2;5;2;2;1;2;2;2;3;2;3;2;2;7;7;5;4;4;4;4;4;1;2;1;2;3;4;3;3;2;1;2;2;2;2;2;3;3;3;2;2;2;2;2;2;1;1;1;1;1;3;2;2;3;2;2;7;3;2;2;2;0;0;0;0;0;0;0;0;1;0;0;7;7;6;4;4;2;6;3;3;2;2;2;2;2;7;4;2;2;2;0;1;0;1;1;2;3;3;2;4;3;4;3;4;1;2;2;2;1;2;2;1;2;3;1;2;1;1;2;3;1;1;2;7;7;5;5;3;7;8;1;1;1;1;3;3;1;2;1;1;1;6;1;2;1;1;1;3;2;3;5;5;3;3;2;1;1;1;2;2;2;3;3;4;3;3;5;1;5;5;5;5;5;5;2;3;3;3;2;3;3;3;3;3;3;3;1;1;410001;410001;410001;2;3;3;2;2;2;2;4;1;1;2;2;4;4;1;4;5;7;3;8;7;3;3;7;4;7;9;6;6;2;2;1;1;1;3;3;2;1953;64;5;3;1;1;1;410;410;410;1;2;1;2390;1;2;2;1;2;1;1;1;1;1;5;1;-3;4;9;-3;2;2;3;4;2;2;20000000;410004;1;1;0;0.27666666666666667;0.27666666666666667;0.41324074074074074;0.49314814814814817;1.0;0.33;0.33;0.5533333333333333;0.0;0.0;0.0;0.0;1.0;0.0;0.0;0.3333333333333333;0.0;0.33;0.33;0.22;1.0;0.0;1.0;0.6666666666666666;0.75;0.66;0.66;0.6900000000000001;0.2222222222222222;0.2222222222222222;0.4444444444444444;0.2962962962962963;0.0;0.0;0.0;0.0;1.0;1.0;1.0;1.0;1.0;1.0;1.0;1.0;1.0;1.0;1.0;1.0;0;0;0;0;1;7;5;5;5;3;5;4;4;3;4;4;7;4;5;5;3;-3;-3;3;300;13000;1000;-3;3;1;-3;-3;-3;8;5;1;1;2;2;3;5;2;2;1;1;2;3;2;1;4;3;5;2;4
"1-5-0 (2020-11-16)";"doi.org/10.14281/18241.1";2018;410;"KOR";732;"ROK";410070788;20180108;201712;201801;20.08;20.34;27;1;410028;410004;8;5;2;1;788;2390;"ko";2;1;1.0;0.8032128514056225;41453.815261044176;1;1;2;2;1;3;1;2;1;1;2;1;1;2;2;2;2;1;2;1;2;1;2;2;2;2;2;2;2;3;3;3;3;3;2;1;4;2;4;2;2;2;2;4;2;3;1;2;2;2;8;8;6;4;4;4;4;4;1;1;1;2;2;3;3;3;2;2;3;2;2;3;3;3;3;3;3;2;2;3;2;2;2;2;2;2;2;2;2;2;2;2;2;6;1;1;2;0;0;0;0;0;0;0;0;0;0;0;0;8;8;2;2;6;2;5;2;2;2;2;2;2;4;6;2;2;2;2;2;1;2;2;2;3;3;4;3;4;4;4;3;3;1;1;2;2;2;2;2;3;3;3;2;2;1;1;2;3;1;1;2;9;9;7;4;8;9;2;2;2;2;2;3;3;7;8;3;2;2;3;2;2;1;2;1;1;1;5;7;6;1;1;1;1;1;1;1;1;1;3;3;3;2;2;1;1;2;1;4;1;4;1;2;2;2;2;2;2;3;3;3;3;3;3;1;1;410002;410002;410002;2;2;3;3;2;2;3;4;3;3;2;3;3;3;2;4;5;10;3;9;10;3;9;9;3;9;10;7;7;2;2;2;2;2;3;3;1;1973;44;3;2;1;1;1;410;410;410;1;4;1;2390;1;2;6;3;6;3;3;2;3;2;1;5;3;-5;6;2;1;2;3;4;2;0;100000020;410004;1;1;0;0.6225;0.6366666666666667;0.30009259259259263;0.4335185185185186;0.5;0.33;0.33;0.3866666666666667;0.66;1.0;1.0;0.8866666666666667;1.0;1.0;0.0;0.6666666666666666;0.33;0.66;0.66;0.55;0.0;0.0;1.0;0.3333333333333333;0.5;0.33;0.66;0.49666666666666676;0.0;0.4444444444444444;0.6666666666666666;0.3703703703703704;0.0;0.0;0.0;0.0;1.0;1.0;1.0;1.0;1.0;1.0;1.0;1.0;1.0;1.0;1.0;1.0;0;0;0;0;1;8;5;6;7;2;3;2;2;5;4;5;8;3;7;5;4;1;3;3;350;38000;0;8;4;1;8;8;7;8;6;1;4;5;6;8;4;3;5;6;2;1;2;3;2;3;8;4;3;4
"1-5-0 (2020-11-16)";"doi.org/10.14281/18241.1";2018;410;"KOR";732;"ROK";410070789;20180108;201712;201801;20.11;20.32;21;1;410011;410001;8;5;1;1;789;2390;"ko";2;1;1.0;0.8032128514056225;41453.815261044176;1;2;2;3;2;3;1;2;2;2;1;1;2;1;2;2;1;1;2;1;2;1;2;2;1;2;2;2;3;3;2;2;4;2;3;3;4;2;4;3;3;4;3;3;2;2;1;3;2;1;7;7;5;4;4;4;4;4;1;2;1;2;2;3;3;3;3;2;3;3;3;3;3;3;3;4;2;3;3;3;3;3;2;1;2;2;2;1;1;2;2;2;1;4;3;1;2;0;0;0;0;0;0;0;0;0;0;0;0;7;5;7;5;6;1;7;2;3;3;4;4;1;2;8;2;2;2;1;0;0;1;1;2;3;2;4;4;4;4;4;4;4;1;1;2;2;2;2;2;1;1;2;2;2;1;3;1;2;3;2;3;7;8;5;8;7;7;5;2;2;2;2;2;2;7;8;3;2;1;5;3;2;1;3;2;2;1;2;5;4;1;1;1;2;2;1;1;1;1;2;2;2;3;2;5;1;5;3;5;3;5;3;3;3;3;3;3;3;3;3;3;3;3;3;2;1;-2;-2;-2;2;3;3;3;3;2;3;3;2;2;2;2;3;3;2;3;3;8;4;8;8;4;8;7;5;8;8;6;7;2;3;2;2;2;3;3;2;1988;29;2;1;1;1;1;410;410;410;1;4;2;2390;6;0;6;3;-3;-3;3;2;3;2;1;-3;3;-3;5;2;2;2;3;6;2;0;100000020;410004;4;2;0;0.7750000000000001;0.7750000000000001;0.518888888888889;0.45611111111111113;1.0;0.66;0.33;0.6633333333333334;0.66;1.0;1.0;0.8866666666666667;1.0;1.0;1.0;1.0;0.33;0.66;0.66;0.55;0.0;1.0;0.0;0.3333333333333333;0.75;0.66;0.66;0.6900000000000001;0.1111111111111111;0.1111111111111111;0.4444444444444444;0.22222222222222224;0.66;1.0;0.8300000000000001;0.8300000000000001;1.0;1.0;1.0;1.0;1.0;1.0;1.0;1.0;1.0;1.0;1.0;1.0;1;1;0;1;1;6;8;6;4;7;5;4;3;3;4;3;7;4;8;6;4;1;4;3;530;78000;0;7;7;1;6;6;7;7;3;1;1;3;3;3;2;4;3;2;2;7;2;3;2;3;5;3;4;-3
"1-5-0 (2020-11-16)";"doi.org/10.14281/18241.1";2018;410;"KOR";732;"ROK";410070790;20180108;201712;201801;20.11;20.46;35;1;410041;410007;8;5;2;1;790;2390;"ko";1;1;1.0;0.8032128514056225;41453.815261044176;1;1;2;2;1;4;2;2;1;1;1;1;2;1;2;2;2;1;2;1;1;1;2;1;2;2;1;2;2;3;2;3;2;1;1;1;2;1;3;2;2;2;3;3;1;1;2;2;3;2;6;5;6;2;2;3;2;3;3;2;1;2;2;2;3;3;3;3;2;2;3;3;3;2;3;3;3;3;3;2;3;3;3;3;3;3;2;2;2;2;2;2;2;6;2;1;1;0;0;0;0;0;0;0;0;0;0;0;0;4;5;5;4;5;1;4;3;2;2;2;3;3;3;4;3;2;2;2;1;1;2;2;1;2;2;4;4;3;4;4;4;4;1;2;2;2;3;2;2;3;3;4;1;2;1;1;2;1;3;1;2;7;7;6;5;7;6;4;2;2;2;2;3;3;7;8;3;2;2;4;4;3;2;1;2;3;2;6;7;5;1;7;2;2;2;3;1;2;5;3;3;3;3;2;5;1;5;1;5;1;5;5;2;2;3;3;2;2;3;2;2;3;3;2;3;1;8;8;8;2;3;2;2;3;2;2;1;2;3;2;3;4;4;3;4;6;7;7;6;8;4;8;4;5;4;3;4;6;2;2;2;2;2;3;3;2;1970;47;4;2;1;1;1;410;410;410;1;4;1;2390;1;2;3;2;3;2;2;1;2;1;5;1;-3;6;10;-3;2;2;3;4;2;0;100000020;410004;1;1;1;0.6508333333333334;0.6383333333333333;0.39037037037037037;0.4474074074074075;0.5;0.33;0.0;0.27666666666666667;1.0;1.0;1.0;1.0;1.0;0.0;1.0;0.6666666666666666;0.66;0.66;0.66;0.66;0.0;1.0;1.0;0.6666666666666666;0.25;0.33;0.66;0.41333333333333333;0.2222222222222222;0.5555555555555556;0.6666666666666666;0.48148148148148157;0.0;0.0;0.0;0.0;1.0;1.0;1.0;1.0;1.0;1.0;1.0;1.0;1.0;1.0;1.0;1.0;0;0;0;0;1;5;6;5;6;6;6;5;5;6;6;7;6;5;6;5;3;-3;-3;3;300;20000;1500;6;4;1;5;5;6;6;3;1;1;6;6;5;2;3;3;3;2;4;2;3;2;3;8;4;5;4
"1-5-0 (2020-11-16)";"doi.org/10.14281/18241.1";2018;410;"KOR";732;"ROK";410070791;20180108;201712;201801;20.39;21.18;39;1;410041;410007;8;5;2;1;791;2390;"ko";2;1;1.0;0.8032128514056225;41453.815261044176;1;2;3;2;1;1;1;1;2;1;2;2;1;1;2;2;2;1;2;1;2;2;2;1;2;2;3;2;4;3;4;2;4;2;3;3;4;2;3;2;4;3;4;3;2;1;1;2;2;2;8;7;4;4;4;4;4;4;1;1;1;2;2;3;3;3;3;1;3;2;1;2;1;2;2;2;3;2;2;1;3;2;2;1;2;2;2;3;2;1;2;1;2;7;3;1;2;0;0;1;0;0;0;0;0;0;0;0;0;7;6;6;8;6;1;7;2;2;1;2;3;3;3;6;3;1;2;0;1;1;1;1;2;2;3;3;2;3;3;3;2;2;1;1;2;1;1;2;2;4;4;4;2;1;1;3;2;2;3;1;3;7;6;6;5;7;7;8;1;1;1;1;2;2;2;1;1;1;1;7;2;2;1;1;2;1;1;2;3;6;1;2;2;2;1;2;2;2;1;1;1;1;3;2;2;1;3;1;2;3;2;3;2;3;3;2;2;3;3;2;2;3;2;3;3;3;-2;-2;-2;3;2;2;3;3;2;2;2;3;3;2;3;3;2;2;3;8;7;5;8;7;8;8;5;7;7;6;8;7;2;2;1;1;1;3;3;2;1988;29;2;1;1;1;1;410;410;410;1;3;1;2390;1;1;5;3;5;3;3;2;3;2;1;1;3;3;5;1;2;1;3;6;2;1;10100000;410004;3;2;2;0.33222222222222225;0.27611111111111114;0.6027777777777777;0.4572222222222222;0.5;0.33;0.66;0.49666666666666676;0.0;0.0;0.16666666666666666;0.05555555555555555;1.0;0.0;1.0;0.6666666666666666;0.0;0.33;0.0;0.11;1.0;0.0;1.0;0.6666666666666666;0.75;1.0;0.66;0.8033333333333333;0.0;0.1111111111111111;0.2222222222222222;0.1111111111111111;0.66;1.0;0.8300000000000001;0.8300000000000001;1.0;1.0;1.0;1.0;1.0;1.0;1.0;1.0;1.0;1.0;1.0;1.0;1;1;0;0;1;8;9;8;5;7;5;6;7;6;5;7;7;6;3;8;7;1;6;2;480;18000;3000;7;5;2;8;8;8;7;7;1;2;4;3;5;5;5;3;3;2;7;3;3;2;3;6;3;4;4
"1-5-0 (2020-11-16)";"doi.org/10.14281/18241.1";2018;410;"KOR";732;"ROK";410070792;20180108;201712;201801;20.43;21.03;20;1;410041;410007;8;5;2;1;792;2390;"ko";2;1;1.0;0.8032128514056225;41453.815261044176;1;2;2;3;3;3;1;2;2;1;1;2;1;1;2;2;2;1;2;1;2;1;2;2;2;2;2;2;3;3;2;2;2;1;2;1;3;3;3;2;2;3;1;2;3;1;1;1;2;2;7;6;6;4;4;4;4;4;1;2;1;3;2;4;4;4;3;2;2;1;1;1;1;3;3;3;2;2;3;2;2;2;2;2;2;2;1;2;1;2;2;2;2;7;1;2;1;0;0;0;0;0;0;0;0;0;1;0;0;10;7;8;4;6;1;8;3;3;3;2;2;2;2;7;3;1;0;0;1;1;0;2;0;2;2;4;4;4;2;4;4;4;1;1;2;2;2;2;2;2;2;2;1;1;2;2;1;3;4;1;2;8;8;7;7;8;8;5;1;1;2;2;3;3;6;5;2;2;1;4;1;1;1;1;1;1;1;1;4;5;1;1;1;1;1;1;1;1;1;2;2;2;3;3;3;1;3;1;5;1;5;2;3;3;3;3;3;3;3;3;3;3;3;3;2;2;-2;-2;-2;2;2;1;1;2;2;2;2;2;1;2;2;2;2;2;3;5;8;4;7;8;9;7;7;8;8;7;7;8;2;2;1;1;2;4;4;2;1966;51;4;3;1;1;1;410;410;410;1;4;1;2390;1;2;3;2;5;3;2;1;2;1;5;3;-3;5;5;-3;2;1;3;5;2;0;100000020;410004;2;2;1;0.29027777777777786;0.5255555555555557;0.3665277777777778;0.3172222222222222;0.0;0.33;0.33;0.22;0.66;1.0;0.8333333333333334;0.8311111111111112;0.0;0.0;0.0;0.0;0.33;0.0;0.0;0.11;0.0;1.0;1.0;0.6666666666666666;0.25;0.66;0.66;0.5233333333333333;0.0;0.0;0.3333333333333333;0.1111111111111111;0.33;0.0;0.165;0.165;1.0;1.0;1.0;1.0;1.0;1.0;1.0;1.0;1.0;1.0;1.0;1.0;0;0;1;0;1;7;8;8;7;7;8;7;7;8;8;7;6;8;8;8;7;-3;-3;3;400;32000;0;-3;6;1;-3;-3;-3;8;5;1;1;4;6;7;6;5;4;6;3;7;2;2;2;2;7;6;5;4
"1-5-0 (2020-11-16)";"doi.org/10.14281/18241.1";2018;410;"KOR";732;"ROK";410070793;20180108;201712;201801;20.44;21.04;20;1;410028;410004;8;5;2;1;793;2390;"ko";2;1;1.0;0.8032128514056225;41453.815261044176;1;2;2;1;1;3;2;1;1;1;2;2;1;1;2;2;2;1;2;1;1;1;2;1;2;2;2;2;2;2;2;3;2;1;2;1;2;1;4;1;2;1;1;2;3;3;1;1;2;2;7;5;5;4;4;4;4;4;1;1;1;2;2;3;3;3;3;2;3;3;3;4;2;2;4;4;2;2;2;2;2;3;3;3;2;2;2;3;3;3;2;2;2;4;3;3;1;0;0;0;0;0;0;0;0;0;0;0;0;5;4;5;4;6;1;7;3;3;4;2;4;1;2;5;2;2;1;2;1;2;2;1;2;4;2;4;4;4;4;4;4;4;1;1;2;1;2;2;2;3;3;3;1;2;2;2;4;1;3;1;2;7;5;6;4;4;8;4;2;2;2;2;4;4;7;8;3;2;2;7;3;2;1;2;1;2;2;5;5;5;1;4;3;5;2;2;3;3;4;2;2;3;2;1;5;1;5;5;5;2;5;5;3;3;3;3;3;3;3;3;2;3;3;3;1;1;410009;410009;410009;2;3;2;3;3;2;3;3;3;3;1;1;3;1;2;4;9;7;2;10;5;6;6;4;5;5;8;7;7;3;2;2;2;1;3;3;1;1961;56;5;3;1;1;1;410;410;410;1;2;3;2390;1;2;3;2;3;2;1;1;2;1;1;5;6;-5;9;2;1;2;3;2;1;0;100000020;410004;1;1;2;0.5816666666666667;0.5533333333333333;0.3258333333333333;0.31833333333333336;0.0;0.33;0.33;0.22;0.66;1.0;1.0;0.8866666666666667;1.0;1.0;0.0;0.6666666666666666;0.33;1.0;0.33;0.5533333333333333;1.0;0.0;1.0;0.6666666666666666;0.25;0.33;0.33;0.3033333333333334;0.1111111111111111;0.4444444444444444;0.4444444444444444;0.3333333333333333;0.0;0.0;0.0;0.0;1.0;1.0;1.0;1.0;1.0;1.0;1.0;1.0;1.0;1.0;1.0;1.0;0;0;0;0;1;5;5;7;5;3;4;4;4;7;8;6;5;4;6;5;5;1;3;3;280;28000;3000;7;3;1;5;5;4;7;5;1;1;6;1;2;3;3;6;1;2;4;1;4;1;4;1;5;3;1
"1-5-0 (2020-11-16)";"doi.org/10.14281/18241.1";2018;410;"KOR";732;"ROK";410070794;20180108;201712;201801;20.53;21.2;27;1;410041;410007;8;5;2;1;794;2390;"ko";2;1;1.0;0.8032128514056225;41453.815261044176;2;1;2;2;2;2;2;2;2;1;1;1;1;1;2;2;2;1;1;1;2;1;2;1;2;1;1;2;2;3;2;3;3;3;3;3;2;1;3;2;2;2;2;3;2;2;1;2;2;1;6;5;5;4;4;4;4;4;1;1;1;2;1;4;2;3;2;2;2;1;2;2;2;2;2;3;2;2;2;2;2;2;1;2;2;2;1;2;2;2;2;2;2;7;3;1;2;0;0;0;0;0;0;0;0;0;0;0;0;7;5;4;5;7;2;6;3;3;4;3;3;2;1;6;4;2;2;1;1;2;2;2;1;2;2;3;3;3;4;4;2;3;1;2;2;3;3;2;2;2;2;3;1;2;1;2;3;1;3;1;3;7;6;3;4;3;7;2;2;2;2;2;3;4;7;8;3;2;2;8;2;1;2;2;1;2;2;3;4;4;1;2;1;1;1;2;2;3;4;3;4;3;3;2;4;2;4;1;1;1;2;1;2;2;1;2;2;2;3;3;1;2;3;3;1;1;410002;410002;410002;2;2;1;2;1;2;2;2;1;2;1;3;2;4;2;4;2;5;2;7;7;2;7;6;3;7;8;7;7;2;1;1;2;1;2;3;2;1995;22;1;1;1;1;1;410;410;410;1;4;2;2390;6;0;3;2;-3;-3;3;2;6;3;6;-3;-3;-3;3;-3;2;1;3;7;2;0;100000020;410004;2;1;1;0.40166666666666667;0.4716666666666667;0.40888888888888886;0.3594444444444445;0.5;0.0;0.0;0.16666666666666666;0.33;1.0;1.0;0.7766666666666667;0.0;1.0;0.0;0.3333333333333333;0.33;0.33;0.33;0.33;0.0;1.0;1.0;0.6666666666666666;0.5;0.33;0.66;0.49666666666666676;0.1111111111111111;0.2222222222222222;0.3333333333333333;0.22222222222222224;0.0;0.5;0.25;0.25;1.0;1.0;1.0;1.0;1.0;1.0;1.0;1.0;1.0;1.0;1.0;1.0;1;0;0;0;1;8;6;6;5;3;5;3;5;3;4;3;8;2;8;8;7;-3;-3;2;600;150000;0;-3;7;1;-3;-3;-3;8;2;1;3;6;5;6;5;6;6;4;2;1;2;3;1;3;6;5;6;-3
"1-5-0 (2020-11-16)";"doi.org/10.14281/18241.1";2018;410;"KOR";732;"ROK";410070795;20180108;201712;201801;20.54;21.29;35;1;410011;410001;8;5;1;1;795;2390;"ko";3;1;1.0;0.8032128514056225;41453.815261044176;2;2;2;2;1;3;2;1;2;1;2;1;2;1;2;1;2;1;2;1;2;1;2;2;2;2;3;3;3;2;3;3;3;3;2;1;3;3;3;2;3;3;3;3;2;2;1;3;2;2;6;8;8;4;4;4;4;4;2;1;2;2;2;3;3;3;3;3;3;3;3;2;2;2;3;3;3;3;3;3;2;3;3;3;3;3;3;3;3;3;3;3;3;8;3;1;2;0;0;0;0;0;0;0;0;0;0;0;0;8;3;8;3;3;2;8;3;4;3;3;3;2;3;7;4;2;2;1;1;1;1;1;1;2;2;4;1;4;4;4;2;4;2;2;2;2;3;2;2;3;3;3;2;1;1;1;2;1;2;1;2;8;7;4;7;4;7;3;2;2;2;2;3;3;6;7;3;2;2;5;5;3;2;3;4;3;3;3;3;3;3;6;2;2;2;5;3;5;3;3;3;3;2;2;2;1;2;1;1;1;1;1;2;2;2;2;2;2;2;2;2;2;2;2;1;1;-2;-2;-2;2;3;3;4;3;3;3;3;3;2;2;3;3;3;2;4;5;5;3;10;7;2;9;4;2;8;9;6;6;2;2;2;2;2;2;3;1;1983;34;2;2;1;1;1;410;410;410;1;4;2;2390;6;0;5;3;-3;-3;1;1;1;1;1;-3;4;-3;8;2;2;1;2;7;2;0;100000020;410004;2;2;2;0.7336111111111111;0.7472222222222223;0.38763888888888887;0.35944444444444446;1.0;0.33;0.66;0.6633333333333334;0.66;1.0;0.8333333333333334;0.8311111111111112;1.0;1.0;1.0;1.0;0.66;0.33;0.33;0.44;1.0;0.0;1.0;0.6666666666666666;0.5;0.66;0.33;0.49666666666666676;0.2222222222222222;0.2222222222222222;0.2222222222222222;0.2222222222222222;0.33;0.0;0.165;0.165;1.0;1.0;1.0;1.0;1.0;1.0;1.0;1.0;1.0;1.0;1.0;1.0;0;0;1;0;1;7;6;6;8;8;7;6;6;6;5;5;8;5;4;7;8;1;4;2;600;55000;10000;8;7;1;9;8;8;7;8;1;4;7;3;7;5;5;5;5;2;1;2;1;2;2;8;2;5;-3
"1-5-0 (2020-11-16)";"doi.org/10.14281/18241.1";2018;410;"KOR";732;"ROK";410070796;20180108;201712;201801;9.02;9.23;21;1;410041;410007;8;5;2;1;796;2390;"ko";2;1;1.0;0.8032128514056225;41453.815261044176;1;2;1;2;1;2;1;2;2;1;2;1;2;1;1;2;2;1;2;1;2;1;1;1;2;2;1;3;2;4;3;3;3;3;2;1;3;3;3;2;2;1;2;2;2;1;1;1;2;1;8;7;6;4;4;4;4;4;1;1;1;2;2;3;3;4;1;3;1;2;3;2;3;2;3;2;1;2;1;2;2;3;4;3;4;4;2;3;3;2;2;3;3;7;3;1;3;2;2;1;0;0;0;1;0;0;1;0;0;7;4;6;4;7;1;5;2;3;2;2;3;2;3;5;4;2;2;1;1;0;1;0;1;2;2;4;4;4;4;4;3;4;1;2;2;2;1;2;2;1;2;3;1;2;1;2;1;1;3;1;4;8;7;4;4;5;7;7;1;1;1;1;3;3;2;2;1;1;1;4;3;6;4;4;4;5;2;6;5;3;2;3;3;1;3;2;2;4;3;4;3;3;2;1;3;1;1;1;3;1;1;1;1;1;1;2;1;2;3;1;1;1;3;3;2;2;410002;410002;410002;1;3;3;4;2;1;3;4;1;2;1;2;3;4;4;3;3;3;2;9;4;2;8;3;2;8;9;7;7;2;1;1;2;1;3;3;1;1980;37;3;2;1;1;1;410;410;410;1;4;1;2390;1;2;6;3;6;3;3;2;5;3;1;1;1;1;1;2;1;1;2;6;2;1;10100000;410004;0;1;0;0.4288888888888889;0.08277777777777778;0.3562037037037037;0.5457407407407407;0.0;0.0;0.0;0.0;0.33;0.0;0.16666666666666666;0.16555555555555557;1.0;1.0;1.0;1.0;0.66;0.33;0.66;0.5499999999999999;0.0;0.0;1.0;0.3333333333333333;0.5;0.33;1.0;0.61;0.4444444444444444;0.5555555555555556;0.4444444444444444;0.48148148148148145;0.0;0.0;0.0;0.0;1.0;1.0;1.0;1.0;1.0;1.0;1.0;1.0;1.0;1.0;1.0;1.0;0;0;0;0;0;8;4;5;6;5;6;5;3;3;4;6;7;5;6;8;5;1;2;2;510;38000;1500;7;5;1;8;7;6;8;6;1;4;6;5;8;2;4;3;5;1;1;2;3;2;2;8;4;3;4
"1-5-0 (2020-11-16)";"doi.org/10.14281/18241.1";2018;410;"KOR";732;"ROK";410070797;20180108;201712;201801;9.02;9.33;31;1;410041;410007;8;5;2;1;797;2390;"ko";2;1;1.0;0.8032128514056225;41453.815261044176;1;2;2;3;1;2;1;2;1;2;1;1;1;2;2;2;2;1;2;1;2;1;2;1;2;2;2;1;2;2;3;2;2;1;3;3;3;3;4;3;2;3;3;3;2;3;2;2;3;3;6;5;6;2;3;2;3;2;1;2;1;2;2;3;2;3;3;2;3;2;3;3;3;3;3;3;3;3;3;3;3;3;3;2;2;2;1;1;1;1;1;1;1;5;3;3;1;0;0;0;0;0;0;0;0;0;0;0;0;5;6;4;6;4;1;5;3;3;3;3;3;2;3;5;3;2;2;1;1;2;2;1;1;2;2;4;4;4;3;4;4;4;1;2;2;2;2;2;2;2;4;4;2;1;1;1;2;1;3;1;3;4;4;7;5;4;4;5;1;1;1;1;2;3;4;5;2;2;1;4;3;3;2;2;2;4;2;7;7;6;2;7;2;3;2;2;1;2;4;3;3;4;2;2;5;1;5;2;3;3;5;2;2;3;3;3;3;3;3;3;3;3;3;3;2;1;410002;410002;410002;2;3;1;2;3;3;1;2;3;2;2;3;3;4;3;3;7;7;6;7;8;4;4;4;5;5;5;6;4;3;3;2;2;2;3;3;1;1959;58;5;3;1;1;1;410;410;410;1;5;2;2390;1;2;3;2;3;2;1;1;1;1;1;1;4;4;10;2;1;2;3;4;2;0;100000020;410004;1;1;0;0.6641666666666666;0.5533333333333333;0.3813888888888889;0.4294444444444444;0.5;0.66;0.33;0.49666666666666676;0.33;1.0;0.5;0.61;1.0;1.0;1.0;1.0;0.33;0.66;0.66;0.55;0.0;1.0;1.0;0.6666666666666666;0.25;0.33;0.33;0.3033333333333334;0.3333333333333333;0.6666666666666666;0.6666666666666666;0.5555555555555555;0.0;0.0;0.0;0.0;1.0;1.0;1.0;1.0;1.0;1.0;1.0;1.0;1.0;1.0;1.0;1.0;0;0;0;0;1;6;6;5;5;3;5;6;5;4;4;4;7;4;6;4;4;4;1;3;300;28000;2000;5;4;1;6;6;7;6;3;1;1;1;1;7;2;3;1;1;3;3;2;3;2;2;5;4;4;4
"1-5-0 (2020-11-16)";"doi.org/10.14281/18241.1";2018;410;"KOR";732;"ROK";410070798;20180108;201712;201801;9.12;9.35;24;1;410028;410004;8;5;2;1;798;2390;"ko";3;1;1.0;0.8032128514056225;41453.815261044176;1;2;2;3;1;2;1;2;1;1;2;1;1;2;2;2;2;1;2;1;2;1;2;2;2;2;2;3;3;3;3;3;3;3;2;1;4;2;3;1;2;2;1;3;2;3;1;2;2;2;6;6;6;4;4;4;4;4;3;1;1;2;2;3;3;3;2;2;3;3;2;3;3;3;3;3;3;2;3;3;2;2;2;2;3;3;2;2;3;3;2;2;2;6;1;3;2;0;0;0;0;0;0;0;0;0;0;0;0;8;7;2;3;6;2;5;2;2;2;2;2;2;4;8;2;2;2;2;2;1;2;2;2;2;3;4;3;4;4;3;4;4;1;1;2;2;2;2;2;3;4;4;2;2;2;1;4;3;1;1;3;10;10;8;7;8;9;8;1;1;1;1;3;3;2;2;2;1;1;3;2;1;1;1;1;1;1;5;7;5;1;1;1;1;1;1;1;1;2;2;4;4;3;3;2;2;5;1;1;1;1;1;3;3;3;3;3;2;3;3;3;3;3;3;1;1;410002;410002;410002;2;3;3;3;2;2;4;4;2;2;1;3;3;4;2;4;4;8;2;9;10;2;9;4;3;9;9;8;8;2;2;1;1;2;4;4;2;1991;26;2;1;1;1;1;410;410;410;1;4;2;2390;6;0;6;3;-3;-3;5;3;6;3;1;-3;3;-3;3;2;2;1;3;5;2;2;20000000;410004;1;1;0;0.3588888888888889;0.4427777777777778;0.3275925925925926;0.4885185185185186;0.5;0.33;0.33;0.3866666666666667;0.33;1.0;0.16666666666666666;0.49888888888888894;0.0;0.0;0.0;0.0;0.33;0.66;0.66;0.55;0.0;0.0;1.0;0.3333333333333333;0.5;0.66;0.66;0.6066666666666668;0.0;0.4444444444444444;0.6666666666666666;0.3703703703703704;0.0;0.0;0.0;0.0;1.0;1.0;1.0;1.0;1.0;1.0;1.0;1.0;1.0;1.0;1.0;1.0;0;0;0;0;1;6;4;5;4;4;5;3;2;4;3;5;7;2;7;6;4;1;4;2;500;45000;3000;6;5;1;7;6;6;8;3;1;1;4;5;7;2;3;4;5;3;1;2;3;2;3;7;2;3;-3
"1-5-0 (2020-11-16)";"doi.org/10.14281/18241.1";2018;410;"KOR";732;"ROK";410070799;20180108;201712;201801;9.13;9.33;20;1;410028;410004;8;5;2;1;799;2390;"ko";2;1;1.0;0.8032128514056225;41453.815261044176;1;2;2;2;2;1;2;1;1;1;2;2;2;1;1;2;2;1;2;1;1;1;2;1;2;2;2;2;2;4;3;3;3;3;1;1;3;3;5;3;2;2;1;2;3;3;2;2;2;2;9;5;5;4;4;4;4;4;1;2;1;3;2;3;3;3;2;2;4;4;4;2;2;2;4;4;2;2;2;2;2;3;3;3;3;3;1;2;3;2;3;2;2;4;3;1;2;2;0;0;0;0;0;0;0;0;0;0;0;9;3;8;3;2;1;8;2;2;3;2;4;1;3;7;2;2;1;2;1;2;2;1;2;4;2;4;4;4;4;4;4;4;1;1;2;1;2;2;2;2;2;2;1;2;1;4;2;1;3;1;2;7;5;5;4;7;7;9;1;1;1;1;2;2;2;2;1;1;1;8;1;2;1;2;2;1;1;2;5;5;1;3;1;5;3;3;1;2;5;4;4;4;2;3;5;1;5;1;3;1;2;4;3;3;3;3;3;3;3;3;1;1;1;2;1;1;5;5;5;2;3;1;3;3;2;3;3;1;2;2;1;3;1;2;3;7;4;5;9;4;6;8;3;3;8;8;4;5;3;2;2;2;1;3;3;2;1977;40;3;2;2;1;1;-2;410;410;1;3;1;2390;6;0;6;3;-3;-3;3;2;6;3;1;-3;3;-3;3;2;2;1;3;4;2;2;20000000;-5;1;1;1;0.4430555555555556;0.22111111111111115;0.365462962962963;0.3975925925925926;0.5;0.33;0.33;0.3866666666666667;0.0;0.0;0.16666666666666666;0.05555555555555555;1.0;1.0;1.0;1.0;0.33;0.33;0.33;0.33;1.0;0.0;1.0;0.6666666666666666;0.5;0.33;1.0;0.61;0.0;0.1111111111111111;0.4444444444444444;0.1851851851851852;0.0;0.0;0.0;0.0;1.0;1.0;1.0;1.0;1.0;1.0;1.0;1.0;1.0;1.0;1.0;1.0;0;0;0;0;1;5;4;7;7;3;3;6;5;8;8;8;7;3;7;5;3;1;6;2;550;35000;0;-3;4;1;-3;-3;-3;8;3;1;1;5;2;3;2;4;5;1;2;2;1;4;1;4;1;3;4;-3
"1-5-0 (2020-11-16)";"doi.org/10.14281/18241.1";2018;410;"KOR";732;"ROK";410070800;20180108;201712;201801;9.2;10.0;41;1;410041;410007;8;5;2;1;800;2390;"ko";2;1;1.0;0.8032128514056225;41453.815261044176;1;2;2;3;1;3;1;1;2;1;1;1;2;2;2;2;2;1;2;1;1;2;2;2;2;2;2;1;1;2;2;2;2;1;2;1;1;1;2;3;3;4;3;2;2;2;2;3;2;2;7;7;7;4;4;4;4;4;1;2;1;2;3;3;3;3;3;2;2;2;3;2;2;2;3;4;3;3;3;3;3;3;3;3;3;3;3;3;3;3;3;3;3;6;3;1;2;0;1;0;0;0;0;0;0;0;0;0;0;6;7;6;7;7;1;6;2;2;3;3;2;2;2;6;4;2;1;2;1;2;1;1;1;2;2;3;2;3;3;3;2;2;2;2;2;3;3;2;2;3;3;3;1;1;1;1;2;1;3;2;1;6;6;7;7;5;8;6;1;2;2;2;4;4;7;8;2;1;1;6;4;1;1;1;1;7;5;6;7;7;8;8;1;6;2;3;4;2;7;2;2;3;3;2;3;2;4;1;1;1;1;1;2;1;2;2;1;2;2;1;2;2;2;2;3;3;-2;-2;-2;2;2;2;3;3;3;2;2;2;3;2;3;3;3;2;3;7;6;7;6;8;2;5;6;5;7;6;4;7;2;2;2;2;2;2;2;2;1992;25;2;1;1;1;1;410;410;410;1;4;2;2390;6;0;6;3;-3;-3;6;3;6;3;1;-3;3;-3;2;3;2;1;2;7;2;0;100000020;410004;1;1;1;0.4425;0.72;0.4557407407407408;0.4114814814814815;1.0;0.33;0.33;0.5533333333333333;0.66;1.0;1.0;0.8866666666666667;0.0;0.0;0.0;0.0;0.33;0.33;0.33;0.33;1.0;1.0;1.0;1.0;0.25;0.0;0.33;0.19333333333333336;0.6666666666666666;0.5555555555555556;0.6666666666666666;0.6296296296296297;0.0;0.0;0.0;0.0;1.0;1.0;1.0;1.0;1.0;1.0;1.0;1.0;1.0;1.0;1.0;1.0;0;0;0;1;0;6;6;6;7;6;5;5;5;6;6;6;7;7;7;6;7;1;6;2;1000;250000;3000;8;7;1;9;8;8;8;3;2;3;5;8;5;3;3;5;5;2;5;2;2;2;3;5;2;2;-3
"1-5-0 (2020-11-16)";"doi.org/10.14281/18241.1";2018;410;"KOR";732;"ROK";410070801;20180108;201712;201801;9.27;10.16;49;1;410041;410007;8;5;2;1;801;2390;"ko";1;1;1.0;0.8032128514056225;41453.815261044176;1;3;3;2;4;2;2;2;2;1;2;1;1;1;1;2;2;1;2;1;2;1;2;1;2;2;3;3;2;2;2;2;2;1;3;3;2;1;3;3;1;2;2;2;2;2;2;2;3;3;6;7;7;4;4;4;4;4;1;2;1;3;3;3;2;4;2;1;2;3;2;2;2;1;2;2;2;1;2;2;1;2;2;2;1;1;2;2;1;1;2;1;2;7;1;1;2;2;1;0;0;0;0;0;0;0;0;0;0;8;7;9;2;8;2;7;2;2;1;2;2;2;4;7;5;2;1;2;1;1;2;1;2;3;2;2;3;3;4;4;3;3;1;1;2;4;4;2;2;4;3;4;1;2;1;1;2;1;2;2;3;7;7;7;6;8;8;7;1;1;1;1;2;2;2;1;1;1;1;5;3;3;2;1;2;2;2;2;4;4;5;6;1;1;1;2;4;2;2;1;1;1;2;2;2;1;3;5;5;5;5;4;3;3;3;3;3;3;3;3;3;3;3;3;2;2;410001;410001;410001;2;3;3;2;2;1;3;2;2;3;2;2;3;3;2;3;6;8;7;8;7;5;7;7;6;6;5;6;6;2;2;1;1;1;3;3;2;1956;61;5;3;1;1;1;410;410;410;1;2;1;2390;1;3;3;2;3;2;1;1;1;1;5;4;-3;-5;9;-3;2;3;2;7;2;2;20000000;410004;3;2;0;0.3872222222222222;0.33111111111111113;0.24671296296296297;0.2442592592592593;0.5;0.33;0.66;0.49666666666666676;0.33;0.0;0.16666666666666666;0.16555555555555557;1.0;0.0;1.0;0.6666666666666666;0.0;0.33;0.33;0.22;0.0;0.0;1.0;0.3333333333333333;0.25;0.33;0.33;0.3033333333333334;0.1111111111111111;0.1111111111111111;0.3333333333333333;0.1851851851851852;0.33;0.0;0.165;0.165;1.0;1.0;1.0;1.0;1.0;1.0;1.0;1.0;1.0;1.0;1.0;1.0;0;0;1;1;1;6;6;7;7;6;6;4;5;7;4;6;7;4;2;8;4;-3;-3;2;250;100000;0;8;7;1;8;8;9;8;7;2;1;3;2;4;7;4;3;2;1;2;2;2;1;2;5;7;5;4
"1-5-0 (2020-11-16)";"doi.org/10.14281/18241.1";2018;410;"KOR";732;"ROK";410070802;20180108;201712;201801;9.27;10.01;34;1;410041;410007;8;5;2;1;802;2390;"ko";2;1;1.0;0.8032128514056225;41453.815261044176;1;2;2;2;2;4;1;2;1;1;2;1;2;1;2;2;2;1;2;1;1;1;2;1;2;2;2;2;2;3;3;3;4;2;2;1;2;1;5;4;2;2;2;2;2;3;2;2;2;2;8;8;6;4;4;4;4;4;3;2;1;2;2;3;3;3;3;3;3;2;2;2;2;3;3;3;3;2;2;3;2;2;2;2;3;3;2;2;2;2;2;2;2;9;3;1;2;0;0;0;0;0;0;0;0;0;1;0;1;7;7;4;4;5;2;7;3;3;3;2;2;2;4;4;2;1;1;2;1;2;2;2;1;3;3;3;3;3;3;3;3;3;1;2;2;3;3;2;2;2;2;3;2;2;1;1;2;3;1;1;2;7;7;7;4;3;8;3;2;2;2;2;3;4;7;5;3;1;1;7;1;3;1;1;1;2;3;5;5;4;3;5;2;2;1;1;3;1;4;3;4;4;2;2;2;1;1;1;5;2;5;2;1;1;2;2;2;1;2;2;1;2;2;2;1;1;410002;410002;410002;2;3;3;3;2;2;3;4;1;2;1;1;3;4;1;4;4;7;5;10;7;1;10;6;1;8;10;7;6;3;2;2;2;1;3;3;1;1959;58;5;3;1;1;1;410;410;410;1;5;1;2390;1;3;3;2;3;2;1;1;1;1;3;3;6;4;9;2;1;1;3;5;2;0;100000020;410004;1;1;1;0.54;0.6933333333333334;0.31166666666666665;0.45666666666666667;0.5;0.33;0.33;0.3866666666666667;1.0;1.0;1.0;1.0;1.0;0.0;0.0;0.3333333333333333;0.66;0.33;0.33;0.44;0.0;0.0;1.0;0.3333333333333333;0.75;0.33;0.66;0.5800000000000001;0.1111111111111111;0.4444444444444444;0.4444444444444444;0.3333333333333333;0.0;0.0;0.0;0.0;1.0;1.0;1.0;1.0;1.0;1.0;1.0;1.0;1.0;1.0;1.0;1.0;0;0;0;0;1;8;6;5;6;4;5;3;3;4;5;5;7;3;7;8;4;2;2;3;580;57600;0;7;5;1;6;6;9;8;6;1;2;5;4;7;3;3;4;3;2;1;2;1;1;2;8;2;3;4
"1-5-0 (2020-11-16)";"doi.org/10.14281/18241.1";2018;410;"KOR";732;"ROK";410070803;20180108;201712;201801;9.31;10.1;39;1;410026;410002;8;5;2;1;803;2390;"ko";2;1;1.0;0.8032128514056225;41453.815261044176;1;2;2;3;3;3;2;1;1;1;1;1;2;2;2;2;2;1;1;1;1;1;2;1;2;1;3;1;2;2;2;3;2;1;1;1;2;1;3;2;3;2;2;2;2;2;1;1;2;3;8;7;6;4;4;4;4;4;1;1;1;1;2;3;3;3;2;2;3;2;3;2;3;3;4;4;3;2;2;2;2;1;2;2;3;3;3;3;2;2;2;3;3;8;3;1;2;1;0;0;0;1;0;0;0;0;0;0;0;8;7;7;8;7;1;4;2;2;1;1;1;2;2;5;3;2;1;0;0;2;1;1;0;2;2;4;4;4;4;4;4;4;1;1;2;4;4;2;2;4;3;3;1;1;2;1;3;1;2;2;1;6;5;5;5;4;4;5;2;2;2;2;3;2;6;8;3;1;2;3;4;5;6;3;2;3;2;2;5;4;4;5;2;2;3;2;3;2;2;2;2;3;2;1;5;1;1;2;5;5;5;3;1;2;2;1;3;3;2;3;2;3;3;3;3;2;410001;410001;410001;2;1;1;2;2;2;1;1;2;2;2;2;3;3;2;2;7;6;7;5;5;6;5;7;6;7;6;6;5;2;2;2;1;1;2;2;2;1952;65;6;3;1;1;1;410;410;410;1;2;1;2390;1;2;2;1;2;1;0;1;1;1;5;4;-3;-5;3;-3;2;2;3;5;2;0;100000020;410004;3;2;1;0.6502777777777778;0.5805555555555556;0.4943981481481482;0.2812962962962963;0.0;0.33;0.66;0.33;0.66;1.0;0.8333333333333334;0.8311111111111112;1.0;1.0;1.0;1.0;0.33;0.33;0.66;0.44;1.0;1.0;1.0;1.0;0.25;0.33;0.33;0.3033333333333334;0.2222222222222222;0.1111111111111111;0.4444444444444444;0.25925925925925924;0.33;0.5;0.41500000000000004;0.41500000000000004;1.0;1.0;1.0;1.0;1.0;1.0;1.0;1.0;1.0;1.0;1.0;1.0;1;0;1;1;0;8;6;6;7;7;7;6;7;6;6;6;7;7;7;6;7;-3;-3;3;300;40000;0;-3;3;1;-3;-3;-3;7;8;1;1;5;5;6;8;5;4;4;2;2;1;2;2;1;6;8;3;4
"1-5-0 (2020-11-16)";"doi.org/10.14281/18241.1";2018;410;"KOR";732;"ROK";410070804;20180108;201712;201801;9.47;10.31;44;1;410011;410001;8;5;1;1;804;2390;"ko";2;1;1.0;0.8032128514056225;41453.815261044176;1;3;3;3;3;2;1;2;1;1;1;2;2;1;2;2;2;1;2;1;2;2;2;1;2;2;3;2;2;2;2;4;3;3;2;1;4;2;4;3;2;2;2;1;2;3;1;3;2;3;7;7;8;4;4;4;4;4;1;1;1;2;2;4;3;3;3;4;3;3;3;2;2;2;3;3;3;2;3;3;2;3;3;3;3;3;3;3;3;3;3;3;3;7;3;3;2;1;0;0;0;0;0;0;0;0;0;0;0;8;2;6;4;4;1;4;2;4;3;2;2;2;3;8;4;2;1;1;1;1;1;2;1;2;2;4;2;4;4;4;3;4;2;2;2;3;3;2;2;2;3;3;1;1;2;1;2;1;2;1;2;8;7;7;5;8;8;7;2;2;2;2;3;3;4;5;1;1;1;4;5;4;4;3;3;3;2;3;3;2;3;3;3;2;2;3;5;5;4;3;3;3;3;2;5;1;5;1;5;1;5;1;3;3;3;3;3;3;3;3;3;3;3;3;1;1;-2;-2;-2;2;3;3;3;2;3;3;3;3;2;2;3;2;4;2;3;4;5;2;10;5;9;10;8;6;6;9;6;8;2;2;2;2;2;3;3;2;1963;54;4;3;1;1;1;410;410;410;1;4;1;2390;1;2;3;2;2;1;1;1;1;1;5;3;-3;4;9;-3;2;1;2;6;2;7;70000000;410004;2;2;1;0.6233333333333334;0.4700000000000001;0.3601388888888889;0.30444444444444446;1.0;0.33;0.66;0.6633333333333334;0.33;0.0;0.5;0.27666666666666667;1.0;1.0;1.0;1.0;1.0;0.33;0.33;0.5533333333333333;0.0;1.0;1.0;0.6666666666666666;0.5;0.33;0.33;0.3866666666666667;0.2222222222222222;0.2222222222222222;0.2222222222222222;0.2222222222222222;0.33;0.0;0.165;0.165;1.0;1.0;1.0;1.0;1.0;1.0;1.0;1.0;1.0;1.0;1.0;1.0;0;0;1;0;1;8;7;5;9;6;7;7;8;7;8;7;9;6;5;8;4;-3;-3;2;500;50000;0;-3;6;1;-3;-3;-3;8;6;2;2;5;5;6;5;5;5;5;3;1;2;2;2;2;9;2;5;4
"1-5-0 (2020-11-16)";"doi.org/10.14281/18241.1";2018;410;"KOR";732;"ROK";410070805;20180108;201712;201801;9.49;10.3;41;1;410030;410006;8;5;2;1;805;2390;"ko";3;1;1.0;0.8032128514056225;41453.815261044176;1;2;2;3;2;3;1;1;2;1;1;2;2;1;2;2;2;1;2;1;2;1;2;2;1;2;2;3;2;3;3;2;3;3;2;1;4;2;3;2;3;2;3;4;1;3;1;2;2;2;5;6;6;4;4;4;4;4;1;2;1;2;2;3;3;4;3;3;2;2;2;2;2;2;3;3;2;3;2;3;2;2;2;2;3;3;3;2;3;3;3;2;3;6;3;1;1;0;0;0;1;0;1;0;0;0;1;0;0;7;4;3;4;3;1;8;3;2;2;2;2;3;2;8;3;2;2;0;0;1;2;0;2;2;2;3;2;3;4;4;4;3;2;1;2;2;1;2;2;4;3;4;1;2;1;1;2;2;1;1;3;8;8;7;7;6;8;3;2;2;2;2;4;4;7;8;3;2;2;6;2;3;1;3;3;3;3;5;5;4;2;3;2;3;2;3;4;3;9;3;3;4;3;3;5;1;2;1;2;1;5;2;3;3;2;3;3;2;3;3;3;2;3;3;1;1;410002;410002;410002;2;3;2;4;2;2;3;3;2;2;1;1;2;4;1;4;3;8;4;8;6;5;8;6;2;9;8;7;7;2;2;1;1;2;3;3;2;1979;38;3;2;1;1;1;410;410;410;1;5;3;2390;1;1;3;2;3;2;1;1;1;1;3;1;4;3;9;2;2;2;3;4;2;0;100000020;410004;2;2;2;0.6783333333333333;0.6366666666666667;0.5492592592592593;0.4335185185185186;0.5;0.33;0.33;0.3866666666666667;0.66;1.0;1.0;0.8866666666666667;1.0;1.0;1.0;1.0;0.66;0.33;0.33;0.44;1.0;1.0;1.0;1.0;0.5;0.33;0.66;0.49666666666666676;0.2222222222222222;0.4444444444444444;0.4444444444444444;0.3703703703703704;0.66;0.0;0.33;0.33;1.0;1.0;1.0;1.0;1.0;1.0;1.0;1.0;1.0;1.0;1.0;1.0;0;1;0;0;1;7;7;7;8;7;7;6;5;7;6;5;7;4;7;4;6;4;1;2;200;15000;0;6;4;5;6;5;7;6;4;1;1;4;6;8;3;4;5;6;2;7;2;3;2;2;8;4;5;4
"1-5-0 (2020-11-16)";"doi.org/10.14281/18241.1";2018;410;"KOR";732;"ROK";410070806;20180108;201712;201801;10.15;11.06;51;1;410026;410002;8;5;2;1;806;2390;"ko";2;1;1.0;0.8032128514056225;41453.815261044176;2;3;2;2;2;1;1;2;1;2;1;2;1;2;1;2;2;1;2;1;2;1;2;2;2;2;2;3;3;3;2;2;2;1;3;3;4;2;3;2;2;1;2;2;2;1;1;2;2;2;8;7;8;4;4;4;4;4;1;2;1;3;3;3;3;3;3;2;2;3;3;2;2;3;3;3;2;2;2;3;3;3;1;2;2;2;2;3;3;2;2;3;3;7;3;2;2;0;0;0;0;0;0;0;0;0;0;0;0;7;6;7;7;6;2;7;2;1;1;2;2;2;2;6;3;2;0;1;1;2;2;1;0;2;2;4;4;4;3;4;4;4;1;1;2;2;3;2;2;4;4;3;1;1;2;1;3;1;2;2;1;6;7;6;5;7;7;3;2;2;2;2;2;2;2;8;3;2;2;7;6;6;7;2;3;2;2;4;4;4;3;4;3;6;4;3;4;3;4;2;2;3;2;2;2;1;1;2;5;5;5;5;2;3;3;2;1;2;2;3;3;3;3;3;2;2;410002;410002;410002;1;1;2;4;2;2;4;4;4;2;3;3;3;2;2;2;6;7;6;8;8;8;7;7;8;6;6;7;6;3;2;2;1;2;3;3;1;1962;55;5;3;1;1;1;410;410;410;1;4;1;2390;1;2;5;3;5;3;2;1;2;1;1;1;3;3;5;2;1;1;2;7;2;0;100000020;410004;3;2;-1;0.5263888888888889;0.3877777777777778;0.46606481481481477;0.39129629629629625;0.5;0.33;0.33;0.3866666666666667;0.0;1.0;0.16666666666666666;0.3888888888888889;1.0;1.0;1.0;1.0;0.33;0.33;0.33;0.33;0.0;1.0;1.0;0.6666666666666666;0.25;0.66;0.66;0.5233333333333333;0.1111111111111111;0.3333333333333333;0.3333333333333333;0.25925925925925924;0.33;0.5;0.41500000000000004;0.41500000000000004;1.0;1.0;1.0;1.0;1.0;1.0;1.0;1.0;1.0;1.0;1.0;1.0;1;0;1;1;0;8;7;6;8;7;7;6;7;6;5;6;7;5;6;6;7;1;7;2;500;45000;5000;8;7;1;8;9;8;8;7;1;1;5;6;8;3;5;6;5;2;1;1;2;2;2;9;7;6;4
"1-5-0 (2020-11-16)";"doi.org/10.14281/18241.1";2018;410;"KOR";732;"ROK";410070807;20180108;201712;201801;10.31;11.07;36;1;410030;410006;8;5;2;1;807;2390;"ko";3;1;1.0;0.8032128514056225;41453.815261044176;1;2;2;3;2;3;1;1;2;1;1;2;2;1;2;2;2;1;2;1;2;1;2;2;1;2;2;3;2;2;2;2;2;1;2;1;2;1;3;2;2;2;3;4;1;3;1;3;2;2;8;7;7;4;4;4;4;4;1;2;1;2;2;3;4;4;3;2;2;2;2;2;2;2;3;3;2;2;3;3;2;2;2;2;3;3;3;2;3;2;2;2;3;6;3;1;2;0;0;0;1;0;1;0;0;0;1;0;1;8;3;3;4;5;2;7;3;2;2;2;2;1;3;6;4;2;0;2;1;1;2;1;2;2;2;3;2;3;4;4;4;4;2;2;2;2;1;2;2;1;1;1;2;1;1;1;2;1;2;2;1;6;7;4;6;3;7;3;2;2;2;2;4;4;7;8;3;2;2;6;3;2;1;1;1;5;3;4;5;4;2;3;1;1;3;3;2;2;7;3;3;3;2;2;5;1;5;1;2;2;5;1;3;2;2;3;3;2;3;3;2;3;2;3;1;1;410002;410002;410002;2;4;2;3;2;2;4;4;2;2;1;1;3;4;1;3;3;7;6;8;7;7;7;3;4;9;8;8;8;2;1;1;2;3;3;3;1;1970;47;4;2;1;1;1;410;410;410;1;4;1;2390;1;2;3;2;3;2;1;1;1;1;3;1;4;3;9;2;1;2;3;5;2;0;100000020;410004;2;2;2;0.49833333333333335;0.665;0.4689351851851852;0.3553703703703704;1.0;0.0;0.33;0.44333333333333336;0.66;1.0;1.0;0.8866666666666667;1.0;0.0;0.0;0.3333333333333333;0.33;0.33;0.33;0.33;1.0;1.0;1.0;1.0;0.25;0.33;0.33;0.3033333333333334;0.4444444444444444;0.3333333333333333;0.4444444444444444;0.4074074074074074;0.33;0.0;0.165;0.165;1.0;1.0;1.0;1.0;1.0;1.0;1.0;1.0;1.0;1.0;1.0;1.0;0;0;1;1;0;6;7;6;8;7;7;6;5;7;6;5;6;5;8;5;7;4;1;3;500;10000;7000;7;4;2;7;7;7;6;5;1;1;5;4;5;3;8;5;4;1;3;2;2;2;2;5;3;9;4
"1-5-0 (2020-11-16)";"doi.org/10.14281/18241.1";2018;410;"KOR";732;"ROK";410070808;20180108;201712;201801;11.15;11.36;21;1;410043;410009;7;4;3;1;808;2390;"ko";3;1;1.0;0.8032128514056225;41453.815261044176;1;1;1;3;1;3;1;1;1;1;2;1;2;2;2;2;2;1;2;1;2;1;2;1;2;2;2;2;2;3;3;3;2;1;3;3;3;3;2;2;3;2;3;3;2;1;1;3;2;1;8;7;5;4;4;4;4;4;3;1;1;2;1;3;3;3;3;3;3;3;3;2;2;3;3;4;2;2;3;2;2;3;3;3;3;3;3;3;3;3;3;3;3;8;3;1;2;0;0;0;0;0;0;0;0;0;0;0;0;7;4;6;2;8;1;7;3;2;3;3;3;2;2;6;3;1;1;1;1;1;1;1;1;2;2;4;4;4;4;4;4;4;1;1;2;2;2;2;2;3;3;3;1;2;1;2;1;1;3;1;2;8;8;8;8;8;8;4;2;2;2;2;3;3;7;8;3;1;1;8;2;1;1;1;1;3;1;4;6;6;1;4;1;1;1;1;1;2;3;3;3;3;2;2;5;2;3;1;2;1;2;2;2;2;2;2;2;2;2;2;2;2;2;2;1;1;410009;410009;410009;3;2;3;3;3;2;2;2;2;3;2;3;3;3;3;3;4;8;6;9;8;4;5;7;8;7;9;7;8;2;3;2;2;2;3;3;1;1994;23;1;1;1;1;1;410;410;410;1;4;2;2390;6;0;5;3;-3;-3;3;2;6;3;2;-3;5;-3;6;2;2;2;3;5;2;0;100000020;410004;1;1;1;0.49750000000000005;0.7750000000000001;0.3625925925925926;0.3918518518518519;1.0;0.66;0.33;0.6633333333333334;0.66;1.0;1.0;0.8866666666666667;0.0;0.0;0.0;0.0;0.66;0.33;0.33;0.44;1.0;0.0;1.0;0.6666666666666666;0.25;0.33;0.66;0.41333333333333333;0.2222222222222222;0.3333333333333333;0.5555555555555556;0.3703703703703704;0.0;0.0;0.0;0.0;1.0;1.0;1.0;1.0;1.0;1.0;1.0;1.0;1.0;1.0;1.0;1.0;0;0;0;0;1;7;6;8;6;5;5;4;4;5;5;4;7;5;5;5;7;2;5;3;150;20000;0;8;4;1;6;6;6;8;4;1;1;7;6;5;3;5;6;5;2;4;2;2;2;2;6;3;5;-3
"1-5-0 (2020-11-16)";"doi.org/10.14281/18241.1";2018;410;"KOR";732;"ROK";410070809;20180108;201712;201801;11.24;11.57;33;1;410030;410006;8;5;2;1;809;2390;"ko";3;1;1.0;0.8032128514056225;41453.815261044176;1;2;2;3;1;3;1;2;2;1;1;2;1;1;2;2;2;1;2;1;2;1;2;2;1;2;2;3;3;3;3;2;3;3;2;1;3;3;3;2;2;2;3;3;2;3;1;2;2;2;7;7;5;4;4;4;4;4;1;2;1;2;2;3;4;4;3;3;2;2;3;2;2;2;3;3;2;2;3;2;2;2;2;2;3;3;2;2;3;2;3;2;2;8;3;1;2;0;0;0;1;0;1;0;0;1;0;0;0;7;5;7;6;7;1;7;2;2;2;1;2;2;2;7;2;2;1;0;0;1;2;1;2;3;2;4;2;3;3;3;3;3;1;1;2;2;1;2;2;2;2;2;2;2;1;1;2;1;4;2;1;5;6;5;6;6;7;3;2;2;2;2;3;3;6;7;3;2;2;8;4;3;2;2;3;5;5;6;6;5;2;4;2;3;4;2;3;4;6;2;2;3;3;3;5;1;5;1;3;1;5;2;3;2;2;3;2;3;2;3;2;2;3;3;2;2;410002;410002;410002;2;3;2;4;2;2;3;4;2;2;1;2;2;3;2;3;3;7;5;7;6;4;8;4;2;8;8;8;6;2;2;2;2;3;4;4;2;1974;43;3;2;1;1;1;410;410;410;1;4;1;2390;1;2;5;3;5;3;2;1;2;1;1;1;3;3;4;2;2;2;3;5;2;0;100000020;410004;2;2;1;0.6644444444444445;0.608888888888889;0.489212962962963;0.5625925925925926;0.5;0.33;0.33;0.3866666666666667;0.66;1.0;0.8333333333333334;0.8311111111111112;1.0;1.0;1.0;1.0;0.66;0.33;0.33;0.44;0.0;1.0;1.0;0.6666666666666666;0.5;0.66;0.66;0.6066666666666668;0.4444444444444444;0.5555555555555556;0.5555555555555556;0.5185185185185185;0.33;0.0;0.165;0.165;1.0;1.0;1.0;1.0;1.0;1.0;1.0;1.0;1.0;1.0;1.0;1.0;0;0;1;1;0;6;7;6;7;6;7;7;6;7;6;6;7;7;6;8;7;1;3;3;350;25000;0;6;4;1;6;7;7;6;5;1;1;5;7;9;2;3;3;5;2;1;2;2;2;2;9;3;4;4
"1-5-0 (2020-11-16)";"doi.org/10.14281/18241.1";2018;410;"KOR";732;"ROK";410070810;20180108;201712;201801;11.26;11.58;32;1;410043;410009;7;4;3;1;810;2390;"ko";3;1;1.0;0.8032128514056225;41453.815261044176;1;1;1;2;1;3;1;1;1;1;2;1;2;2;2;2;2;1;2;1;2;1;2;2;2;2;2;2;3;3;3;3;2;1;3;3;3;3;2;3;2;3;3;3;1;1;1;3;2;2;8;8;8;4;4;4;4;4;3;2;1;2;2;3;3;3;3;2;3;3;2;2;2;3;4;4;2;2;2;2;2;3;3;3;3;3;3;3;3;3;3;3;3;8;2;3;1;0;0;0;0;0;0;0;0;0;0;0;0;7;6;7;4;7;1;7;3;3;3;3;3;2;3;8;3;2;2;1;1;1;1;1;1;2;2;4;4;4;4;4;4;4;1;1;2;2;2;2;2;3;3;3;1;2;1;2;1;1;3;1;2;6;7;7;8;8;8;8;1;2;2;2;3;3;7;8;3;1;1;7;4;1;1;1;1;3;1;5;5;4;1;4;1;1;1;2;1;1;3;3;3;3;3;2;5;2;5;2;2;2;2;2;2;2;2;2;2;2;2;2;2;2;2;2;1;1;410002;410002;410002;3;2;2;3;2;2;2;3;2;2;2;3;2;2;3;2;7;8;7;8;8;7;6;8;4;8;6;6;7;2;2;2;2;2;3;3;1;1957;60;5;3;1;1;1;410;410;410;1;2;1;2390;1;2;1;1;1;1;0;1;0;1;1;1;8;5;9;2;1;2;4;3;1;0;100000020;410004;1;1;1;0.4425;0.72;0.39009259259259255;0.44685185185185183;1.0;0.33;0.33;0.5533333333333333;0.66;1.0;1.0;0.8866666666666667;0.0;0.0;0.0;0.0;0.33;0.33;0.33;0.33;1.0;0.0;1.0;0.6666666666666666;0.25;0.66;0.66;0.5233333333333333;0.2222222222222222;0.4444444444444444;0.4444444444444444;0.3703703703703704;0.0;0.0;0.0;0.0;1.0;1.0;1.0;1.0;1.0;1.0;1.0;1.0;1.0;1.0;1.0;1.0;0;0;0;0;1;7;7;7;8;6;7;4;4;5;6;6;7;4;5;4;6;2;4;4;100;18000;5000;8;3;2;8;7;7;8;4;1;1;3;3;6;3;3;3;3;2;1;2;2;2;2;8;3;3;4
"1-5-0 (2020-11-16)";"doi.org/10.14281/18241.1";2018;410;"KOR";732;"ROK";410070811;20180108;201712;201801;11.58;12.28;30;1;410030;410006;8;5;2;1;811;2390;"ko";3;1;1.0;0.8032128514056225;41453.815261044176;1;2;2;3;2;2;1;2;2;1;1;2;2;1;1;2;2;1;2;1;2;1;1;1;2;2;2;2;2;3;2;2;2;1;2;1;2;1;3;2;2;2;3;2;2;2;2;2;2;2;5;6;6;3;4;3;3;4;2;2;1;2;2;3;3;4;1;3;2;2;2;2;2;2;2;2;2;2;2;3;2;2;2;2;3;3;2;2;2;3;2;2;2;6;2;2;1;1;0;0;0;0;0;0;0;0;1;0;0;5;6;6;6;7;1;8;3;2;2;1;2;2;2;6;3;2;0;0;2;1;2;1;0;2;2;3;2;3;3;4;3;3;1;1;2;4;2;2;2;3;3;3;2;2;2;4;1;2;1;4;1;7;6;7;6;4;6;9;1;1;2;1;2;2;1;3;1;1;1;7;4;6;3;4;3;3;2;4;5;3;2;3;2;3;2;4;3;2;7;4;4;4;3;3;5;1;5;2;5;5;5;3;3;3;3;3;3;3;3;3;3;3;3;3;2;2;410001;410001;410001;2;3;2;3;2;2;3;3;2;2;2;2;2;3;2;2;8;6;7;7;6;7;6;7;6;6;6;6;6;2;2;1;1;2;3;3;2;1948;69;6;3;1;1;1;410;410;410;1;2;1;2390;5;1;2;1;-3;-3;0;1;0;1;5;-3;-3;-5;9;-3;2;2;3;3;1;1;10100000;410004;1;2;0;0.48416666666666663;0.24833333333333335;0.4358333333333333;0.3733333333333333;0.5;0.33;0.33;0.3866666666666667;0.33;0.0;0.0;0.11;1.0;1.0;1.0;1.0;0.66;0.33;0.33;0.44;0.0;1.0;1.0;0.6666666666666666;0.25;0.33;0.66;0.41333333333333333;0.2222222222222222;0.3333333333333333;0.4444444444444444;0.3333333333333333;0.66;0.0;0.33;0.33;1.0;1.0;1.0;1.0;1.0;1.0;1.0;1.0;1.0;1.0;1.0;1.0;0;1;0;0;0;5;6;5;7;4;5;5;4;4;4;5;6;5;4;7;7;-3;-3;3;250;25000;0;-3;3;1;-3;-3;-3;5;4;1;1;6;4;4;8;6;5;4;2;2;2;2;2;2;4;8;5;-5
"1-5-0 (2020-11-16)";"doi.org/10.14281/18241.1";2018;410;"KOR";732;"ROK";410070812;20180109;201712;201801;9.34;9.55;21;1;410027;410003;8;5;2;1;812;2390;"ko";3;1;1.0;0.8032128514056225;41453.815261044176;1;1;1;1;1;1;2;1;2;1;2;1;1;1;2;2;2;2;1;2;1;2;2;2;2;2;2;1;3;2;3;3;2;1;3;3;3;3;3;3;2;2;2;3;2;1;1;1;2;2;7;8;7;2;1;2;2;2;1;1;2;2;2;2;2;2;2;2;2;2;2;2;2;2;2;2;2;2;2;2;2;2;2;2;2;2;2;1;1;3;3;3;3;6;2;3;2;0;0;0;0;0;0;0;0;0;0;0;0;6;6;5;6;6;2;6;2;2;1;2;2;2;3;6;3;2;2;2;1;1;1;1;1;3;2;2;1;2;2;2;2;2;1;2;2;2;2;2;2;2;2;2;1;1;2;2;3;2;3;1;2;6;6;6;6;6;6;6;2;2;2;2;2;3;2;2;2;2;2;6;6;6;6;6;7;6;6;6;5;7;6;6;6;6;7;6;6;6;6;2;3;2;2;2;5;5;5;1;3;3;3;3;3;3;3;3;2;1;2;2;2;2;2;2;2;2;410001;410001;410001;2;1;3;2;2;2;2;3;2;2;2;2;3;2;2;2;6;6;5;6;6;6;7;6;5;6;6;7;7;2;3;2;3;2;4;4;2;1979;38;3;2;1;1;1;410;410;410;1;4;1;2390;1;2;5;3;5;3;3;2;3;2;1;1;3;3;9;2;2;1;3;3;1;0;100000020;410004;3;2;2;0.5122222222222222;0.35944444444444446;0.5446296296296297;0.46592592592592597;0.0;0.66;0.33;0.33;0.0;1.0;0.16666666666666666;0.3888888888888889;1.0;1.0;1.0;1.0;0.33;0.33;0.33;0.33;1.0;0.0;1.0;0.6666666666666666;0.25;0.66;0.33;0.4133333333333334;0.5555555555555556;0.5555555555555556;0.4444444444444444;0.5185185185185185;0.66;0.5;0.5800000000000001;0.5800000000000001;1.0;1.0;1.0;1.0;1.0;1.0;1.0;1.0;1.0;1.0;1.0;1.0;1;1;0;0;1;6;7;7;6;7;7;8;7;7;7;6;6;6;6;6;5;1;5;3;400;5000;0;9;4;2;8;8;8;8;8;1;2;2;2;2;3;6;5;5;3;1;2;3;1;2;5;3;2;1
"1-5-0 (2020-11-16)";"doi.org/10.14281/18241.1";2018;410;"KOR";732;"ROK";410070813;20180109;201712;201801;9.37;10.07;31;1;410044;410012;6;3;4;1;813;2390;"ko";3;1;1.0;0.8032128514056225;41453.815261044176;1;2;2;2;2;2;1;1;1;1;2;2;1;2;2;2;2;1;1;1;2;1;2;2;2;2;3;2;2;3;2;3;2;1;2;1;3;3;3;2;2;2;2;2;2;2;2;2;2;3;6;7;6;4;4;4;4;4;1;2;1;2;2;2;2;2;2;2;2;3;2;2;2;3;3;3;2;2;2;2;2;2;2;2;2;2;2;2;2;2;2;2;2;7;3;2;2;0;0;0;0;0;0;0;0;0;0;0;0;7;7;7;7;6;1;4;2;2;2;2;2;1;3;4;4;2;2;2;1;2;1;2;2;1;2;4;4;4;4;4;4;4;1;2;2;2;2;2;2;2;2;2;1;1;1;1;4;3;1;2;3;6;6;7;5;5;6;5;2;2;2;2;3;3;7;8;3;2;2;6;2;2;2;7;7;6;2;2;3;3;6;2;2;3;3;2;2;3;2;2;3;3;2;1;5;1;5;5;5;5;5;5;3;3;3;3;2;2;2;2;2;2;2;2;1;1;410002;410002;410002;2;2;2;2;2;2;2;2;2;2;2;3;3;4;2;3;4;4;5;5;5;5;5;7;7;5;7;6;5;2;2;1;1;2;3;3;1;1944;73;6;3;1;1;1;410;410;410;1;2;1;2390;1;4;1;1;1;1;0;1;0;1;3;3;9;9;9;2;1;2;4;4;2;0;100000020;410004;2;1;1;0.6508333333333334;0.6366666666666667;0.3440740740740741;0.3548148148148148;0.5;0.33;0.66;0.49666666666666676;0.33;1.0;1.0;0.7766666666666667;1.0;1.0;1.0;1.0;0.33;0.33;0.33;0.33;1.0;0.0;1.0;0.6666666666666666;0.25;0.33;0.66;0.41333333333333333;0.5555555555555556;0.1111111111111111;0.2222222222222222;0.2962962962962963;0.0;0.0;0.0;0.0;1.0;1.0;1.0;1.0;1.0;1.0;1.0;1.0;1.0;1.0;1.0;1.0;0;0;0;1;1;8;8;7;7;7;7;7;7;7;7;7;8;6;5;5;5;4;1;4;100;12000;500;7;5;1;7;7;7;7;6;1;1;4;5;8;3;6;5;5;2;1;2;2;2;2;8;4;4;4
"1-5-0 (2020-11-16)";"doi.org/10.14281/18241.1";2018;410;"KOR";732;"ROK";410070814;20180109;201712;201801;9.53;10.14;22;1;410027;410003;8;5;2;1;814;2390;"ko";2;1;1.0;0.8032128514056225;41453.815261044176;1;1;1;1;1;1;1;2;1;1;1;2;1;2;2;2;2;2;2;2;1;2;2;2;2;2;2;2;2;2;2;2;3;3;1;1;2;1;2;2;2;2;2;2;2;1;1;1;2;1;6;6;7;1;1;1;1;2;3;1;1;2;3;2;2;2;2;1;2;2;2;2;2;2;2;2;2;2;2;2;2;2;1;2;3;3;2;1;2;2;2;2;2;5;3;1;2;1;1;0;1;1;1;0;2;1;1;1;1;5;6;5;5;5;1;6;2;2;3;2;2;2;3;6;3;1;1;1;0;1;1;1;1;3;3;2;2;2;3;2;3;3;1;1;2;2;2;2;2;2;2;2;2;2;1;2;3;2;3;3;1;5;6;5;5;5;5;5;2;2;2;2;2;2;6;7;3;2;2;5;4;5;6;5;5;4;6;5;5;5;4;6;1;4;5;4;4;5;5;2;3;3;3;2;2;3;2;3;4;3;3;2;2;2;2;1;2;2;3;3;2;2;3;3;1;2;8;8;8;2;1;2;2;2;2;3;2;2;2;2;2;3;2;2;2;5;6;4;6;5;4;5;5;5;5;6;4;4;2;2;2;3;2;2;3;1;1973;44;3;2;1;1;1;410;410;410;1;4;1;2390;1;2;3;2;2;1;1;1;0;1;5;2;-3;6;8;-3;2;2;4;4;2;0;100000020;410004;3;2;0;0.5127777777777778;0.41555555555555557;0.5101851851851852;0.3970370370370371;0.0;0.33;0.33;0.22;0.0;1.0;0.8333333333333334;0.6111111111111112;1.0;1.0;1.0;1.0;0.0;0.33;0.33;0.22;0.0;1.0;1.0;0.6666666666666666;0.5;0.33;0.33;0.3866666666666667;0.3333333333333333;0.4444444444444444;0.4444444444444444;0.4074074074074074;0.66;0.5;0.5800000000000001;0.5800000000000001;1.0;1.0;1.0;1.0;1.0;1.0;1.0;1.0;1.0;1.0;1.0;1.0;1;1;0;1;0;5;5;6;6;6;6;7;6;6;6;7;6;6;6;6;4;-3;-3;5;200;771;653;6;4;1;7;6;7;6;7;1;2;4;6;2;1;2;3;5;2;6;2;2;2;3;4;3;2;1
"1-5-0 (2020-11-16)";"doi.org/10.14281/18241.1";2018;410;"KOR";732;"ROK";410070815;20180109;201712;201801;10.16;10.37;21;1;410027;410003;8;5;2;1;815;2390;"ko";1;1;1.0;0.8032128514056225;41453.815261044176;1;1;1;1;1;1;1;1;1;1;1;2;2;2;2;2;2;1;2;1;2;1;2;2;2;2;1;2;2;2;2;2;2;1;3;3;1;1;2;3;3;3;3;3;2;2;1;1;2;3;6;5;5;2;3;2;2;2;2;1;2;2;2;2;2;3;2;2;3;3;2;2;2;2;3;2;2;3;3;2;2;2;3;3;3;3;2;2;2;3;3;2;2;5;3;1;2;1;1;1;1;1;1;2;1;1;1;1;1;5;5;4;5;5;1;5;2;2;2;3;3;2;2;4;3;1;1;2;2;1;1;2;2;2;3;2;2;2;3;3;2;2;2;2;2;2;2;1;1;3;3;3;1;1;2;2;1;1;2;1;2;5;5;5;4;5;5;5;1;1;1;1;2;2;5;6;3;2;1;5;5;5;5;5;5;5;4;5;4;5;5;4;5;5;5;5;4;4;4;2;2;2;3;3;3;3;3;2;2;4;2;2;2;2;2;2;2;1;2;2;2;2;2;2;2;2;8;8;8;3;3;2;2;2;2;3;2;2;3;3;2;2;2;2;2;6;5;5;4;3;4;4;4;6;5;5;4;4;2;2;2;2;1;2;2;2;1956;61;5;3;1;1;1;410;410;410;1;2;1;2390;1;2;2;1;1;1;0;1;1;1;2;7;8;-5;8;2;1;2;5;4;2;7;70000000;410004;2;2;1;0.4988888888888889;0.33277777777777773;0.4689351851851852;0.3553703703703704;0.0;0.33;0.0;0.11;0.0;1.0;0.6666666666666666;0.5555555555555555;1.0;1.0;1.0;1.0;0.33;0.33;0.33;0.33;1.0;1.0;1.0;1.0;0.25;0.33;0.33;0.3033333333333334;0.4444444444444444;0.4444444444444444;0.3333333333333333;0.4074074074074074;0.33;0.0;0.165;0.165;1.0;1.0;1.0;1.0;1.0;1.0;1.0;1.0;1.0;1.0;1.0;1.0;0;0;1;0;1;6;5;5;4;5;5;4;5;5;4;5;6;4;4;5;5;2;3;5;200;10000;0;5;4;1;4;5;6;5;4;3;2;3;6;2;1;1;2;5;2;7;2;2;2;2;2;1;1;1
"1-5-0 (2020-11-16)";"doi.org/10.14281/18241.1";2018;410;"KOR";732;"ROK";410070816;20180109;201712;201801;10.17;10.51;34;1;410011;410001;8;5;1;1;816;2390;"ko";2;1;1.0;0.8032128514056225;41453.815261044176;1;2;2;3;1;3;1;2;1;1;1;2;2;1;2;2;2;1;2;1;1;1;2;1;2;2;2;2;3;3;3;2;3;3;1;1;3;3;5;3;1;2;2;2;2;3;1;1;2;2;9;8;7;4;4;4;4;4;1;2;1;2;2;4;3;4;2;2;2;2;2;2;2;3;3;3;3;3;2;3;2;2;2;2;2;2;2;2;2;2;2;2;2;9;3;1;2;1;0;0;0;0;0;0;0;0;0;0;0;7;6;7;4;3;1;7;3;3;3;2;2;3;4;4;2;1;1;2;1;2;1;2;2;2;2;3;3;3;3;4;3;3;1;2;2;3;3;2;2;2;2;3;2;2;1;1;2;3;4;2;3;8;6;5;4;4;8;5;2;2;2;2;3;3;4;5;2;1;1;3;2;2;1;2;2;4;4;5;5;3;3;7;1;3;1;2;2;1;5;3;4;4;3;2;1;1;1;1;5;1;2;2;1;1;2;2;2;2;2;2;2;2;2;2;1;1;-2;-2;-2;2;4;3;3;2;2;3;4;1;2;1;1;3;4;2;3;7;4;5;9;6;2;9;3;1;9;9;7;7;2;2;1;2;2;2;2;1;1960;57;5;3;1;1;1;410;410;410;1;5;1;2390;1;3;5;3;3;2;1;1;1;1;3;5;4;-5;4;2;1;1;3;7;2;7;70000000;410004;3;2;1;0.5675;0.47000000000000003;0.4614351851851852;0.5070370370370371;0.0;0.33;0.33;0.22;0.66;1.0;0.5;0.7200000000000001;1.0;1.0;1.0;1.0;0.33;0.33;0.33;0.33;0.0;1.0;1.0;0.6666666666666666;0.5;0.66;0.66;0.6066666666666668;0.3333333333333333;0.4444444444444444;0.4444444444444444;0.4074074074074074;0.33;0.0;0.165;0.165;1.0;1.0;1.0;1.0;1.0;1.0;1.0;1.0;1.0;1.0;1.0;1.0;0;0;1;1;1;8;7;5;7;7;6;5;5;7;6;6;8;5;6;9;5;3;2;3;900;205000;8500;8;6;1;7;7;9;9;7;1;2;4;4;5;6;3;4;3;2;2;3;2;2;3;5;5;3;4
"1-5-0 (2020-11-16)";"doi.org/10.14281/18241.1";2018;410;"KOR";732;"ROK";410070817;20180109;201712;201801;10.18;10.38;20;1;410041;410007;8;5;2;1;817;2390;"ko";2;1;1.0;0.8032128514056225;41453.815261044176;1;2;1;3;3;4;1;2;2;1;2;1;1;1;2;2;2;1;2;1;1;1;2;1;2;2;2;2;2;3;2;2;2;1;1;1;2;1;5;2;2;1;2;3;3;1;2;2;2;2;7;7;4;4;4;4;4;4;1;1;1;2;1;4;4;4;3;3;2;3;4;3;2;2;2;3;1;2;1;2;1;2;2;2;3;3;1;3;3;4;2;1;2;7;2;2;2;0;0;2;0;0;0;0;0;0;2;0;0;4;8;3;5;4;1;4;2;3;2;2;2;2;1;6;2;0;2;2;1;0;1;0;1;3;2;4;4;4;4;4;4;4;1;1;2;2;2;2;2;2;3;3;2;2;2;2;1;3;1;1;2;7;6;6;4;5;6;3;1;2;2;2;4;4;6;7;2;1;2;4;4;5;3;2;3;4;2;2;4;2;3;5;2;2;3;2;1;2;4;3;3;4;2;2;1;1;3;1;5;2;5;2;2;2;2;3;2;2;3;1;2;2;3;3;3;2;410002;410002;410002;1;3;3;4;2;1;3;4;1;2;1;1;3;4;3;4;5;4;3;9;4;2;8;2;2;7;8;8;7;2;2;1;2;2;4;3;2;1957;60;5;3;1;1;1;410;410;410;1;3;1;2390;1;2;3;2;3;2;1;1;1;1;5;3;-3;10;5;-3;2;1;2;5;2;0;100000020;410004;1;1;1;0.7202777777777778;0.6655555555555557;0.2514814814814815;0.3362962962962963;0.5;0.33;0.33;0.3866666666666667;1.0;1.0;0.8333333333333334;0.9444444444444445;1.0;1.0;1.0;1.0;0.66;0.66;0.33;0.5499999999999999;0.0;0.0;1.0;0.3333333333333333;0.25;0.33;0.66;0.41333333333333333;0.3333333333333333;0.1111111111111111;0.3333333333333333;0.25925925925925924;0.0;0.0;0.0;0.0;1.0;1.0;1.0;1.0;1.0;1.0;1.0;1.0;1.0;1.0;1.0;1.0;0;0;0;0;1;7;7;5;7;5;6;5;4;6;5;6;8;6;5;7;7;-3;-3;3;450;55000;8000;-3;5;1;-3;-3;-3;6;8;1;2;6;7;8;5;6;6;7;3;1;3;2;3;2;9;5;5;4
"1-5-0 (2020-11-16)";"doi.org/10.14281/18241.1";2018;410;"KOR";732;"ROK";410070818;20180109;201712;201801;10.29;10.49;20;1;410044;410012;6;3;4;1;818;2390;"ko";3;1;1.0;0.8032128514056225;41453.815261044176;1;2;2;2;2;2;2;1;1;1;1;2;1;2;2;2;2;1;2;1;2;1;2;2;2;2;2;2;2;2;2;2;2;1;2;1;2;1;3;2;2;2;2;2;1;1;1;1;2;2;4;7;7;4;4;4;4;4;3;2;1;2;2;2;2;2;2;2;2;2;2;2;2;2;3;3;2;2;2;2;2;2;2;2;2;2;2;2;2;2;2;2;2;6;3;3;2;0;0;0;0;0;0;0;0;0;0;0;0;7;3;3;7;4;2;4;2;2;2;2;2;1;3;4;3;2;2;2;1;1;1;2;2;2;2;4;4;4;4;4;4;4;1;2;2;2;2;2;2;2;2;2;1;1;1;1;3;3;2;2;3;7;7;6;7;6;6;7;2;2;2;2;3;3;7;8;3;2;2;7;2;2;2;3;3;2;3;3;4;3;1;3;1;3;3;3;3;3;2;2;3;3;3;3;5;2;5;5;5;5;5;3;2;2;2;2;2;2;2;2;2;2;2;2;3;3;410002;410002;410002;2;2;2;2;2;2;2;2;2;2;2;3;3;2;2;2;7;7;4;6;7;7;7;7;7;7;7;6;6;2;2;1;1;2;3;3;2;1999;18;1;1;1;1;1;410;410;410;1;4;2;2390;6;0;3;2;-3;-3;3;2;6;3;6;-3;-3;-3;4;-3;2;2;3;7;2;0;100000020;410004;4;2;1;0.5816666666666667;0.49833333333333335;0.4851388888888889;0.26277777777777783;0.0;0.33;0.33;0.22;0.33;1.0;1.0;0.7766666666666667;1.0;1.0;1.0;1.0;0.33;0.33;0.33;0.33;1.0;1.0;1.0;1.0;0.25;0.33;0.33;0.3033333333333334;0.1111111111111111;0.2222222222222222;0.3333333333333333;0.22222222222222224;0.33;0.5;0.41500000000000004;0.41500000000000004;1.0;1.0;1.0;1.0;1.0;1.0;1.0;1.0;1.0;1.0;1.0;1.0;1;0;1;1;1;6;7;7;7;6;6;5;6;6;7;6;7;6;6;4;6;-3;-3;3;480;18000;2000;7;6;1;7;7;7;6;6;1;1;5;5;8;5;5;5;5;2;8;2;2;2;2;8;6;5;-3
"1-5-0 (2020-11-16)";"doi.org/10.14281/18241.1";2018;410;"KOR";732;"ROK";410070819;20180109;201712;201801;10.36;11.03;27;1;410041;410007;8;5;2;1;819;2390;"ko";3;1;1.0;0.8032128514056225;41453.815261044176;1;1;2;2;3;3;1;2;2;1;1;1;1;2;2;2;2;1;1;1;2;1;2;1;2;2;1;2;2;2;2;3;1;1;2;1;2;1;2;2;2;1;2;3;2;3;1;1;2;2;7;6;5;4;4;4;4;4;1;1;1;1;2;3;3;3;2;2;2;2;2;2;2;4;2;4;2;2;2;2;2;2;2;2;2;2;2;2;2;2;2;2;2;3;3;2;2;1;0;0;0;0;0;0;0;0;0;0;0;6;7;3;4;6;2;7;3;3;3;3;2;3;2;7;4;2;2;1;1;2;2;2;2;3;2;3;3;3;4;3;3;3;1;2;2;3;3;2;1;2;2;2;2;2;1;2;1;1;3;1;3;8;7;7;3;3;8;6;1;1;1;1;2;2;2;3;1;1;1;8;2;3;2;3;2;2;1;3;1;3;1;1;1;1;1;2;1;1;1;3;3;3;3;2;5;1;3;1;5;2;5;1;2;2;2;3;2;2;3;3;2;2;2;3;1;1;410002;410002;410002;2;1;2;2;1;2;1;2;2;2;2;3;2;3;2;3;7;7;4;8;8;3;8;5;5;7;8;8;9;2;2;1;1;1;2;3;2;1958;59;5;3;1;1;1;410;410;410;1;3;1;2390;1;1;3;2;3;2;2;1;3;2;5;1;-3;7;4;-3;2;1;3;5;2;7;70000000;410004;1;1;0;0.4288888888888889;0.19277777777777777;0.24944444444444444;0.16555555555555557;0.0;0.33;0.0;0.11;0.66;0.0;0.16666666666666666;0.27555555555555555;1.0;1.0;1.0;1.0;0.33;0.33;0.33;0.33;0.0;1.0;1.0;0.6666666666666666;0.0;0.33;0.33;0.22;0.1111111111111111;0.2222222222222222;0.0;0.1111111111111111;0.0;0.0;0.0;0.0;1.0;1.0;1.0;1.0;1.0;1.0;1.0;1.0;1.0;1.0;1.0;1.0;0;0;0;0;1;7;6;5;6;4;5;4;6;5;7;5;8;3;7;7;5;-3;-3;3;450;85000;6500;-3;5;1;-3;-3;-3;8;5;2;1;6;5;6;5;6;5;5;3;1;3;3;2;2;6;5;5;4
"1-5-0 (2020-11-16)";"doi.org/10.14281/18241.1";2018;410;"KOR";732;"ROK";410070820;20180109;201712;201801;11.04;11.43;39;1;410041;410007;8;5;2;1;820;2390;"ko";1;1;1.0;0.8032128514056225;41453.815261044176;1;1;1;2;2;1;1;2;1;2;2;1;1;2;1;2;2;1;2;1;2;1;2;2;2;2;3;2;2;4;3;3;1;1;1;1;2;1;4;1;3;2;3;1;2;2;3;3;2;3;7;5;4;4;4;4;4;4;1;2;1;2;3;3;3;3;1;1;2;2;2;2;2;2;3;3;2;2;1;2;1;1;1;1;1;1;1;1;1;1;1;1;1;4;2;2;3;2;0;0;0;0;0;0;0;0;0;0;0;8;4;7;5;7;1;6;2;2;2;2;2;2;4;8;3;1;2;2;2;2;1;1;2;2;2;4;4;4;4;4;4;4;2;2;2;2;4;2;2;2;2;2;1;2;1;2;4;3;1;1;3;5;5;5;5;5;8;10;1;1;1;1;3;3;2;2;1;1;1;3;4;4;1;1;1;8;1;1;8;5;1;8;1;5;5;1;5;1;1;2;4;4;4;3;5;1;5;1;5;2;5;5;3;3;3;3;2;2;3;3;3;3;3;3;1;1;-2;-2;-2;1;4;4;4;1;1;4;4;1;1;2;3;2;4;3;4;5;7;1;10;9;1;10;3;1;8;10;8;8;3;3;2;2;2;3;3;2;1950;67;6;3;1;1;1;410;410;410;1;3;3;2390;1;2;3;2;3;2;2;1;3;2;1;3;5;5;5;2;2;2;3;4;2;1;10100000;410004;1;1;-1;0.34555555555555556;0.4144444444444445;0.3237962962962963;0.4809259259259259;1.0;0.66;0.66;0.7733333333333334;0.0;0.0;0.16666666666666666;0.05555555555555555;1.0;0.0;0.0;0.3333333333333333;0.0;0.33;0.33;0.22;0.0;0.0;1.0;0.3333333333333333;0.0;0.33;1.0;0.44333333333333336;0.7777777777777778;0.0;0.7777777777777778;0.5185185185185185;0.0;0.0;0.0;0.0;1.0;1.0;1.0;1.0;1.0;1.0;1.0;1.0;1.0;1.0;1.0;1.0;0;0;0;0;1;5;5;4;6;5;6;4;4;7;7;6;5;3;5;7;4;2;2;3;200;35000;0;5;5;1;5;4;5;5;4;1;1;1;5;5;5;5;5;5;2;6;2;3;2;2;7;1;1;4
"1-5-0 (2020-11-16)";"doi.org/10.14281/18241.1";2018;410;"KOR";732;"ROK";410070821;20180109;201712;201801;11.1;12.1;60;1;410011;410001;8;5;1;1;821;2390;"ko";2;1;1.0;0.8032128514056225;41453.815261044176;1;2;2;3;3;3;2;2;1;1;1;2;1;1;2;2;2;1;2;1;1;1;2;1;2;2;2;2;3;3;3;2;2;1;2;1;4;2;4;2;2;2;2;2;2;3;2;2;2;2;7;7;6;4;4;4;4;4;1;2;1;2;2;3;3;4;2;2;2;2;2;2;2;3;3;3;2;2;2;3;2;2;2;2;2;2;2;3;2;2;3;2;2;9;3;2;2;0;0;0;0;0;0;0;0;0;0;0;0;7;7;7;4;4;2;7;3;3;3;3;2;2;4;5;2;1;2;2;1;2;1;2;1;3;2;4;3;3;3;4;3;3;1;1;2;3;3;2;2;2;2;3;2;2;1;2;1;3;1;2;3;7;8;5;5;4;8;3;2;2;2;2;3;3;7;8;3;1;1;7;2;3;1;1;2;4;4;5;6;3;1;6;1;2;1;1;2;1;4;4;4;4;3;2;3;1;5;1;5;2;5;1;1;1;2;2;2;2;2;2;2;2;2;2;2;2;410002;410002;410002;2;4;3;4;2;2;3;4;1;1;1;2;3;4;1;4;5;5;4;9;5;2;9;6;2;9;9;7;7;2;2;2;1;2;2;2;2;1955;62;5;3;1;1;1;410;410;410;1;2;1;2390;1;3;2;1;2;1;1;1;1;1;5;3;-3;7;9;-3;2;1;3;5;2;0;100000020;410004;2;1;1;0.5675;0.6366666666666667;0.4086111111111111;0.48388888888888887;0.5;0.33;0.33;0.3866666666666667;0.66;1.0;1.0;0.8866666666666667;1.0;0.0;1.0;0.6666666666666666;0.33;0.33;0.33;0.33;0.0;1.0;1.0;0.6666666666666666;0.25;0.66;0.66;0.5233333333333333;0.3333333333333333;0.4444444444444444;0.5555555555555556;0.4444444444444444;0.0;0.0;0.0;0.0;1.0;1.0;1.0;1.0;1.0;1.0;1.0;1.0;1.0;1.0;1.0;1.0;0;0;0;1;1;7;6;5;6;5;5;7;4;6;5;4;7;4;6;7;6;-3;-3;3;350;37500;0;-3;5;1;-3;-3;-3;8;6;1;2;3;5;7;2;4;4;4;2;1;2;2;2;2;7;2;4;4
"1-5-0 (2020-11-16)";"doi.org/10.14281/18241.1";2018;410;"KOR";732;"ROK";410070822;20180109;201712;201801;11.15;11.35;20;1;410044;410012;6;3;4;1;822;2390;"ko";3;1;1.0;0.8032128514056225;41453.815261044176;1;2;2;2;2;3;1;2;1;1;1;2;1;2;2;2;2;1;2;1;2;1;2;2;2;2;2;2;2;3;3;3;2;1;2;1;2;1;3;2;3;3;3;3;1;1;1;1;2;2;4;4;5;4;4;4;4;4;3;2;1;2;2;3;3;3;2;2;2;2;2;2;2;3;3;3;3;2;3;2;3;3;3;3;3;3;3;3;3;3;3;3;3;4;3;3;2;0;0;0;0;0;0;0;0;0;0;0;0;6;6;6;6;4;1;5;2;2;2;2;2;1;3;5;3;2;2;1;1;1;1;2;2;2;2;4;4;4;4;4;4;4;1;2;2;2;2;2;2;2;2;2;1;2;1;2;1;3;2;3;2;7;7;7;7;7;7;6;2;2;2;2;3;3;7;8;3;2;2;6;2;2;2;2;2;2;2;3;3;3;2;2;2;3;2;2;2;2;1;2;3;3;2;2;5;1;5;1;5;1;1;5;2;2;2;2;2;3;3;3;3;2;3;3;1;1;410008;410008;410008;2;2;2;2;2;2;3;2;2;2;2;3;3;4;2;3;5;8;6;4;4;2;8;7;7;7;7;7;7;2;2;2;2;2;3;3;1;1979;38;3;2;1;1;1;410;410;410;1;2;1;2390;1;0;6;3;6;3;2;1;3;2;1;1;3;5;4;2;1;2;3;6;2;0;100000020;410004;3;2;0;0.6091666666666666;0.5533333333333333;0.3575462962962963;0.2992592592592593;0.0;0.33;0.33;0.22;0.66;1.0;1.0;0.8866666666666667;1.0;1.0;1.0;1.0;0.33;0.33;0.33;0.33;0.0;1.0;1.0;0.6666666666666666;0.25;0.33;0.66;0.41333333333333333;0.1111111111111111;0.2222222222222222;0.2222222222222222;0.1851851851851852;0.33;0.0;0.165;0.165;1.0;1.0;1.0;1.0;1.0;1.0;1.0;1.0;1.0;1.0;1.0;1.0;0;0;1;1;1;6;6;6;6;6;7;7;7;7;7;7;6;7;7;7;7;1;3;3;400;15000;500;6;5;2;7;6;7;6;6;1;1;5;5;7;4;8;5;6;2;3;2;2;2;2;7;5;8;4
"1-5-0 (2020-11-16)";"doi.org/10.14281/18241.1";2018;410;"KOR";732;"ROK";410070823;20180109;201712;201801;11.51;12.12;21;1;410044;410012;6;3;4;1;823;2390;"ko";3;1;1.0;0.8032128514056225;41453.815261044176;1;2;2;2;2;3;1;1;2;1;1;2;1;2;2;2;2;1;2;1;2;1;2;2;2;2;2;2;3;3;3;3;2;1;2;1;2;1;3;3;3;2;3;3;1;1;1;1;2;2;5;5;6;4;4;4;4;4;3;2;1;2;2;3;3;3;2;2;2;2;2;2;2;3;3;3;3;2;3;3;3;3;3;3;3;3;3;3;3;3;3;3;3;7;3;3;2;0;0;0;0;0;0;0;0;0;0;0;0;7;3;3;7;4;1;4;2;2;2;2;2;1;3;3;3;2;2;1;1;1;1;2;2;1;2;4;4;4;4;4;4;4;1;2;2;2;2;2;2;2;2;2;1;2;1;2;1;3;2;3;2;7;7;7;6;6;6;7;2;2;2;2;2;3;7;8;3;2;2;7;2;2;2;2;2;2;2;3;3;3;2;2;2;3;2;3;2;3;2;2;3;3;3;3;5;1;5;1;5;1;5;5;2;2;2;2;2;2;2;2;2;2;2;2;1;1;410002;410002;410002;2;2;2;2;2;2;2;2;2;2;2;3;3;4;2;3;4;8;4;4;8;2;8;4;3;8;8;7;7;2;2;1;1;2;3;3;2;1961;56;5;3;1;1;1;410;410;410;1;4;1;2390;1;2;3;2;3;2;1;1;2;1;1;1;3;3;9;2;2;2;3;6;2;0;100000020;410004;3;2;1;0.6091666666666666;0.5533333333333333;0.46837962962962965;0.3542592592592593;0.0;0.33;0.33;0.22;0.66;1.0;1.0;0.8866666666666667;1.0;1.0;1.0;1.0;0.33;0.33;0.33;0.33;1.0;1.0;1.0;1.0;0.25;0.66;0.66;0.5233333333333333;0.1111111111111111;0.2222222222222222;0.2222222222222222;0.1851851851851852;0.33;0.0;0.165;0.165;1.0;1.0;1.0;1.0;1.0;1.0;1.0;1.0;1.0;1.0;1.0;1.0;0;0;1;1;1;7;7;7;7;6;7;7;7;6;7;6;7;6;6;6;6;1;3;3;500;22000;2500;7;6;1;7;7;4;6;6;1;1;5;5;8;5;5;4;4;3;1;2;2;2;2;9;4;6;4
"1-5-0 (2020-11-16)";"doi.org/10.14281/18241.1";2018;410;"KOR";732;"ROK";410070824;20180109;201712;201801;12.03;12.46;43;1;410041;410007;8;5;2;1;824;2390;"ko";1;1;1.0;0.8032128514056225;41453.815261044176;1;3;2;4;2;2;2;2;1;1;1;1;1;2;2;2;2;1;2;1;2;2;2;2;2;2;3;2;2;4;3;3;3;3;1;1;5;2;3;4;4;3;4;4;2;2;3;3;2;3;7;5;3;4;4;4;4;4;1;2;1;2;3;4;3;3;2;2;2;2;2;2;2;2;2;2;2;2;2;2;2;2;2;2;2;2;2;2;2;2;2;2;2;4;3;1;3;1;0;0;0;0;0;0;0;0;0;0;0;7;4;6;5;4;1;5;2;3;3;2;2;2;3;8;3;2;1;2;2;2;2;2;2;2;3;4;4;4;4;4;3;4;2;2;2;2;3;2;2;2;2;2;1;2;1;2;3;3;1;1;2;4;4;3;5;3;9;5;1;1;1;1;4;4;6;2;2;2;2;4;5;5;3;1;1;2;5;5;5;5;1;9;1;3;3;1;5;1;4;2;4;4;4;3;5;1;5;1;5;1;5;1;3;3;3;3;2;2;3;3;3;3;3;3;2;1;-2;-2;-2;1;4;3;4;1;1;4;4;1;1;2;3;2;4;3;4;5;8;1;10;9;1;7;3;2;9;10;5;5;3;2;1;1;1;2;3;2;1974;43;3;2;1;1;1;410;410;410;1;4;1;2390;1;2;3;2;5;3;2;1;3;2;1;1;3;3;5;2;2;2;3;5;2;1;10100000;410004;2;1;0;0.5119444444444444;0.6922222222222223;0.46499999999999997;0.4716666666666667;1.0;0.33;0.66;0.6633333333333334;0.33;1.0;0.8333333333333334;0.7211111111111111;1.0;0.0;0.0;0.3333333333333333;0.33;0.33;0.33;0.33;0.0;1.0;1.0;0.6666666666666666;0.5;0.33;1.0;0.61;0.1111111111111111;0.4444444444444444;0.4444444444444444;0.3333333333333333;0.0;0.5;0.25;0.25;1.0;1.0;1.0;1.0;1.0;1.0;1.0;1.0;1.0;1.0;1.0;1.0;1;0;0;0;1;5;3;3;5;3;5;3;3;4;4;4;5;3;4;8;3;2;5;3;350;15000;0;8;5;2;7;7;5;7;3;1;1;2;2;5;5;5;5;5;3;2;2;3;2;2;5;5;2;4
"1-5-0 (2020-11-16)";"doi.org/10.14281/18241.1";2018;410;"KOR";732;"ROK";410070825;20180109;201712;201801;12.22;13.12;50;1;410011;410001;8;5;1;1;825;2390;"ko";2;1;1.0;0.8032128514056225;41453.815261044176;1;2;2;3;1;4;2;1;1;1;1;2;2;1;2;2;2;1;2;1;1;1;2;1;2;2;2;2;3;3;3;3;4;2;2;1;4;2;4;3;2;2;3;3;2;3;1;1;2;2;8;7;5;4;4;4;4;4;3;2;1;3;2;4;4;4;3;2;2;2;2;2;2;3;3;3;3;3;2;3;2;2;2;2;3;3;2;2;2;2;3;2;2;8;3;1;2;0;0;0;0;0;0;0;0;0;0;0;0;7;6;7;4;5;2;7;3;3;2;2;2;2;4;4;2;2;1;2;1;2;1;2;1;2;3;3;3;2;3;3;2;3;1;2;2;2;2;2;2;2;2;3;1;2;1;3;2;3;4;2;3;7;5;7;4;4;7;2;2;2;2;2;3;4;7;7;3;1;1;2;2;3;1;1;3;5;3;6;5;5;3;5;1;2;4;2;4;2;2;4;4;4;4;3;5;2;3;1;2;1;2;1;2;1;2;2;2;2;2;2;2;2;2;2;2;2;410002;410002;410002;2;4;4;3;3;3;3;3;1;2;1;2;3;4;1;3;7;5;4;9;6;2;9;7;1;9;9;7;8;2;3;2;2;2;2;3;2;1992;25;2;1;1;1;1;410;410;410;1;4;2;2390;6;0;6;3;-3;-3;5;3;6;3;1;-3;3;-3;3;2;2;1;3;6;2;0;100000020;410004;4;2;2;0.5816666666666667;0.665;0.7091203703703703;0.5857407407407408;0.0;0.66;0.33;0.33;1.0;1.0;1.0;1.0;1.0;0.0;1.0;0.6666666666666666;0.33;0.33;0.33;0.33;1.0;1.0;1.0;1.0;0.75;0.66;0.66;0.6900000000000001;0.4444444444444444;0.5555555555555556;0.4444444444444444;0.48148148148148145;0.33;1.0;0.665;0.665;1.0;1.0;1.0;1.0;1.0;1.0;1.0;1.0;1.0;1.0;1.0;1.0;1;0;1;1;1;7;6;5;6;6;5;5;4;4;6;5;8;4;5;8;4;1;4;3;670;38500;0;7;5;2;7;7;6;7;5;1;2;3;5;7;3;4;4;4;2;1;2;2;1;3;7;1;4;-3
"1-5-0 (2020-11-16)";"doi.org/10.14281/18241.1";2018;410;"KOR";732;"ROK";410070826;20180109;201712;201801;12.24;12.44;20;1;410044;410012;6;3;4;1;826;2390;"ko";3;1;1.0;0.8032128514056225;41453.815261044176;1;2;2;3;3;3;1;1;1;1;2;2;1;2;2;2;2;1;2;1;2;1;2;1;2;2;2;2;3;3;3;3;2;1;2;1;2;1;2;2;2;2;2;2;1;1;1;1;2;2;7;7;7;4;4;4;4;4;3;2;1;2;2;3;3;3;2;2;2;2;2;2;3;3;3;3;3;2;2;2;2;3;3;3;3;3;3;3;3;3;3;3;3;8;3;3;2;0;0;0;0;0;0;0;0;0;0;0;0;8;7;8;7;6;2;8;2;2;2;2;2;1;3;6;3;2;2;2;1;1;1;2;2;1;2;4;4;4;4;4;3;4;1;2;2;2;2;2;2;2;2;2;1;2;2;2;1;3;2;1;3;7;6;7;7;6;6;6;2;2;2;2;3;3;7;8;3;2;2;7;2;2;2;2;2;2;3;3;4;3;2;2;2;2;2;2;2;2;2;2;3;4;3;2;5;1;5;1;5;5;5;5;2;2;2;2;2;2;2;2;2;2;2;2;1;1;410002;410002;410002;2;2;2;2;2;2;2;2;2;2;2;3;3;4;2;3;5;8;3;7;7;6;6;6;6;7;7;6;7;2;2;1;1;2;2;2;2;1957;60;5;3;1;1;1;410;410;410;1;4;1;2390;1;2;2;1;2;1;0;1;1;1;1;1;6;9;9;2;1;2;3;6;2;0;100000020;410004;2;2;1;0.6366666666666666;0.5533333333333333;0.3943055555555556;0.37277777777777776;0.0;0.33;0.33;0.22;0.66;1.0;1.0;0.8866666666666667;1.0;1.0;1.0;1.0;0.33;0.33;0.66;0.44;1.0;0.0;1.0;0.6666666666666666;0.25;0.66;0.66;0.5233333333333333;0.1111111111111111;0.2222222222222222;0.3333333333333333;0.22222222222222224;0.33;0.0;0.165;0.165;1.0;1.0;1.0;1.0;1.0;1.0;1.0;1.0;1.0;1.0;1.0;1.0;0;0;1;0;1;7;7;7;7;7;7;7;6;7;7;7;7;7;5;5;7;4;1;3;250;21000;2000;8;7;1;8;7;5;6;6;1;1;5;5;8;5;5;5;5;2;1;2;2;2;2;8;3;6;4
"1-5-0 (2020-11-16)";"doi.org/10.14281/18241.1";2018;410;"KOR";732;"ROK";410070827;20180109;201712;201801;12.49;13.28;39;1;410041;410007;8;5;2;1;827;2390;"ko";3;1;1.0;0.8032128514056225;41453.815261044176;1;1;2;2;2;2;1;2;2;1;1;2;1;2;1;2;2;1;1;1;2;1;2;1;2;2;1;1;2;2;2;3;1;1;2;1;4;2;2;2;2;1;1;2;2;1;2;2;2;2;7;7;5;4;4;4;4;4;1;1;1;2;2;4;2;3;2;2;2;2;2;3;2;2;2;3;2;2;2;2;2;2;2;2;2;2;1;2;2;2;2;1;2;5;3;1;2;1;0;0;0;0;0;0;0;0;0;0;0;7;7;3;5;4;2;6;3;4;4;3;3;2;2;6;4;2;2;2;1;1;2;2;2;2;2;3;3;3;4;3;3;3;1;2;2;2;2;2;2;2;3;3;2;2;1;2;3;2;3;1;3;8;8;4;2;3;7;6;1;1;1;1;2;3;7;8;2;1;1;8;2;3;1;1;1;2;2;3;2;3;1;1;1;1;2;3;3;3;1;3;3;3;3;2;4;1;5;1;4;2;4;1;2;2;2;2;2;2;2;3;2;2;3;3;1;1;410002;410002;410002;1;2;2;3;2;3;2;2;2;2;1;3;2;3;2;3;4;7;5;7;6;3;8;6;5;7;8;7;8;2;3;2;2;1;3;4;2;1966;51;4;3;1;1;1;410;410;410;1;4;1;2390;1;2;3;2;6;3;3;2;3;2;4;1;-3;3;3;-3;2;1;3;5;2;0;100000020;410004;3;2;-1;0.4841666666666667;0.5816666666666668;0.4037037037037037;0.18407407407407406;0.5;0.66;0.0;0.3866666666666667;0.33;1.0;1.0;0.7766666666666667;1.0;0.0;0.0;0.3333333333333333;0.33;0.66;0.33;0.44;0.0;1.0;1.0;0.6666666666666666;0.0;0.33;0.33;0.22;0.1111111111111111;0.2222222222222222;0.1111111111111111;0.14814814814814814;0.66;0.5;0.5800000000000001;0.5800000000000001;1.0;1.0;1.0;1.0;1.0;1.0;1.0;1.0;1.0;1.0;1.0;1.0;1;1;0;0;1;8;6;6;7;7;5;5;3;5;5;3;7;2;6;7;7;-3;-3;3;500;45000;0;-3;5;1;-3;-3;-3;8;4;1;1;5;4;6;4;5;5;4;3;1;2;3;2;3;6;5;5;4
"1-5-0 (2020-11-16)";"doi.org/10.14281/18241.1";2018;410;"KOR";732;"ROK";410070828;20180109;201712;201801;12.57;13.18;21;1;410044;410012;6;3;4;1;828;2390;"ko";3;1;1.0;0.8032128514056225;41453.815261044176;1;2;2;3;2;3;2;1;1;1;1;2;2;1;2;2;2;1;2;1;2;1;2;2;2;2;2;2;2;2;3;3;2;1;2;1;2;1;3;3;3;3;3;3;2;1;1;1;2;2;5;5;5;4;4;4;4;4;3;2;1;2;2;3;3;3;2;2;2;2;2;2;2;2;3;3;2;2;2;3;2;3;3;3;3;3;3;3;3;3;3;3;3;6;3;3;2;0;0;0;0;0;0;0;0;0;0;0;0;4;4;3;6;6;1;6;2;2;2;2;2;1;4;6;3;2;2;1;1;1;1;2;2;1;2;3;3;3;4;4;3;3;1;2;2;2;2;2;2;2;2;2;1;1;2;1;2;3;1;3;2;7;4;4;6;4;4;6;2;2;2;2;3;3;7;8;3;2;2;6;2;2;2;2;2;2;3;3;4;3;1;1;2;3;1;2;2;1;2;2;3;4;2;2;5;1;5;1;5;1;1;1;2;2;2;2;2;2;2;2;2;2;2;2;1;1;410002;410002;410002;2;2;2;2;2;2;3;3;3;2;2;3;3;4;2;3;7;8;6;7;7;2;8;6;3;7;7;7;7;2;2;1;1;2;3;3;1;1989;28;2;1;1;1;1;410;410;410;1;3;1;2390;6;0;6;3;-3;-3;3;2;3;2;1;-3;3;-3;5;2;2;2;3;6;2;0;100000020;410004;2;1;2;0.6091666666666666;0.5533333333333333;0.3813888888888889;0.26277777777777783;0.0;0.33;0.33;0.22;0.66;1.0;1.0;0.8866666666666667;1.0;1.0;1.0;1.0;0.33;0.33;0.33;0.33;1.0;1.0;1.0;1.0;0.25;0.33;0.33;0.3033333333333334;0.1111111111111111;0.2222222222222222;0.3333333333333333;0.22222222222222224;0.0;0.0;0.0;0.0;1.0;1.0;1.0;1.0;1.0;1.0;1.0;1.0;1.0;1.0;1.0;1.0;0;0;0;1;1;6;7;7;7;7;7;7;7;7;5;6;6;6;5;5;7;1;4;3;180;15000;200;5;6;1;6;7;7;6;3;1;1;5;5;8;4;6;5;5;2;1;2;2;2;2;9;4;5;-3
"1-5-0 (2020-11-16)";"doi.org/10.14281/18241.1";2018;410;"KOR";732;"ROK";410070829;20180109;201712;201801;13.42;14.02;20;1;410044;410012;6;3;4;1;829;2390;"ko";2;1;1.0;0.8032128514056225;41453.815261044176;1;2;2;2;3;3;1;1;2;1;2;2;1;1;2;2;2;1;2;1;2;1;2;2;2;2;3;2;2;2;2;2;1;1;1;1;2;1;3;3;3;2;2;3;1;1;1;1;2;2;4;6;6;4;4;4;4;4;3;2;1;2;2;3;3;3;2;2;2;2;2;2;2;2;3;3;2;2;2;2;2;2;2;2;2;2;2;2;2;2;2;2;2;7;3;3;2;0;0;0;0;0;0;0;0;0;0;0;0;7;7;7;6;6;2;5;2;2;2;2;2;1;4;6;3;2;2;1;1;1;1;1;1;1;2;4;4;4;4;4;4;4;1;2;2;2;2;2;2;2;2;2;1;2;1;2;1;3;2;2;1;6;7;6;7;7;6;7;2;2;2;2;3;3;7;8;3;2;2;7;2;2;2;2;2;2;2;2;4;3;1;4;1;2;2;2;1;2;2;2;4;4;3;2;5;1;5;1;5;1;1;1;2;2;2;2;2;2;2;2;2;2;2;2;1;1;410002;410002;410002;2;2;2;2;2;2;2;2;2;2;2;3;3;4;2;3;4;8;8;7;7;2;8;7;3;7;8;7;7;2;2;1;1;2;3;3;1;1967;50;4;3;1;1;1;410;410;410;1;4;1;2390;1;2;6;3;6;3;1;1;2;1;1;1;3;3;6;2;1;2;3;7;2;0;100000020;410004;2;2;2;0.6366666666666667;0.6083333333333334;0.30921296296296297;0.2025925925925926;0.0;0.33;0.66;0.33;0.66;1.0;1.0;0.8866666666666667;1.0;1.0;1.0;1.0;0.33;0.33;0.33;0.33;1.0;0.0;1.0;0.6666666666666666;0.0;0.33;0.33;0.22;0.1111111111111111;0.1111111111111111;0.3333333333333333;0.1851851851851852;0.33;0.0;0.165;0.165;1.0;1.0;1.0;1.0;1.0;1.0;1.0;1.0;1.0;1.0;1.0;1.0;0;0;1;1;0;6;7;7;7;7;7;7;7;7;8;7;6;6;4;5;6;1;4;3;490;23000;1500;6;6;1;6;6;7;6;6;1;1;4;4;8;3;6;4;4;2;1;3;2;2;2;8;5;6;4
"1-5-0 (2020-11-16)";"doi.org/10.14281/18241.1";2018;410;"KOR";732;"ROK";410070830;20180109;201712;201801;13.48;14.09;21;1;410011;410001;8;5;1;1;830;2390;"ko";1;1;1.0;0.8032128514056225;41453.815261044176;1;1;2;3;4;4;2;2;2;1;1;1;1;1;2;2;2;1;2;1;1;1;2;1;2;2;2;2;3;4;4;2;4;2;1;1;3;3;4;2;3;3;3;3;2;1;2;1;2;1;8;7;4;4;4;4;4;4;1;2;1;3;2;4;4;4;3;3;4;3;4;3;2;2;3;3;2;2;1;3;2;2;2;3;2;2;3;4;4;3;3;2;2;4;3;1;2;0;1;2;0;0;1;0;0;0;2;0;0;8;7;5;4;7;1;6;2;3;2;3;3;2;3;4;2;1;2;2;0;1;0;0;2;3;2;4;3;4;4;4;3;4;1;1;2;1;1;2;2;1;2;3;1;2;2;2;1;3;4;4;1;7;8;4;4;4;7;3;1;2;2;2;3;4;6;8;3;1;2;6;4;3;5;3;4;5;2;5;7;3;5;6;2;1;2;1;1;3;6;3;4;3;3;2;4;1;4;1;4;1;1;1;1;1;1;2;1;3;3;1;1;1;3;3;3;2;410002;410002;410002;1;3;2;3;2;1;3;3;2;3;1;1;3;4;3;4;2;3;2;9;4;1;8;3;2;8;9;8;7;2;3;2;3;2;3;3;2;1980;37;3;2;1;1;1;410;410;410;1;5;1;2390;1;3;5;3;5;3;3;2;3;2;5;1;-3;3;5;-3;2;1;3;4;2;0;100000020;410004;1;2;1;0.7061111111111111;0.6372222222222222;0.5383796296296296;0.6609259259259259;0.0;0.66;0.33;0.33;1.0;1.0;0.8333333333333334;0.9444444444444445;1.0;1.0;1.0;1.0;0.66;0.66;0.33;0.5499999999999999;0.0;1.0;1.0;0.6666666666666666;0.75;0.66;1.0;0.8033333333333333;0.4444444444444444;0.4444444444444444;0.6666666666666666;0.5185185185185185;0.33;0.0;0.165;0.165;1.0;1.0;1.0;1.0;1.0;1.0;1.0;1.0;1.0;1.0;1.0;1.0;0;0;1;0;0;6;7;5;6;3;6;4;3;5;4;3;8;5;6;5;6;-3;-3;3;370;27500;5000;-3;4;1;-3;-3;-3;7;4;1;4;6;7;8;3;3;6;5;1;1;3;2;2;2;8;4;5;4
"1-5-0 (2020-11-16)";"doi.org/10.14281/18241.1";2018;410;"KOR";732;"ROK";410070831;20180109;201712;201801;13.55;14.32;37;1;410041;410007;8;5;2;1;831;2390;"ko";2;1;1.0;0.8032128514056225;41453.815261044176;1;2;2;3;3;3;2;2;1;1;1;1;2;1;2;2;2;1;2;1;2;1;2;1;2;2;2;2;3;4;4;3;3;3;2;1;4;2;5;3;2;2;3;3;2;3;2;2;2;2;9;8;7;4;4;4;4;4;1;2;1;2;2;3;3;4;2;2;2;2;2;2;2;3;4;3;2;2;2;3;2;2;2;2;2;2;2;2;2;2;2;2;2;8;3;1;2;0;0;0;0;0;0;0;0;0;0;0;0;8;7;8;4;3;1;7;3;3;3;2;2;2;4;6;2;2;1;2;1;2;1;2;2;2;3;3;2;3;3;3;2;3;1;1;2;3;3;2;2;2;2;3;2;2;1;2;1;3;2;2;3;7;7;4;4;4;8;2;2;2;2;2;3;4;7;7;3;1;1;3;2;2;1;1;2;3;2;5;6;3;3;6;1;3;1;2;3;2;3;4;4;4;3;2;3;1;3;1;3;2;2;1;1;1;2;2;2;2;2;2;2;2;2;2;2;2;-2;-2;-2;2;4;3;3;2;3;3;3;1;2;1;1;3;4;1;3;5;6;6;9;6;2;10;5;2;10;9;6;7;2;2;2;2;2;2;3;2;1965;52;4;3;1;1;1;410;410;410;1;4;1;2390;1;2;5;3;6;3;2;1;3;2;5;1;-3;3;4;-3;2;1;3;6;2;0;100000020;410004;3;2;1;0.5675;0.6366666666666667;0.48976851851851855;0.5637037037037038;0.5;0.33;0.33;0.3866666666666667;0.66;1.0;1.0;0.8866666666666667;1.0;0.0;1.0;0.6666666666666666;0.33;0.33;0.33;0.33;0.0;1.0;1.0;0.6666666666666666;0.5;0.66;1.0;0.7200000000000001;0.2222222222222222;0.4444444444444444;0.5555555555555556;0.40740740740740744;0.33;0.0;0.165;0.165;1.0;1.0;1.0;1.0;1.0;1.0;1.0;1.0;1.0;1.0;1.0;1.0;0;0;1;1;1;8;7;5;7;6;5;6;6;6;5;6;8;4;7;7;5;-3;-3;3;540;87500;0;-3;6;1;-3;-3;-3;8;7;1;2;5;5;6;4;4;4;3;2;6;3;2;2;3;6;3;4;4
"1-5-0 (2020-11-16)";"doi.org/10.14281/18241.1";2018;410;"KOR";732;"ROK";410070832;20180109;201712;201801;14.2;14.4;20;1;410041;410007;8;5;2;1;832;2390;"ko";1;1;1.0;0.8032128514056225;41453.815261044176;1;1;1;2;3;1;1;2;2;1;2;1;1;2;1;2;2;1;2;1;2;2;2;2;2;2;2;3;3;4;2;2;2;1;1;1;2;1;3;2;3;3;2;3;2;1;1;2;1;1;7;7;6;4;4;4;4;4;1;1;1;1;1;2;2;3;1;3;2;3;4;2;2;1;3;2;1;2;2;1;2;2;3;2;2;2;1;2;2;4;3;2;2;4;3;1;2;2;1;2;0;0;0;0;0;1;1;0;0;8;6;5;4;6;1;4;2;3;2;2;3;2;3;6;4;2;2;1;1;0;1;0;1;2;2;4;3;4;4;4;4;4;1;2;2;2;1;2;2;2;3;4;1;2;1;1;3;1;4;2;1;8;6;4;3;5;5;7;1;1;1;1;2;3;1;1;1;1;1;4;4;5;4;3;5;4;2;3;4;3;2;3;3;2;2;1;2;3;4;3;4;4;2;1;2;1;4;1;5;1;5;1;1;2;1;2;1;2;2;1;1;2;2;3;2;2;410002;410002;410002;1;3;2;3;1;2;4;4;2;1;2;2;3;4;4;3;3;3;5;9;5;3;9;3;4;7;9;8;7;2;2;1;1;2;3;3;2;1963;54;4;3;1;1;1;410;410;410;1;4;1;2390;1;2;5;3;6;3;3;2;3;2;5;1;-3;1;3;-3;2;1;2;5;2;2;20000000;410004;3;2;-1;0.45666666666666667;0.19333333333333336;0.42032407407407407;0.4664814814814815;0.5;0.33;0.33;0.3866666666666667;0.0;0.0;0.0;0.0;1.0;1.0;1.0;1.0;0.66;0.33;0.33;0.44;0.0;0.0;1.0;0.3333333333333333;0.25;0.66;1.0;0.6366666666666667;0.3333333333333333;0.2222222222222222;0.3333333333333333;0.2962962962962963;0.33;0.5;0.41500000000000004;0.41500000000000004;1.0;1.0;1.0;1.0;1.0;1.0;1.0;1.0;1.0;1.0;1.0;1.0;1;0;1;1;0;8;8;6;7;6;6;5;4;6;5;6;8;4;5;7;6;-3;-3;2;400;48000;2000;-3;5;1;-3;-3;-3;8;6;2;4;5;6;8;5;5;6;6;1;1;2;2;1;2;9;4;5;4
"1-5-0 (2020-11-16)";"doi.org/10.14281/18241.1";2018;410;"KOR";732;"ROK";410070833;20180109;201712;201801;14.59;15.44;45;1;410043;410009;7;4;3;1;833;2390;"ko";1;1;1.0;0.8032128514056225;41453.815261044176;1;1;2;2;2;3;1;1;1;1;2;2;1;2;2;2;2;1;2;1;2;1;2;1;2;1;1;3;2;3;2;2;2;1;2;1;2;1;4;2;2;2;1;2;3;3;1;3;2;2;9;8;5;4;4;4;4;4;1;2;1;2;2;3;3;3;3;2;2;2;2;2;2;2;3;3;2;2;2;2;2;2;2;2;2;2;2;2;2;2;2;2;2;5;3;1;2;0;0;0;0;0;0;0;0;0;0;0;1;4;4;3;3;7;1;7;2;2;2;2;2;3;2;7;3;2;2;2;2;2;2;2;2;3;2;4;3;4;4;4;4;4;1;1;2;3;3;2;2;3;3;3;1;2;1;2;1;1;3;1;2;3;7;5;5;5;8;3;2;2;2;2;3;4;7;8;3;2;2;8;1;1;1;1;1;1;1;1;1;1;1;7;1;1;1;1;1;1;5;2;2;1;2;2;1;1;5;1;5;5;2;1;2;3;2;3;2;2;2;2;1;2;2;2;1;1;410001;410001;410001;2;3;2;3;2;2;2;4;1;2;2;2;2;4;2;4;8;9;1;10;10;1;9;7;8;5;9;6;5;2;2;2;2;1;2;2;1;1958;59;5;3;1;1;1;410;410;410;1;3;1;2390;1;3;2;1;2;1;1;1;1;1;3;3;4;4;9;2;1;2;3;5;2;0;100000020;410004;1;1;1;0.41500000000000004;0.665;0.27;0.20666666666666667;1.0;0.33;0.0;0.44333333333333336;0.66;1.0;1.0;0.8866666666666667;0.0;0.0;0.0;0.0;0.33;0.33;0.33;0.33;1.0;0.0;1.0;0.6666666666666666;0.25;0.33;0.66;0.41333333333333333;0.0;0.0;0.0;0.0;0.0;0.0;0.0;0.0;1.0;1.0;1.0;1.0;1.0;1.0;1.0;1.0;1.0;1.0;1.0;1.0;0;0;0;0;1;8;6;4;5;3;5;1;2;3;3;3;7;2;6;6;4;4;1;3;500;50000;3000;5;5;1;5;5;8;6;5;1;1;4;2;4;8;4;4;2;2;2;1;3;1;3;4;8;4;4
"1-5-0 (2020-11-16)";"doi.org/10.14281/18241.1";2018;410;"KOR";732;"ROK";410070834;20180109;201712;201801;15.16;15.56;40;1;410029;410005;8;5;2;1;834;2390;"ko";2;1;1.0;0.8032128514056225;41453.815261044176;1;2;3;3;2;3;1;2;2;1;2;1;1;1;2;2;2;1;2;1;2;1;2;2;2;2;2;2;3;2;3;3;2;1;1;1;3;3;3;3;2;2;3;2;2;2;1;2;2;2;9;8;6;4;4;4;4;4;1;2;2;3;2;4;3;3;2;2;3;2;2;2;2;2;3;3;2;2;3;3;2;2;2;2;2;2;2;2;2;2;2;2;2;2;3;1;2;0;0;0;0;0;0;0;0;0;1;0;0;3;10;2;5;9;2;9;2;2;3;3;3;2;3;8;3;2;2;2;2;2;2;2;2;3;3;3;2;3;4;4;2;3;2;2;2;2;2;2;2;3;3;3;2;1;2;2;1;3;1;1;4;9;10;9;6;5;8;2;2;2;2;2;3;2;6;7;3;1;2;8;3;2;2;1;1;1;1;1;5;5;2;2;2;2;2;2;3;2;3;4;4;4;3;3;5;1;5;1;3;1;3;1;1;2;2;2;3;2;3;3;2;1;2;3;2;2;410002;410002;410002;2;3;3;2;2;2;2;3;2;3;2;1;2;3;3;3;2;10;5;10;10;7;9;9;6;10;9;7;7;2;2;2;2;2;3;3;2;1972;45;4;2;1;1;1;410;410;410;1;5;1;2390;1;3;3;2;6;3;2;1;2;1;5;1;-3;4;10;-3;2;2;3;3;1;0;100000020;410004;0;1;1;0.47027777777777785;0.608888888888889;0.22370370370370368;0.28074074074074074;0.5;0.33;0.33;0.3866666666666667;0.66;1.0;0.8333333333333334;0.8311111111111112;1.0;0.0;0.0;0.3333333333333333;0.33;0.33;0.33;0.33;0.0;0.0;1.0;0.3333333333333333;0.25;0.66;0.33;0.4133333333333334;0.0;0.0;0.4444444444444444;0.14814814814814814;0.0;0.0;0.0;0.0;1.0;1.0;1.0;1.0;1.0;1.0;1.0;1.0;1.0;1.0;1.0;1.0;0;0;0;0;0;9;7;6;8;5;7;7;5;3;5;6;9;4;4;7;7;-3;-3;2;380;35300;15000;-3;2;1;-3;-3;-3;9;7;1;2;7;6;9;5;8;6;6;2;3;3;2;2;3;9;5;8;4
"1-5-0 (2020-11-16)";"doi.org/10.14281/18241.1";2018;410;"KOR";732;"ROK";410070835;20180109;201712;201801;15.46;16.21;35;1;410011;410001;8;5;1;1;835;2390;"ko";2;1;1.0;0.8032128514056225;41453.815261044176;1;2;2;2;2;1;1;1;2;1;2;1;1;2;2;2;2;1;2;1;2;2;2;1;2;2;4;3;3;3;3;3;4;2;2;1;4;2;4;2;1;2;2;2;2;3;1;3;2;2;6;7;6;4;4;4;4;4;1;2;1;2;2;3;3;3;1;3;3;3;3;2;2;2;3;3;3;3;3;3;2;2;2;2;2;2;2;2;2;2;2;2;2;3;2;3;3;2;0;0;0;0;0;0;0;0;0;0;0;7;3;8;3;5;2;8;2;2;2;2;2;2;4;7;3;2;1;2;1;0;2;2;2;3;2;4;2;4;4;4;3;4;2;2;2;3;3;2;2;2;2;2;2;2;2;1;2;1;3;1;2;8;8;5;7;2;9;8;1;1;1;1;3;2;2;1;1;1;1;4;5;3;2;2;2;3;2;2;2;3;2;5;2;2;2;5;3;3;3;3;3;3;3;3;5;1;5;1;5;1;5;2;3;3;3;3;2;3;3;3;3;3;3;3;1;1;-2;-2;-2;2;4;3;3;2;2;3;3;3;3;2;2;4;4;2;3;5;5;3;9;6;2;8;7;4;9;8;7;7;2;3;2;2;2;2;3;2;1956;61;5;3;1;1;1;410;410;410;1;2;1;2390;1;2;2;1;2;1;1;1;1;1;5;3;-3;4;9;-3;2;1;3;5;2;2;20000000;410004;1;1;1;0.5955555555555556;0.47111111111111115;0.3762037037037037;0.4190740740740741;1.0;0.66;1.0;0.8866666666666667;0.0;0.0;0.16666666666666666;0.05555555555555555;1.0;1.0;1.0;1.0;0.66;0.33;0.33;0.44;1.0;0.0;1.0;0.6666666666666666;0.75;0.66;0.66;0.6900000000000001;0.2222222222222222;0.1111111111111111;0.1111111111111111;0.14814814814814814;0.0;0.0;0.0;0.0;1.0;1.0;1.0;1.0;1.0;1.0;1.0;1.0;1.0;1.0;1.0;1.0;0;0;0;0;1;6;5;7;5;4;5;3;3;3;3;3;8;3;5;8;3;-3;-3;3;200;30000;0;-3;5;1;-3;-3;-3;7;5;1;2;5;5;5;5;5;5;5;3;1;2;2;2;2;7;5;5;4
"1-5-0 (2020-11-16)";"doi.org/10.14281/18241.1";2018;410;"KOR";732;"ROK";410070836;20180109;201712;201801;15.53;16.43;50;1;410043;410009;7;4;3;1;836;2390;"ko";2;1;1.0;0.8032128514056225;41453.815261044176;1;2;3;2;2;3;1;1;1;1;2;2;2;1;2;2;2;1;2;1;2;1;2;1;2;1;2;2;2;3;3;2;2;1;2;1;4;2;4;1;2;2;1;2;2;3;1;3;2;2;9;8;7;4;4;4;4;4;1;2;1;2;2;3;3;3;3;2;2;2;2;2;2;2;2;2;2;2;2;2;2;2;2;2;2;2;2;2;2;2;2;2;2;3;3;1;2;0;0;0;0;0;0;0;0;0;0;0;0;8;8;5;3;2;2;6;2;2;2;2;2;2;2;9;4;2;2;2;2;2;2;2;2;3;2;4;3;4;4;4;4;4;1;1;2;1;3;2;2;2;2;2;1;2;2;2;1;1;3;1;2;9;8;8;6;4;8;4;2;2;2;2;4;4;7;8;3;2;2;6;1;1;1;1;1;1;2;1;3;3;1;2;1;1;1;1;1;1;3;2;2;1;2;2;5;1;5;1;5;5;5;2;3;3;2;3;3;3;3;3;3;3;3;3;1;1;410002;410002;410002;1;3;2;3;2;1;2;4;1;2;1;3;2;4;2;4;3;8;1;9;8;1;9;6;7;6;9;7;7;2;1;1;1;1;2;2;2;1952;65;6;3;1;1;1;410;410;410;1;2;1;2390;1;3;2;1;3;2;0;1;0;1;5;4;-3;-5;9;-3;2;1;3;3;1;0;100000020;410004;1;1;2;0.41500000000000004;0.665;0.2885185185185185;0.2437037037037037;1.0;0.0;0.33;0.44333333333333336;0.66;1.0;1.0;0.8866666666666667;0.0;0.0;0.0;0.0;0.33;0.33;0.33;0.33;1.0;0.0;1.0;0.6666666666666666;0.25;0.33;0.66;0.41333333333333333;0.0;0.0;0.2222222222222222;0.07407407407407407;0.0;0.0;0.0;0.0;1.0;1.0;1.0;1.0;1.0;1.0;1.0;1.0;1.0;1.0;1.0;1.0;0;0;0;0;1;8;7;7;7;3;4;3;3;4;5;6;8;5;6;8;3;-3;-3;3;100;15000;0;-3;4;1;-3;-3;-3;9;8;1;1;4;2;7;4;3;3;2;2;1;1;3;2;3;7;5;3;4
"1-5-0 (2020-11-16)";"doi.org/10.14281/18241.1";2018;410;"KOR";732;"ROK";410070837;20180109;201712;201801;16.29;16.5;21;1;410011;410001;8;5;1;1;837;2390;"ko";2;1;1.0;0.8032128514056225;41453.815261044176;1;2;3;3;1;2;2;1;2;1;2;1;2;1;1;2;2;1;2;1;2;2;1;2;2;2;1;3;2;4;3;3;4;2;2;1;4;2;3;2;3;1;2;2;2;1;1;1;2;2;8;7;6;4;4;4;4;4;3;1;1;2;2;3;3;3;1;3;4;3;3;2;2;1;3;3;1;2;1;1;2;3;2;3;4;4;3;2;2;3;3;3;3;4;3;1;1;2;1;2;1;0;0;0;0;0;1;0;0;8;3;4;6;6;2;6;2;3;2;2;3;2;2;5;4;2;2;1;1;0;1;0;1;2;2;4;2;4;4;4;3;4;1;2;2;2;1;2;2;2;2;3;2;2;1;2;1;3;2;1;2;8;6;3;4;6;7;7;1;1;1;1;3;3;2;3;1;1;2;7;5;4;4;4;3;4;2;4;6;4;3;5;2;1;2;1;2;1;5;4;4;4;2;2;2;1;5;1;3;1;2;1;2;2;1;2;1;2;2;1;1;2;2;3;2;2;410010;410010;410010;2;3;2;4;2;2;4;4;1;1;1;2;3;4;3;4;4;4;3;8;3;2;8;2;3;7;8;9;8;2;3;1;2;2;3;3;2;1963;54;4;3;1;1;1;410;410;410;1;4;1;2390;1;2;5;3;3;2;3;2;3;2;3;1;10;3;3;2;1;1;2;6;2;7;70000000;410004;2;2;1;0.45638888888888884;0.19277777777777777;0.48310185185185184;0.5503703703703704;0.0;0.66;0.0;0.22;0.33;0.0;0.16666666666666666;0.16555555555555557;1.0;1.0;1.0;1.0;0.66;0.33;0.33;0.44;1.0;0.0;1.0;0.6666666666666666;0.75;0.33;1.0;0.6933333333333334;0.3333333333333333;0.3333333333333333;0.5555555555555556;0.4074074074074074;0.33;0.0;0.165;0.165;1.0;1.0;1.0;1.0;1.0;1.0;1.0;1.0;1.0;1.0;1.0;1.0;0;0;1;0;1;6;5;4;6;3;5;4;3;4;4;3;7;5;8;6;6;3;3;3;490;52000;6000;8;5;1;7;6;8;7;6;1;2;6;8;6;5;5;6;8;2;5;2;3;2;2;7;5;5;4
"1-5-0 (2020-11-16)";"doi.org/10.14281/18241.1";2018;410;"KOR";732;"ROK";410070838;20180109;201712;201801;16.36;17.23;47;1;410041;410007;8;5;2;1;838;2390;"ko";1;1;1.0;0.8032128514056225;41453.815261044176;1;1;1;2;1;4;1;1;1;1;1;2;2;2;2;2;2;1;2;1;2;2;2;2;2;2;2;4;4;4;4;3;5;2;1;1;4;2;2;2;3;3;4;4;2;3;3;3;3;2;7;5;4;4;4;4;4;4;1;2;1;3;3;4;3;3;3;1;2;2;3;2;2;2;3;3;2;3;2;2;2;2;2;2;2;2;2;2;2;2;2;2;2;4;3;1;2;0;0;0;0;0;0;0;0;0;0;0;0;8;4;5;7;4;1;7;2;3;3;2;2;2;4;9;2;2;1;2;1;2;2;2;2;2;3;4;4;4;4;4;4;4;2;2;2;1;1;2;2;3;2;2;1;2;1;3;2;3;1;1;2;5;5;8;4;3;10;3;2;2;2;2;4;4;7;8;3;2;2;3;5;5;5;1;1;7;5;8;8;8;5;8;1;5;4;1;5;1;9;1;4;4;4;3;5;1;5;1;2;1;2;1;2;3;2;2;2;2;3;3;3;2;3;3;2;2;410002;410002;410002;1;2;2;4;2;2;4;4;1;1;1;2;1;4;3;4;3;8;1;10;9;1;10;3;1;8;10;6;6;2;2;1;1;1;3;3;2;1987;30;2;2;1;1;1;410;410;410;1;4;2;2390;6;0;5;3;-3;-3;3;2;6;3;1;-3;3;-3;3;2;2;1;3;5;2;0;100000020;410004;2;1;1;0.5266666666666666;0.7766666666666666;0.8101851851851852;0.8703703703703705;1.0;0.33;0.33;0.5533333333333333;1.0;1.0;1.0;1.0;1.0;0.0;0.0;0.3333333333333333;0.0;0.33;0.33;0.22;1.0;1.0;1.0;1.0;1.0;1.0;1.0;1.0;0.6666666666666666;0.7777777777777778;0.7777777777777778;0.7407407407407408;0.0;1.0;0.5;0.5;1.0;1.0;1.0;1.0;1.0;1.0;1.0;1.0;1.0;1.0;1.0;1.0;1;0;0;0;1;4;5;4;5;3;5;3;3;5;4;4;5;3;5;7;4;1;4;3;500;35000;10000;4;5;1;6;6;6;8;1;1;2;1;5;5;1;1;1;5;2;4;1;3;1;1;8;1;1;-3
"1-5-0 (2020-11-16)";"doi.org/10.14281/18241.1";2018;410;"KOR";732;"ROK";410070839;20180109;201712;201801;16.37;17.41;64;1;410011;410001;8;5;1;1;839;2390;"ko";3;1;1.0;0.8032128514056225;41453.815261044176;1;2;2;3;2;4;2;2;1;1;1;1;1;2;2;2;2;1;1;1;1;1;2;1;2;2;2;2;2;2;2;2;1;1;2;1;3;3;3;2;2;2;2;2;2;1;1;2;2;2;5;5;6;4;4;4;4;4;1;2;1;3;2;3;3;3;2;2;2;2;2;3;3;2;4;4;2;2;2;2;2;2;2;2;2;2;2;2;1;2;2;2;2;6;3;1;2;0;0;0;0;0;0;1;0;0;0;0;0;5;5;5;6;6;2;8;2;2;2;3;2;2;2;5;2;2;0;2;1;0;1;1;1;2;2;3;2;3;4;4;3;2;1;2;2;2;2;2;2;1;3;4;1;2;2;1;3;2;3;2;3;6;5;6;5;6;5;6;1;2;2;2;4;4;7;8;3;2;2;6;3;2;1;1;1;1;2;2;5;6;5;6;2;3;1;4;2;2;4;4;4;4;3;2;5;1;5;1;5;1;4;4;2;2;2;2;1;1;2;2;2;2;2;2;1;1;-2;-2;-2;2;3;2;3;2;2;3;2;1;2;2;1;2;4;2;4;4;7;5;6;4;2;2;5;2;8;8;7;7;2;2;2;2;2;4;3;2;1979;38;3;2;1;1;1;410;410;410;1;4;1;2390;1;2;6;3;6;3;3;2;5;3;5;1;-3;3;4;-3;2;2;3;5;2;0;100000020;410004;4;2;0;0.5675;0.6933333333333334;0.412962962962963;0.2025925925925926;0.5;0.33;0.33;0.3866666666666667;1.0;1.0;1.0;1.0;1.0;0.0;0.0;0.3333333333333333;0.33;0.66;0.66;0.55;0.0;1.0;1.0;0.6666666666666666;0.0;0.33;0.33;0.22;0.0;0.1111111111111111;0.4444444444444444;0.1851851851851852;0.66;0.5;0.5800000000000001;0.5800000000000001;1.0;1.0;1.0;1.0;1.0;1.0;1.0;1.0;1.0;1.0;1.0;1.0;1;1;0;1;1;7;5;6;6;6;3;3;2;4;4;3;7;3;2;3;7;-3;-3;3;380;52000;17000;-3;5;1;-3;-3;-3;7;5;2;1;4;5;5;1;2;2;4;2;1;2;2;1;2;6;1;3;4
"1-5-0 (2020-11-16)";"doi.org/10.14281/18241.1";2018;410;"KOR";732;"ROK";410070840;20180109;201712;201801;16.46;17.07;21;1;410011;410001;8;5;1;1;840;2390;"ko";2;1;1.0;0.8032128514056225;41453.815261044176;1;2;2;3;3;3;1;2;1;1;2;1;2;2;2;2;1;1;2;1;2;1;2;2;2;2;2;3;2;3;2;3;2;1;2;1;3;3;3;3;3;2;2;3;2;1;1;3;2;2;7;6;4;4;4;4;4;4;1;2;1;2;2;3;3;3;3;2;3;3;3;3;4;3;3;4;3;2;3;3;3;3;2;2;1;1;1;2;2;2;1;2;2;4;3;1;2;0;0;0;0;0;0;0;0;0;0;0;0;8;6;3;5;7;1;8;2;3;3;4;4;1;2;8;3;2;2;0;0;0;1;2;2;3;2;4;4;4;4;4;4;4;1;2;2;2;2;2;2;2;1;2;2;2;1;2;3;2;3;2;3;6;7;5;5;7;8;5;2;2;2;2;2;2;7;8;3;1;1;8;2;3;1;2;1;2;1;2;5;5;1;2;1;1;1;1;1;2;1;2;2;2;2;2;5;1;2;2;5;2;5;2;3;3;3;3;3;3;3;3;3;3;3;3;1;1;410008;410008;410008;2;3;3;3;3;2;3;3;2;2;2;2;3;3;2;3;5;8;4;8;8;4;7;8;4;8;8;7;7;2;3;2;2;2;3;3;1;1961;56;5;3;1;1;1;410;410;410;1;4;1;2390;1;2;3;2;3;2;2;1;2;1;1;1;5;5;5;2;1;2;3;4;2;0;100000020;410004;4;2;-1;0.7200000000000001;0.7750000000000001;0.3038888888888889;0.31777777777777777;1.0;0.66;0.33;0.6633333333333334;0.66;1.0;1.0;0.8866666666666667;1.0;1.0;0.0;0.6666666666666666;0.33;0.66;1.0;0.6633333333333334;0.0;0.0;0.0;0.0;0.25;0.33;0.66;0.41333333333333333;0.1111111111111111;0.1111111111111111;0.4444444444444444;0.22222222222222224;0.66;0.5;0.5800000000000001;0.5800000000000001;1.0;1.0;1.0;1.0;1.0;1.0;1.0;1.0;1.0;1.0;1.0;1.0;1;1;0;1;1;5;5;5;6;3;5;4;3;4;4;4;6;4;5;6;7;4;1;3;530;58000;3000;6;4;1;5;6;7;8;5;1;1;5;4;4;3;6;5;3;2;3;2;3;1;3;4;3;6;3
"1-5-0 (2020-11-16)";"doi.org/10.14281/18241.1";2018;410;"KOR";732;"ROK";410070841;20180109;201712;201801;16.48;17.3;42;1;410041;410007;8;5;2;1;841;2390;"ko";1;1;1.0;0.8032128514056225;41453.815261044176;1;2;2;2;2;4;1;2;1;1;2;1;1;2;2;2;2;1;1;1;2;1;2;2;2;2;1;2;1;2;2;2;2;1;2;1;2;1;4;3;2;2;2;2;2;1;1;1;2;2;7;8;8;4;4;4;4;4;1;2;1;2;3;3;4;4;3;2;2;2;2;3;3;2;3;2;3;2;2;3;2;2;1;1;1;1;1;1;1;1;1;1;1;9;2;3;2;0;0;0;0;0;0;1;0;0;0;0;0;8;4;7;3;3;1;8;2;1;1;2;1;4;2;8;4;2;2;2;1;2;2;1;1;2;2;4;3;4;4;4;4;4;2;2;2;3;4;2;2;4;3;4;1;1;1;1;3;1;2;1;3;8;7;8;7;6;7;5;2;2;2;2;3;4;6;7;3;2;2;9;5;3;2;2;1;2;1;2;4;4;3;3;3;2;2;1;3;3;2;2;2;3;1;2;3;1;2;5;5;5;5;3;2;2;2;2;1;1;1;1;1;1;1;1;1;1;410002;410002;410002;1;3;2;2;1;2;3;3;3;2;1;1;2;4;1;4;3;6;2;9;5;3;7;8;6;9;10;7;8;2;2;2;2;1;2;2;1;1955;62;5;3;1;1;1;410;410;410;1;3;1;2390;1;1;3;2;3;2;1;1;2;1;3;1;6;7;3;2;1;1;3;5;2;0;100000020;410004;3;2;0;0.5677777777777777;0.5272222222222223;0.281712962962963;0.1892592592592593;0.0;0.33;0.0;0.11;1.0;1.0;0.8333333333333334;0.9444444444444445;1.0;1.0;0.0;0.6666666666666666;0.33;0.66;0.66;0.55;0.0;0.0;1.0;0.3333333333333333;0.25;0.0;0.33;0.19333333333333336;0.1111111111111111;0.1111111111111111;0.3333333333333333;0.1851851851851852;0.33;0.5;0.41500000000000004;0.41500000000000004;1.0;1.0;1.0;1.0;1.0;1.0;1.0;1.0;1.0;1.0;1.0;1.0;1;0;1;0;1;8;5;5;6;6;8;6;5;5;7;7;8;8;8;5;8;4;1;3;400;50000;5000;8;7;1;9;8;8;9;8;1;2;4;4;7;2;2;2;2;2;1;4;3;2;2;9;2;4;4
"1-5-0 (2020-11-16)";"doi.org/10.14281/18241.1";2018;410;"KOR";732;"ROK";410070842;20180109;201712;201801;16.51;17.41;50;1;410041;410007;8;5;2;1;842;2390;"ko";2;1;1.0;0.8032128514056225;41453.815261044176;1;1;2;2;2;4;1;1;1;2;1;2;1;2;2;2;2;1;2;1;2;1;2;1;2;2;1;2;1;2;2;2;2;1;3;3;2;1;3;2;3;3;3;2;2;1;2;2;3;3;4;4;5;2;3;3;3;3;2;2;2;1;2;3;3;3;3;3;3;3;2;3;2;3;3;3;2;2;2;2;2;2;3;1;1;1;1;1;1;1;1;1;1;6;2;1;1;0;0;0;0;0;0;0;0;0;0;0;0;5;6;5;5;6;2;6;3;3;2;3;3;2;3;5;2;0;0;0;0;0;1;0;0;2;2;3;4;3;3;4;3;3;1;2;2;3;3;2;2;2;2;3;2;1;2;2;1;1;3;1;2;5;6;5;5;6;6;5;2;2;2;2;3;2;7;8;3;2;2;6;5;5;5;3;3;2;2;7;6;3;2;8;7;3;4;4;2;2;2;2;3;2;2;2;5;1;5;5;5;5;5;5;3;2;3;2;2;2;3;3;2;3;3;2;2;3;8;8;8;2;2;3;2;2;3;3;2;2;2;2;2;3;2;3;2;5;6;5;6;6;5;4;5;4;5;4;5;4;3;3;2;2;3;3;3;2;1941;76;6;3;1;1;1;410;410;410;1;2;1;2390;1;0;1;1;1;1;0;1;0;1;5;7;-3;-5;10;-3;2;3;3;5;2;0;100000020;410004;1;1;1;0.7341666666666666;0.6933333333333334;0.40944444444444444;0.3188888888888889;0.5;0.66;0.0;0.3866666666666667;1.0;1.0;1.0;1.0;1.0;1.0;1.0;1.0;0.66;0.66;0.33;0.5499999999999999;1.0;1.0;1.0;1.0;0.25;0.0;0.33;0.19333333333333336;0.1111111111111111;0.6666666666666666;0.5555555555555556;0.4444444444444445;0.0;0.0;0.0;0.0;1.0;1.0;1.0;1.0;1.0;1.0;1.0;1.0;1.0;1.0;1.0;1.0;0;0;0;0;1;5;5;3;4;5;4;5;4;4;5;4;6;5;4;5;6;-3;-3;3;1203;20000;0;4;4;1;5;5;6;5;6;1;1;1;1;5;6;5;5;5;2;2;3;3;3;1;1;2;2;4
"1-5-0 (2020-11-16)";"doi.org/10.14281/18241.1";2018;410;"KOR";732;"ROK";410070843;20180109;201712;201801;16.54;17.14;20;1;410041;410007;8;5;2;1;843;2390;"ko";2;1;1.0;0.8032128514056225;41453.815261044176;1;2;2;2;1;2;2;1;1;1;1;1;2;2;2;2;2;1;2;1;2;1;2;2;2;2;3;2;3;2;2;3;2;1;2;1;4;2;3;3;3;2;4;3;2;1;3;2;2;2;4;6;6;4;4;4;4;4;2;2;1;1;2;3;2;3;2;3;3;3;3;3;2;2;3;2;2;3;3;3;3;2;2;3;3;3;3;3;3;3;3;2;3;6;2;2;2;1;0;0;0;0;0;0;0;0;0;0;0;5;6;6;5;6;2;5;2;3;3;2;2;2;2;6;2;0;1;1;1;1;1;1;1;2;2;4;4;4;4;4;4;4;1;1;2;2;2;1;2;2;3;2;2;1;1;2;3;2;3;1;3;4;6;6;4;6;5;5;1;1;1;1;2;2;3;3;2;2;1;5;7;6;5;6;5;6;6;6;5;7;6;5;6;5;6;6;6;7;6;2;2;3;2;2;5;1;2;3;3;4;3;3;2;2;2;2;2;2;2;2;2;2;2;2;2;2;410002;410002;410002;2;3;3;2;3;2;2;3;2;3;2;1;3;2;2;3;5;6;6;7;6;5;6;5;6;5;6;6;6;2;3;1;1;1;2;3;1;1983;34;2;2;2;1;1;-2;410;410;1;1;1;2390;6;0;3;2;-3;-3;3;2;3;2;1;-3;3;-3;6;2;2;2;3;6;2;2;20000000;-5;3;2;1;0.6777777777777778;0.5805555555555556;0.6279629629629631;0.46592592592592597;0.5;0.66;0.66;0.6066666666666668;0.33;1.0;0.3333333333333333;0.5544444444444444;1.0;1.0;1.0;1.0;0.66;0.66;0.33;0.5499999999999999;1.0;1.0;1.0;1.0;0.25;0.66;0.33;0.4133333333333334;0.5555555555555556;0.5555555555555556;0.4444444444444444;0.5185185185185185;0.66;0.5;0.5800000000000001;0.5800000000000001;1.0;1.0;1.0;1.0;1.0;1.0;1.0;1.0;1.0;1.0;1.0;1.0;1;1;0;0;1;4;4;6;6;7;5;6;7;6;5;7;6;6;5;6;5;1;3;3;400;28500;2500;6;6;1;6;8;7;4;5;1;2;4;3;6;4;3;5;1;2;1;2;3;2;2;7;5;5;-3
"1-5-0 (2020-11-16)";"doi.org/10.14281/18241.1";2018;410;"KOR";732;"ROK";410070844;20180109;201712;201801;17.0;17.28;28;1;410041;410007;8;5;2;1;844;2390;"ko";1;1;1.0;0.8032128514056225;41453.815261044176;2;2;3;1;1;3;2;2;1;1;2;1;1;1;2;2;2;1;2;1;2;1;2;2;2;1;2;2;2;3;1;2;2;1;1;1;2;1;4;2;2;1;2;2;3;1;2;2;2;2;8;6;7;4;4;4;4;4;1;1;1;2;1;2;3;3;3;2;2;3;4;3;3;2;2;2;3;3;2;3;2;4;3;3;3;3;2;2;3;3;3;1;2;4;3;1;2;0;0;1;0;0;0;0;0;1;1;0;0;5;6;8;3;4;2;7;3;3;2;2;3;2;4;6;3;2;2;1;0;0;2;1;1;2;1;4;4;4;4;4;4;4;2;2;2;2;2;2;2;2;3;3;2;2;2;2;3;3;4;1;2;8;5;6;5;4;6;4;2;2;2;2;4;4;7;8;3;2;2;4;4;5;3;3;2;1;2;4;6;4;5;6;4;2;4;2;3;3;6;3;4;4;1;1;1;1;1;1;5;1;5;1;1;1;2;2;1;2;2;1;1;2;2;3;2;1;410009;410009;410009;2;3;3;4;2;1;3;4;1;3;1;1;3;3;2;4;6;3;2;8;3;2;9;2;3;7;8;8;7;1;1;1;1;1;3;2;1;1957;60;5;3;1;1;1;410;410;410;1;4;2;2390;1;3;3;2;3;2;2;1;3;2;3;5;10;-5;6;2;1;1;2;6;2;0;100000020;410004;3;2;1;0.6783333333333332;0.5816666666666667;0.3644907407407407;0.3548148148148148;0.5;0.0;0.33;0.27666666666666667;0.66;1.0;1.0;0.8866666666666667;1.0;1.0;1.0;1.0;0.33;0.66;0.66;0.55;0.0;0.0;1.0;0.3333333333333333;0.25;0.33;0.66;0.41333333333333333;0.0;0.3333333333333333;0.5555555555555556;0.2962962962962963;0.33;0.5;0.41500000000000004;0.41500000000000004;1.0;1.0;1.0;1.0;1.0;1.0;1.0;1.0;1.0;1.0;1.0;1.0;1;0;1;0;1;7;5;7;7;6;4;5;4;7;5;6;6;6;7;6;6;3;4;2;510;100000;8000;7;6;1;8;6;7;7;7;2;1;9;6;5;6;7;9;5;3;4;1;3;2;3;5;5;6;4
"1-5-0 (2020-11-16)";"doi.org/10.14281/18241.1";2018;410;"KOR";732;"ROK";410070845;20180109;201712;201801;17.05;17.41;36;1;410041;410007;8;5;2;1;845;2390;"ko";2;1;1.0;0.8032128514056225;41453.815261044176;1;2;2;3;4;4;1;2;1;1;1;2;2;1;2;2;2;1;2;1;2;1;2;1;2;2;2;2;3;4;4;2;4;2;2;1;4;2;5;3;2;2;3;3;2;3;1;1;2;2;8;7;7;4;4;4;4;4;1;2;1;2;2;3;3;4;2;2;2;2;2;2;2;2;3;3;2;2;2;3;2;2;2;2;2;2;2;2;2;2;3;2;2;8;3;1;2;0;1;0;0;0;0;0;0;0;0;0;0;7;7;7;4;4;1;8;3;3;3;2;2;2;4;5;4;2;2;2;1;2;2;1;1;3;2;3;3;3;3;3;3;3;1;1;2;3;3;2;2;2;2;3;2;2;1;2;1;2;3;2;3;8;8;3;4;3;8;3;2;2;2;2;4;4;7;7;3;1;1;7;2;3;1;1;2;4;4;6;6;3;3;6;1;2;1;3;3;2;5;3;4;4;2;2;2;1;2;1;3;2;2;2;1;1;2;2;1;1;2;2;2;2;2;2;1;1;410002;410002;410002;2;4;3;3;2;3;3;3;1;2;1;1;3;4;1;3;3;7;4;10;7;1;9;5;1;9;9;7;8;2;2;2;2;2;3;3;2;1970;47;4;2;1;1;1;410;410;410;1;4;1;2390;1;2;6;3;6;3;2;1;2;1;5;1;-3;3;6;-3;2;1;3;6;2;0;100000020;410004;3;2;1;0.5541666666666667;0.61;0.5703703703703703;0.6424074074074074;0.0;0.33;0.33;0.22;1.0;1.0;1.0;1.0;1.0;0.0;1.0;0.6666666666666666;0.33;0.33;0.33;0.33;0.0;1.0;1.0;0.6666666666666666;0.75;0.66;1.0;0.8033333333333333;0.3333333333333333;0.5555555555555556;0.5555555555555556;0.48148148148148145;0.66;0.0;0.33;0.33;1.0;1.0;1.0;1.0;1.0;1.0;1.0;1.0;1.0;1.0;1.0;1.0;0;1;0;1;1;8;6;5;7;6;5;4;4;6;5;4;8;4;7;7;6;-3;-3;3;580;95800;0;-3;6;1;-3;-3;-3;8;7;1;2;5;5;7;3;5;4;4;2;1;2;3;2;2;8;3;5;4
"1-5-0 (2020-11-16)";"doi.org/10.14281/18241.1";2018;410;"KOR";732;"ROK";410070846;20180109;201712;201801;17.07;17.47;40;1;410043;410009;7;4;3;1;846;2390;"ko";2;2;1.0;0.8032128514056225;41453.815261044176;1;2;2;2;2;2;1;1;1;1;2;2;2;1;2;2;2;1;2;1;2;1;2;1;2;1;2;2;2;3;2;2;1;1;2;1;4;2;4;1;1;2;1;2;2;3;1;3;2;3;8;7;7;4;4;4;4;4;1;2;1;2;2;3;2;3;2;2;2;2;2;2;2;2;2;2;2;2;2;2;2;2;2;2;2;2;2;2;2;2;2;2;2;3;3;3;2;1;0;0;0;0;0;0;0;0;0;0;0;7;4;5;3;2;2;6;2;2;2;2;2;2;2;10;4;2;2;2;2;2;2;1;2;3;2;4;4;4;4;4;4;4;1;1;2;2;3;2;2;2;2;3;1;2;1;2;1;1;4;1;2;8;7;8;5;5;8;5;2;2;1;1;3;3;6;7;2;2;2;6;1;1;1;1;1;1;1;1;3;3;1;2;1;2;1;1;1;1;3;2;1;1;2;2;5;1;5;1;5;5;5;1;3;3;3;3;3;3;3;3;3;3;3;3;1;1;410001;410001;410001;1;3;2;3;3;2;3;4;1;2;1;2;2;4;2;4;8;8;3;9;8;8;7;4;4;8;9;8;6;2;2;1;1;1;2;2;2;1943;74;6;3;1;1;1;410;410;410;1;2;1;2390;1;3;1;1;3;2;0;1;1;1;5;4;-3;-5;9;-3;2;2;3;5;2;1;10100000;410004;2;2;2;0.40111111111111114;0.6372222222222222;0.30893518518518515;0.20203703703703704;1.0;0.33;0.33;0.5533333333333333;0.33;1.0;0.8333333333333334;0.7211111111111111;0.0;0.0;0.0;0.0;0.33;0.33;0.33;0.33;1.0;0.0;1.0;0.6666666666666666;0.0;0.33;0.66;0.33;0.0;0.0;0.2222222222222222;0.07407407407407407;0.33;0.0;0.165;0.165;1.0;1.0;1.0;1.0;1.0;1.0;1.0;1.0;1.0;1.0;1.0;1.0;0;0;1;0;1;6;6;6;7;4;4;3;3;4;4;4;6;3;5;7;5;-3;-3;3;200;10000;0;-3;4;1;-3;-3;-3;8;8;1;1;5;3;3;6;5;5;3;3;2;1;3;1;4;5;5;5;4
"1-5-0 (2020-11-16)";"doi.org/10.14281/18241.1";2018;410;"KOR";732;"ROK";410070847;20180109;201712;201801;17.25;17.45;20;1;410028;410004;8;5;2;1;847;2390;"ko";3;1;1.0;0.8032128514056225;41453.815261044176;1;1;2;3;1;3;1;2;1;1;2;1;1;2;2;2;2;1;2;1;2;1;2;1;2;2;2;3;3;3;3;3;3;3;2;1;4;2;4;2;2;1;1;2;2;3;1;3;3;2;8;5;5;4;4;4;4;4;3;1;1;2;2;3;3;3;2;2;3;2;3;3;3;3;4;4;3;2;3;3;2;3;3;3;2;2;3;3;3;2;2;2;3;6;1;1;2;0;0;0;0;0;0;0;0;0;0;0;0;7;6;2;3;6;2;4;2;2;3;2;3;2;3;7;3;2;2;2;2;2;2;2;2;2;2;4;3;4;4;4;4;4;1;2;2;2;1;2;2;3;4;4;2;2;1;1;4;1;3;1;2;10;9;7;6;3;9;4;2;2;2;2;4;3;7;8;3;2;2;3;2;1;1;1;1;1;1;3;7;5;1;1;1;1;1;2;1;1;3;3;4;4;3;2;2;1;5;1;5;1;5;1;3;3;3;3;3;2;3;3;3;3;3;3;1;1;410001;410001;410001;2;3;3;3;2;2;4;4;2;3;2;3;3;4;4;3;4;9;2;9;10;3;9;9;2;9;9;7;7;2;2;1;1;2;2;3;2;1975;42;3;2;1;1;1;410;410;410;1;4;1;2390;1;2;6;3;6;3;3;2;3;2;1;1;3;3;3;2;2;1;3;5;2;0;100000020;410004;1;1;0;0.4975;0.72;0.3090740740740741;0.45148148148148154;1.0;0.33;0.33;0.5533333333333333;0.66;1.0;1.0;0.8866666666666667;0.0;0.0;0.0;0.0;0.33;0.66;0.66;0.55;0.0;0.0;1.0;0.3333333333333333;0.5;0.66;0.66;0.6066666666666668;0.0;0.2222222222222222;0.6666666666666666;0.2962962962962963;0.0;0.0;0.0;0.0;1.0;1.0;1.0;1.0;1.0;1.0;1.0;1.0;1.0;1.0;1.0;1.0;0;0;0;0;1;5;5;5;6;3;5;3;2;4;3;7;6;2;5;5;4;1;5;3;550;50000;2500;6;5;1;7;7;6;7;4;1;1;5;5;6;6;5;5;5;3;2;2;3;2;2;6;6;5;4
"1-5-0 (2020-11-16)";"doi.org/10.14281/18241.1";2018;410;"KOR";732;"ROK";410070848;20180109;201712;201801;17.31;17.5;20;1;410011;410001;8;5;1;1;848;2390;"ko";2;1;1.0;0.8032128514056225;41453.815261044176;1;2;2;2;3;3;1;2;2;1;2;1;2;1;2;2;1;1;2;1;2;1;2;2;2;2;2;3;2;3;2;3;2;1;2;1;3;3;4;3;2;3;2;3;2;2;1;3;3;2;7;6;5;4;4;4;4;4;1;2;1;2;2;3;3;3;3;2;3;3;3;3;3;3;3;4;3;3;2;3;3;3;2;2;1;1;1;2;2;2;2;2;2;4;3;1;2;0;0;0;0;0;0;0;0;0;0;0;0;5;6;7;5;6;1;8;2;3;3;3;3;1;2;7;3;2;2;1;1;0;0;2;2;3;2;4;4;4;4;4;4;4;1;1;2;2;2;2;2;1;2;2;2;2;1;2;3;2;3;2;1;8;7;8;7;8;7;5;2;2;2;2;2;2;7;8;3;1;1;8;2;2;1;1;2;2;1;1;4;2;1;1;1;2;1;1;1;1;1;2;2;2;2;2;5;1;5;5;5;5;5;2;3;3;3;3;3;3;3;3;3;3;3;3;1;1;410001;410001;410001;2;3;2;3;3;2;3;3;2;2;2;2;3;3;3;3;8;7;3;8;8;5;8;8;5;8;8;5;7;3;2;2;2;2;3;3;1;1954;63;5;3;1;1;1;410;410;410;1;2;1;2390;1;0;3;2;3;2;1;1;1;1;1;5;5;-5;6;2;1;2;3;5;2;0;100000020;410004;3;2;0;0.6641666666666666;0.72;0.2853703703703704;0.28074074074074074;1.0;0.33;0.33;0.5533333333333333;0.66;1.0;1.0;0.8866666666666667;1.0;0.0;1.0;0.6666666666666666;0.33;0.66;0.66;0.55;0.0;0.0;0.0;0.0;0.25;0.33;0.66;0.41333333333333333;0.1111111111111111;0.0;0.3333333333333333;0.14814814814814814;0.66;0.5;0.5800000000000001;0.5800000000000001;1.0;1.0;1.0;1.0;1.0;1.0;1.0;1.0;1.0;1.0;1.0;1.0;1;1;0;1;0;5;6;7;6;3;5;4;3;4;4;3;5;5;5;7;8;4;1;3;300;38000;2000;6;5;1;6;7;8;8;6;1;1;5;3;4;6;5;5;3;3;2;2;3;1;3;4;6;5;4
"1-5-0 (2020-11-16)";"doi.org/10.14281/18241.1";2018;410;"KOR";732;"ROK";410070849;20180109;201712;201801;17.4;18.26;47;1;410041;410007;8;5;2;1;849;2390;"ko";1;1;1.0;0.8032128514056225;41453.815261044176;1;1;1;3;1;3;2;1;1;1;1;1;2;2;2;2;2;1;2;1;2;2;2;2;2;2;2;2;2;4;3;3;4;2;1;1;5;2;2;4;2;4;4;4;2;3;2;3;3;1;7;5;3;4;4;4;4;4;2;2;1;2;2;3;3;3;3;1;2;2;2;2;2;2;3;2;3;3;1;2;2;2;2;2;1;1;1;1;1;1;1;1;1;4;2;1;2;1;0;0;0;0;0;0;0;0;0;0;0;9;3;6;7;5;2;5;2;2;3;2;2;2;3;5;2;2;1;2;1;2;2;1;2;2;3;4;4;4;4;4;4;4;2;2;2;1;1;2;2;2;2;2;1;2;1;2;4;3;1;1;3;9;4;3;4;3;8;5;1;1;1;1;4;4;6;7;2;2;2;4;5;5;3;1;1;10;7;7;5;9;7;10;1;5;3;1;5;1;10;2;4;4;3;2;5;1;2;1;2;1;1;1;2;2;2;2;2;2;2;2;3;3;3;3;2;1;410009;410009;410009;2;4;2;3;2;2;4;4;2;3;1;2;3;4;3;4;5;10;1;10;10;1;10;2;2;10;10;2;2;4;4;1;1;1;2;3;1;1985;32;2;2;1;1;1;410;410;410;1;3;2;2390;6;0;6;3;-3;-3;6;3;6;3;1;-3;3;-3;3;2;2;2;3;6;2;1;10100000;410004;1;1;1;0.5402777777777779;0.803888888888889;0.5992592592592593;0.6985185185185185;1.0;1.0;0.33;0.7766666666666667;0.66;1.0;0.8333333333333334;0.8311111111111112;1.0;0.0;0.0;0.3333333333333333;0.0;0.33;0.33;0.22;1.0;1.0;1.0;1.0;0.75;0.33;1.0;0.6933333333333334;1.0;0.6666666666666666;0.4444444444444444;0.7037037037037037;0.0;0.0;0.0;0.0;1.0;1.0;1.0;1.0;1.0;1.0;1.0;1.0;1.0;1.0;1.0;1.0;0;0;0;0;1;3;5;3;6;3;5;4;3;5;4;4;4;3;8;7;3;1;3;3;500;40000;5000;5;4;1;5;5;5;6;2;1;2;5;6;5;5;5;5;5;1;3;2;3;2;2;5;1;5;-3
"1-5-0 (2020-11-16)";"doi.org/10.14281/18241.1";2018;410;"KOR";732;"ROK";410070850;20180109;201712;201801;17.55;18.34;39;1;410041;410007;8;5;2;1;850;2390;"ko";3;1;1.0;0.8032128514056225;41453.815261044176;1;1;2;4;1;4;1;1;1;1;2;2;2;1;2;2;2;1;1;1;2;1;2;1;2;2;1;2;2;2;1;1;1;1;2;1;2;1;5;2;2;2;1;1;2;2;2;2;2;2;7;6;6;4;4;4;4;4;3;2;1;2;2;3;3;3;3;3;2;2;3;3;3;2;2;2;2;3;3;2;2;2;1;2;1;1;1;1;1;2;2;1;2;7;2;3;2;0;0;0;0;0;0;0;0;0;0;0;0;9;5;6;4;5;1;8;3;3;3;3;3;2;2;7;3;2;2;1;0;0;1;1;1;3;2;4;4;4;4;4;4;4;2;2;2;2;1;2;2;3;4;3;1;2;1;1;3;3;2;3;2;7;8;7;5;3;6;2;2;2;2;2;4;4;7;8;2;2;2;9;4;3;1;4;2;3;2;5;6;4;4;4;3;2;1;3;4;4;3;3;3;4;4;3;2;2;2;3;5;3;3;4;2;2;2;3;2;2;2;2;2;2;2;2;3;3;-2;-2;-2;3;4;3;2;3;2;3;3;2;2;2;1;2;3;2;3;5;7;3;7;5;3;7;8;4;8;8;4;6;2;3;3;2;3;2;3;1;1968;49;4;2;1;1;1;410;410;410;1;2;1;2390;1;0;3;2;3;2;1;1;2;1;3;5;6;-5;9;3;1;2;5;4;2;0;100000020;410004;4;2;2;0.7616666666666667;0.6933333333333334;0.42726851851851855;0.3137037037037037;0.5;0.66;0.0;0.3866666666666667;1.0;1.0;1.0;1.0;1.0;1.0;1.0;1.0;0.66;0.66;0.66;0.66;1.0;0.0;1.0;0.6666666666666666;0.0;0.33;0.33;0.22;0.2222222222222222;0.4444444444444444;0.5555555555555556;0.40740740740740744;0.33;0.5;0.41500000000000004;0.41500000000000004;1.0;1.0;1.0;1.0;1.0;1.0;1.0;1.0;1.0;1.0;1.0;1.0;1;0;1;1;1;6;6;5;7;8;7;7;5;5;7;6;6;4;6;5;5;4;1;5;250;8000;2000;6;4;2;8;8;7;7;5;1;1;3;3;3;3;2;3;4;3;7;2;3;2;3;3;2;2;4
"1-5-0 (2020-11-16)";"doi.org/10.14281/18241.1";2018;410;"KOR";732;"ROK";410070851;20180109;201712;201801;17.59;18.34;35;1;410011;410001;8;5;1;1;851;2390;"ko";1;1;1.0;0.8032128514056225;41453.815261044176;1;2;2;1;2;4;1;1;2;1;2;2;1;1;2;2;2;1;1;1;1;2;2;2;2;2;2;2;1;3;2;2;2;1;1;1;2;1;4;2;1;2;2;3;2;2;1;2;2;2;7;6;5;4;4;4;4;4;1;2;1;3;2;3;4;4;4;3;1;3;3;2;2;1;2;1;1;2;1;2;3;2;3;2;3;3;1;2;3;4;2;1;2;7;3;2;2;0;0;1;0;0;0;0;0;0;1;0;0;4;6;2;6;7;1;6;2;3;3;2;3;2;4;6;1;0;1;2;1;1;0;1;2;3;2;4;2;4;4;4;4;4;2;2;2;1;2;2;2;2;2;3;2;2;2;1;3;1;3;1;4;7;5;6;3;3;6;3;1;2;2;2;4;4;7;8;3;2;1;3;4;6;5;4;4;3;2;5;7;4;5;7;4;3;2;2;3;2;6;4;3;4;1;1;1;1;5;1;5;2;5;1;1;1;1;2;1;2;2;1;1;1;2;2;2;1;410009;410009;410009;1;3;3;4;2;3;4;4;1;1;2;2;3;4;3;4;5;4;3;9;3;2;9;3;2;8;8;9;7;2;2;1;2;3;3;2;1;1955;62;5;3;1;1;1;410;410;410;1;2;1;2390;1;2;3;2;3;2;2;1;2;1;1;5;6;-5;4;2;1;2;3;4;2;0;100000020;410004;1;1;2;0.7066666666666667;0.6933333333333334;0.4161111111111111;0.37388888888888894;0.5;0.33;0.33;0.3866666666666667;1.0;1.0;1.0;1.0;1.0;1.0;1.0;1.0;0.66;0.33;0.33;0.44;1.0;0.0;1.0;0.6666666666666666;0.25;0.0;0.66;0.30333333333333334;0.2222222222222222;0.4444444444444444;0.6666666666666666;0.4444444444444445;0.0;0.5;0.25;0.25;1.0;1.0;1.0;1.0;1.0;1.0;1.0;1.0;1.0;1.0;1.0;1.0;1;0;0;0;0;6;5;7;7;5;4;5;4;6;4;5;5;5;7;6;4;1;5;3;250;24000;0;4;3;2;5;5;6;6;5;1;1;8;6;5;5;6;8;6;1;4;2;3;2;3;6;5;5;4
"1-5-0 (2020-11-16)";"doi.org/10.14281/18241.1";2018;410;"KOR";732;"ROK";410070852;20180109;201712;201801;18.05;18.29;24;1;410028;410004;8;5;2;1;852;2390;"ko";3;1;1.0;0.8032128514056225;41453.815261044176;1;2;2;2;1;1;1;2;1;2;2;2;1;1;1;2;2;1;2;1;2;1;2;1;2;2;2;2;2;3;3;3;4;2;2;1;4;2;3;1;2;1;1;4;2;3;1;3;2;2;8;7;6;4;4;4;4;4;1;1;1;2;2;3;2;3;1;2;3;2;3;3;3;3;4;4;3;2;2;3;2;2;2;2;2;2;2;2;2;3;2;2;2;7;3;3;2;0;0;0;0;0;0;0;0;0;0;0;0;6;8;1;2;2;2;5;2;2;2;2;2;2;4;7;2;2;2;2;2;1;2;2;2;2;2;4;4;4;4;4;4;4;1;2;2;2;2;2;2;2;4;4;2;2;1;1;4;3;1;1;2;10;10;3;5;4;9;10;1;1;1;1;3;2;2;3;1;1;1;2;1;1;1;1;1;1;1;5;5;2;1;1;1;1;1;1;1;1;1;3;3;4;2;2;1;1;5;1;5;2;5;1;3;3;3;3;2;2;3;2;2;2;3;3;1;1;410002;410002;410002;1;3;3;4;2;2;4;4;3;3;2;3;3;4;2;3;6;10;3;9;9;3;9;9;4;10;9;8;8;2;2;2;2;2;3;3;1;1968;49;4;2;1;1;1;410;410;410;1;4;1;2390;1;2;6;3;6;3;3;2;5;3;1;5;3;-5;3;2;1;2;3;5;2;2;20000000;410004;1;1;0;0.2897222222222222;0.30444444444444446;0.3024074074074074;0.4381481481481482;1.0;0.33;0.33;0.5533333333333333;0.0;0.0;0.16666666666666666;0.05555555555555555;0.0;0.0;0.0;0.0;0.33;0.66;0.66;0.55;0.0;0.0;1.0;0.3333333333333333;0.75;0.33;0.66;0.5800000000000001;0.0;0.4444444444444444;0.4444444444444444;0.2962962962962963;0.0;0.0;0.0;0.0;1.0;1.0;1.0;1.0;1.0;1.0;1.0;1.0;1.0;1.0;1.0;1.0;0;0;0;0;1;7;4;4;6;4;5;3;3;4;4;7;8;3;7;4;3;1;5;3;450;48000;5000;7;4;1;7;7;7;8;6;1;1;4;4;5;3;3;4;4;2;1;2;3;2;2;5;3;3;4
"1-5-0 (2020-11-16)";"doi.org/10.14281/18241.1";2018;410;"KOR";732;"ROK";410070853;20180109;201712;201801;18.1;19.11;61;1;410041;410007;8;5;2;1;853;2390;"ko";2;1;1.0;0.8032128514056225;41453.815261044176;1;1;2;2;1;3;2;1;2;1;1;1;2;1;2;2;2;1;2;1;2;1;2;1;2;2;1;2;2;3;2;3;2;1;3;3;2;1;2;3;2;2;3;2;2;1;3;3;3;2;4;5;4;2;3;4;4;3;2;2;2;1;1;2;2;2;3;3;3;2;3;2;3;2;3;3;3;3;3;3;2;2;3;3;1;1;2;2;2;1;1;1;1;6;2;2;1;0;0;0;0;0;0;0;0;0;0;0;0;5;6;5;5;5;2;5;3;3;2;3;3;2;3;6;3;0;0;0;1;1;1;0;1;2;2;4;3;4;4;4;3;4;1;2;2;2;3;2;2;2;3;3;2;1;1;1;2;1;2;1;3;6;4;7;6;7;5;6;2;2;2;2;3;2;6;8;3;2;2;6;5;2;2;3;2;3;3;5;6;4;1;8;2;2;2;2;1;3;3;2;3;3;2;1;5;1;5;1;5;5;5;5;2;3;3;2;2;2;3;2;3;3;3;3;3;3;410002;410002;410002;3;2;2;3;3;2;3;3;2;2;3;2;3;2;2;3;6;5;4;5;4;6;6;6;5;5;4;4;3;3;3;2;2;2;3;3;2;1956;61;5;3;1;1;1;410;410;410;1;3;1;2390;1;1;2;1;3;2;1;1;1;1;1;1;4;4;7;2;2;2;3;5;2;0;100000020;410004;2;2;2;0.7336111111111111;0.6922222222222223;0.4964351851851852;0.4103703703703704;1.0;0.66;0.0;0.5533333333333333;0.66;1.0;0.8333333333333334;0.8311111111111112;1.0;1.0;1.0;1.0;0.66;0.33;0.66;0.5499999999999999;1.0;1.0;1.0;1.0;0.25;0.33;0.66;0.41333333333333333;0.2222222222222222;0.4444444444444444;0.5555555555555556;0.40740740740740744;0.33;0.0;0.165;0.165;1.0;1.0;1.0;1.0;1.0;1.0;1.0;1.0;1.0;1.0;1.0;1.0;0;0;1;0;1;4;5;4;5;5;6;5;6;5;5;6;4;5;5;6;5;1;3;3;250;35000;3000;6;5;1;5;6;6;6;3;1;1;4;3;5;2;4;4;4;2;1;2;3;2;2;6;3;4;4
"1-5-0 (2020-11-16)";"doi.org/10.14281/18241.1";2018;410;"KOR";732;"ROK";410070854;20180109;201712;201801;18.16;18.54;38;1;410041;410007;8;5;2;1;854;2390;"ko";3;1;1.0;0.8032128514056225;41453.815261044176;1;2;3;3;4;2;2;2;1;1;2;1;1;1;2;2;2;1;1;1;1;1;2;1;1;1;3;2;3;3;3;2;3;3;1;1;4;2;5;3;2;2;2;2;3;3;2;2;2;2;8;8;7;4;4;4;4;4;1;2;1;2;2;3;3;4;2;2;2;2;2;2;2;2;3;3;2;2;2;2;2;2;2;2;2;2;2;2;2;2;2;2;2;8;3;2;2;1;1;0;0;0;0;0;0;0;0;0;0;7;7;8;4;4;1;7;3;3;2;2;2;2;2;5;3;2;2;2;1;1;1;1;1;2;2;3;3;3;4;4;3;3;1;1;2;3;3;2;2;2;2;3;2;2;1;2;3;3;1;1;2;8;6;5;5;4;8;7;1;1;1;1;3;3;2;3;2;1;1;7;1;3;1;1;2;2;2;3;5;2;2;5;1;2;1;2;2;2;4;3;4;4;3;2;3;1;2;1;5;2;5;2;1;1;2;2;1;1;2;2;2;2;2;2;1;1;410001;410001;410001;2;3;2;3;3;2;3;3;2;2;2;2;3;4;1;3;7;6;3;9;7;2;9;5;2;9;9;8;8;2;2;2;2;2;2;3;2;1955;62;5;3;1;1;1;410;410;410;1;2;1;2390;1;3;3;2;3;2;1;1;2;1;5;3;-3;4;10;-3;2;1;3;7;2;1;10100000;410004;2;1;1;0.4980555555555556;0.4977777777777779;0.3623148148148148;0.432962962962963;0.5;0.33;0.66;0.49666666666666676;0.33;1.0;0.16666666666666666;0.49888888888888894;1.0;0.0;1.0;0.6666666666666666;0.33;0.33;0.33;0.33;0.0;0.0;1.0;0.3333333333333333;0.5;0.66;0.66;0.6066666666666668;0.1111111111111111;0.2222222222222222;0.4444444444444444;0.25925925925925924;0.0;0.5;0.25;0.25;1.0;1.0;1.0;1.0;1.0;1.0;1.0;1.0;1.0;1.0;1.0;1.0;1;0;0;0;1;8;6;5;7;6;6;6;6;5;6;6;8;4;7;7;5;-3;-3;3;540;94500;0;-3;6;1;-3;-3;-3;8;7;1;2;5;4;5;7;4;6;3;2;2;3;3;2;2;5;5;4;4
"1-5-0 (2020-11-16)";"doi.org/10.14281/18241.1";2018;410;"KOR";732;"ROK";410070855;20180109;201712;201801;18.36;19.07;31;1;410041;410007;8;5;2;1;855;2390;"ko";2;1;1.0;0.8032128514056225;41453.815261044176;1;1;1;3;2;3;2;2;1;1;2;1;1;1;2;2;2;1;1;1;1;1;2;2;2;2;2;3;2;3;4;2;2;1;1;1;3;3;4;2;2;3;2;2;3;1;2;2;2;2;7;6;5;4;4;4;4;4;1;1;1;2;1;2;3;3;3;3;2;2;3;3;2;1;2;1;2;3;2;1;2;2;3;2;3;3;3;4;3;2;1;2;2;4;3;1;2;0;1;2;0;0;1;0;0;1;1;0;0;7;4;7;6;7;1;4;2;3;2;2;2;2;3;7;4;1;2;1;0;1;1;2;2;3;2;4;3;4;4;4;2;4;2;2;2;1;1;2;2;2;3;3;1;2;1;2;3;1;3;2;1;7;5;4;5;6;5;5;1;1;2;2;3;4;6;6;2;1;2;6;4;3;4;4;3;4;5;4;6;4;4;6;4;2;4;1;2;3;6;4;4;4;2;1;1;2;5;1;3;1;3;1;1;2;1;2;1;2;2;1;1;1;2;2;3;1;410002;410002;410002;1;3;2;3;2;1;4;3;1;2;1;1;2;4;3;4;3;3;2;9;2;4;9;3;1;8;9;7;8;2;2;1;1;2;3;3;1;1966;51;4;3;1;1;1;410;410;410;1;5;1;2390;1;3;5;3;3;2;3;2;2;1;3;2;10;5;3;2;1;2;3;4;2;0;100000020;410004;2;1;1;0.6919444444444445;0.608888888888889;0.3510185185185185;0.4103703703703704;0.5;0.33;0.33;0.3866666666666667;0.66;1.0;0.8333333333333334;0.8311111111111112;1.0;1.0;1.0;1.0;0.66;0.66;0.33;0.5499999999999999;0.0;0.0;1.0;0.3333333333333333;0.25;0.33;0.66;0.41333333333333333;0.3333333333333333;0.3333333333333333;0.5555555555555556;0.4074074074074074;0.0;0.5;0.25;0.25;1.0;1.0;1.0;1.0;1.0;1.0;1.0;1.0;1.0;1.0;1.0;1.0;1;0;0;1;0;6;6;7;6;4;5;5;4;5;5;4;7;4;7;6;6;3;3;3;400;18000;2000;6;3;2;5;7;7;6;5;1;3;7;6;8;4;4;6;5;1;1;2;3;2;2;8;4;5;4
"1-5-0 (2020-11-16)";"doi.org/10.14281/18241.1";2018;410;"KOR";732;"ROK";410070856;20180109;201712;201801;18.48;19.56;67;1;410011;410001;8;5;1;1;856;2390;"ko";3;1;1.0;0.8032128514056225;41453.815261044176;1;2;3;3;3;4;2;2;2;1;1;1;1;1;2;2;2;1;1;1;1;1;2;1;2;1;2;2;3;2;2;2;1;1;1;1;3;3;2;3;3;3;3;3;2;1;2;2;2;2;4;5;5;4;4;4;4;4;1;2;1;3;2;3;3;3;2;2;3;2;2;2;2;2;3;4;2;2;2;2;2;2;2;2;2;2;2;1;1;1;1;1;1;7;3;1;2;0;0;0;0;0;0;0;0;0;0;0;0;6;7;7;4;8;2;8;2;2;2;2;2;2;2;5;3;2;0;0;1;0;1;1;1;2;2;3;2;2;4;4;4;2;1;2;2;2;2;2;2;1;3;4;1;2;1;3;1;3;2;1;3;6;6;6;6;5;6;4;2;2;2;2;2;2;7;8;3;2;2;6;3;2;1;1;2;3;3;4;7;7;4;6;2;2;1;2;2;1;3;4;4;4;2;2;5;1;5;1;5;1;2;2;2;2;2;2;2;2;2;2;2;2;3;2;1;1;-2;-2;-2;2;1;2;2;3;2;3;2;2;2;2;1;2;4;1;4;4;5;6;6;6;5;6;6;5;6;5;6;6;2;2;2;2;2;4;3;2;1972;45;4;2;1;1;1;410;410;410;1;4;1;2390;1;2;6;3;6;3;3;2;6;3;5;1;-3;3;3;-3;1;1;2;7;2;0;100000020;410004;3;2;1;0.5958333333333333;0.6933333333333334;0.5172685185185185;0.36870370370370376;0.5;0.33;0.33;0.3866666666666667;1.0;1.0;1.0;1.0;1.0;0.0;1.0;0.6666666666666666;0.33;0.33;0.33;0.33;0.0;1.0;1.0;0.6666666666666666;0.0;0.66;0.33;0.33;0.2222222222222222;0.3333333333333333;0.6666666666666666;0.40740740740740744;0.33;1.0;0.665;0.665;1.0;1.0;1.0;1.0;1.0;1.0;1.0;1.0;1.0;1.0;1.0;1.0;1;0;1;0;1;4;4;6;6;6;2;2;1;2;5;4;5;4;5;5;8;-3;-3;2;650;73000;0;-3;7;1;-3;-3;-3;6;4;2;2;4;6;7;1;3;4;5;2;1;2;1;1;2;7;1;3;4
"1-5-0 (2020-11-16)";"doi.org/10.14281/18241.1";2018;410;"KOR";732;"ROK";410070857;20180109;201712;201801;18.55;19.19;24;1;410028;410004;8;5;2;1;857;2390;"ko";3;1;1.0;0.8032128514056225;41453.815261044176;1;1;1;2;1;1;1;2;2;1;2;1;1;2;1;2;2;1;2;1;2;1;2;1;2;2;2;3;3;3;3;3;3;3;1;1;4;2;4;2;2;2;2;4;2;1;3;3;2;2;8;7;5;4;4;4;4;4;3;1;1;2;3;3;3;3;3;2;3;2;3;3;3;3;3;4;3;2;3;3;2;2;2;3;3;3;2;2;3;3;2;3;2;6;3;3;2;0;0;0;0;0;0;0;0;0;0;0;0;6;6;3;2;5;2;4;2;2;2;1;2;2;3;6;2;2;2;2;2;1;2;2;2;3;2;4;4;4;4;4;3;4;1;2;2;3;3;2;2;2;3;4;2;2;2;1;2;3;1;1;2;8;8;4;5;2;9;3;2;2;2;2;3;3;7;8;3;2;2;3;1;1;1;1;1;1;1;4;5;5;1;1;1;1;1;1;1;1;1;3;4;4;2;2;1;1;3;1;5;5;5;1;3;3;3;3;2;2;3;2;3;3;3;3;1;1;410001;410001;410001;2;3;3;3;2;2;4;4;1;3;2;4;3;4;3;4;8;9;2;9;9;2;8;8;4;8;8;7;7;2;2;1;1;1;2;3;1;1949;68;6;3;1;1;1;410;410;410;1;2;1;2390;1;0;3;2;2;1;1;1;1;1;3;5;4;-5;6;2;1;2;3;3;1;0;100000020;410004;1;1;-1;0.4425;0.61;0.2998148148148148;0.432962962962963;1.0;0.33;0.33;0.5533333333333333;0.0;1.0;1.0;0.6666666666666666;0.0;0.0;0.0;0.0;0.33;0.66;0.66;0.55;0.0;0.0;1.0;0.3333333333333333;0.5;0.66;0.66;0.6066666666666668;0.0;0.3333333333333333;0.4444444444444444;0.25925925925925924;0.0;0.0;0.0;0.0;1.0;1.0;1.0;1.0;1.0;1.0;1.0;1.0;1.0;1.0;1.0;1.0;0;0;0;0;1;7;5;5;6;2;5;3;4;5;3;5;7;2;5;6;4;4;1;3;150;37000;0;7;3;1;7;6;7;8;5;1;1;5;5;3;7;4;5;5;2;2;2;2;2;2;3;7;4;4
"1-5-0 (2020-11-16)";"doi.org/10.14281/18241.1";2018;410;"KOR";732;"ROK";410070858;20180109;201712;201801;18.56;19.4;44;1;410041;410007;8;5;2;1;858;2390;"ko";1;1;1.0;0.8032128514056225;41453.815261044176;1;3;2;2;1;4;1;1;1;1;2;1;2;2;2;2;2;1;2;1;2;2;2;2;2;2;2;2;2;3;3;3;2;1;1;1;4;2;4;4;3;3;4;4;2;2;3;3;2;2;9;7;7;4;4;4;4;4;1;2;1;2;2;4;3;3;3;1;2;2;3;2;2;2;3;3;3;3;2;2;2;1;1;1;1;1;1;1;1;1;1;1;1;4;3;1;2;0;0;0;0;0;0;0;0;0;0;0;0;8;3;7;7;5;1;5;2;3;3;2;2;2;4;8;2;1;1;2;2;2;1;2;2;2;3;4;4;4;4;4;4;4;2;2;2;2;4;2;2;1;2;2;1;2;1;2;4;3;1;3;1;5;3;5;4;4;10;2;2;2;2;2;4;4;7;8;3;2;2;3;4;4;2;1;1;5;5;7;7;7;5;8;3;5;3;1;5;1;10;2;4;4;3;2;5;1;1;1;2;1;2;1;2;2;2;2;2;2;2;2;3;2;3;3;2;2;410002;410002;410002;1;3;3;4;2;1;4;4;1;2;1;2;3;4;3;4;5;8;1;10;10;1;9;4;1;8;10;7;7;3;3;1;1;1;2;3;1;1970;47;4;2;1;1;1;410;410;410;1;3;1;2390;1;1;6;3;6;3;2;1;2;1;1;1;3;3;6;2;1;1;2;8;3;0;100000020;410004;1;1;1;0.5541666666666667;0.8316666666666668;0.41814814814814816;0.502962962962963;1.0;0.66;0.33;0.6633333333333334;1.0;1.0;1.0;1.0;1.0;0.0;0.0;0.3333333333333333;0.0;0.33;0.33;0.22;1.0;0.0;1.0;0.6666666666666666;0.25;0.33;0.66;0.41333333333333333;0.4444444444444444;0.6666666666666666;0.6666666666666666;0.5925925925925926;0.0;0.0;0.0;0.0;1.0;1.0;1.0;1.0;1.0;1.0;1.0;1.0;1.0;1.0;1.0;1.0;0;0;0;1;0;7;5;4;7;4;7;3;3;7;6;5;7;4;6;8;3;1;5;2;700;45000;0;6;6;1;8;8;6;8;8;1;2;2;5;5;1;3;2;5;2;3;2;3;1;2;8;1;3;4
"1-5-0 (2020-11-16)";"doi.org/10.14281/18241.1";2018;410;"KOR";732;"ROK";410070859;20180109;201712;201801;19.04;19.34;30;1;410026;410002;8;5;2;1;859;2390;"ko";2;1;1.0;0.8032128514056225;41453.815261044176;1;2;2;3;1;3;1;1;1;1;2;2;1;2;2;2;2;1;2;1;2;1;2;1;2;1;2;2;2;3;2;2;4;2;2;1;3;3;3;2;2;2;3;2;3;2;1;3;3;2;7;7;6;4;4;4;4;4;1;2;1;2;2;3;3;3;3;3;3;3;3;2;3;3;4;3;3;3;3;3;3;3;3;4;3;3;3;3;3;3;3;3;3;7;3;1;2;0;0;0;0;0;0;0;0;0;0;0;1;4;6;7;5;8;2;7;3;3;3;3;3;3;3;7;2;2;1;2;1;2;2;1;2;2;3;4;2;4;3;4;3;3;2;2;2;3;2;2;2;3;3;3;1;2;1;1;2;3;1;1;3;8;8;4;4;7;8;3;2;2;2;2;4;4;7;8;3;2;2;3;1;3;1;2;1;4;2;4;6;4;2;6;1;1;2;1;1;1;6;2;3;4;3;2;5;1;2;1;2;1;2;2;2;3;2;3;3;3;3;1;3;3;3;3;1;1;-2;-2;-2;2;3;2;3;4;2;3;4;2;3;1;3;2;4;1;4;7;7;1;10;6;1;10;8;4;9;10;7;7;2;3;2;2;3;4;4;1;1968;49;4;2;1;1;1;410;410;410;1;5;1;2390;1;3;3;2;3;2;1;1;2;1;1;1;4;4;8;2;1;2;3;5;2;0;100000020;410004;1;1;1;0.6916666666666667;0.7750000000000001;0.4135185185185185;0.49370370370370376;1.0;0.66;0.33;0.6633333333333334;0.66;1.0;1.0;0.8866666666666667;1.0;1.0;0.0;0.6666666666666666;0.66;0.33;0.66;0.5499999999999999;1.0;0.0;1.0;0.6666666666666666;0.75;0.33;0.66;0.5800000000000001;0.3333333333333333;0.3333333333333333;0.5555555555555556;0.4074074074074074;0.0;0.0;0.0;0.0;1.0;1.0;1.0;1.0;1.0;1.0;1.0;1.0;1.0;1.0;1.0;1.0;0;0;0;0;1;4;3;2;5;2;3;2;2;2;2;3;5;3;7;4;6;4;1;3;350;30000;1000;7;5;1;7;6;9;7;4;1;1;5;4;6;2;3;3;2;2;1;3;2;2;3;8;3;4;4
"1-5-0 (2020-11-16)";"doi.org/10.14281/18241.1";2018;410;"KOR";732;"ROK";410070860;20180109;201712;201801;19.07;20.0;53;1;410041;410007;8;5;2;1;860;2390;"ko";3;1;1.0;0.8032128514056225;41453.815261044176;1;2;2;2;2;3;1;2;1;1;2;1;2;1;2;2;2;1;2;2;2;1;2;1;2;2;2;1;1;2;2;2;2;1;1;1;2;1;4;3;2;2;1;1;2;1;1;1;2;2;6;6;5;4;4;4;4;4;2;2;1;1;2;2;3;3;1;3;3;2;3;3;2;2;3;2;2;2;3;2;2;2;1;1;2;2;1;1;1;2;1;1;1;8;2;3;2;2;1;0;0;0;0;0;0;0;0;0;0;7;7;5;4;3;1;6;2;4;3;2;3;2;2;7;4;2;2;2;2;1;2;2;2;3;1;4;4;4;4;4;4;4;2;2;2;1;2;2;2;4;4;4;1;2;2;1;3;2;1;1;2;8;5;3;5;2;8;9;1;1;1;1;3;3;2;3;1;2;2;7;4;3;2;3;2;3;3;4;5;5;2;4;1;1;2;2;3;3;2;2;4;4;2;2;4;1;3;3;5;3;3;3;1;1;1;2;2;2;2;2;2;2;2;2;1;2;410009;410009;410009;2;4;2;3;3;2;2;2;2;2;1;2;3;4;1;2;7;7;5;8;6;3;7;6;3;8;8;8;7;2;2;1;2;2;1;2;2;1967;50;4;3;1;1;1;410;410;410;1;4;1;2390;1;2;3;2;3;2;2;1;2;1;1;1;5;6;9;2;2;2;5;4;2;7;70000000;410004;3;2;1;0.5113888888888889;0.24777777777777776;0.36;0.2633333333333333;0.0;0.33;0.33;0.22;0.66;0.0;0.16666666666666666;0.27555555555555555;1.0;1.0;1.0;1.0;0.66;0.66;0.33;0.5499999999999999;0.0;0.0;1.0;0.3333333333333333;0.25;0.0;0.33;0.19333333333333336;0.2222222222222222;0.3333333333333333;0.4444444444444444;0.3333333333333333;0.66;0.5;0.5800000000000001;0.5800000000000001;1.0;1.0;1.0;1.0;1.0;1.0;1.0;1.0;1.0;1.0;1.0;1.0;1;1;0;0;1;7;5;4;5;3;6;5;5;4;6;4;7;3;7;4;7;1;2;5;450;12000;3000;6;4;1;5;5;6;6;3;1;1;6;3;4;4;4;6;3;2;4;3;2;2;3;4;4;5;4
"1-5-0 (2020-11-16)";"doi.org/10.14281/18241.1";2018;410;"KOR";732;"ROK";410070861;20180109;201712;201801;19.1;19.31;20;1;410011;410001;8;5;1;1;861;2390;"ko";2;1;1.0;0.8032128514056225;41453.815261044176;1;2;2;3;2;1;1;2;2;1;2;1;2;1;1;2;2;1;2;1;2;1;2;2;2;2;2;2;3;4;4;2;2;1;1;1;3;3;3;2;1;2;1;2;2;1;1;2;1;1;7;8;6;4;4;4;4;4;1;1;1;1;1;2;3;3;1;3;2;3;4;2;1;1;2;2;1;2;1;2;2;3;3;4;3;3;2;3;3;4;2;1;2;3;2;1;2;2;1;2;1;0;0;0;1;0;1;0;0;3;8;4;5;7;1;5;2;2;2;3;3;2;4;4;3;2;2;1;0;1;2;1;1;2;2;4;3;4;4;4;4;4;1;1;2;1;1;2;2;2;2;3;2;1;1;1;2;2;3;1;4;6;5;6;5;3;7;7;1;1;1;1;2;3;1;1;1;1;1;5;4;5;4;4;3;3;2;2;4;4;3;3;2;1;3;1;3;4;5;3;4;4;2;2;2;1;5;1;5;1;3;1;1;2;2;2;2;2;3;3;1;2;3;3;3;1;410002;410002;410002;1;2;3;3;2;2;4;4;1;1;1;1;2;4;3;4;4;5;4;8;4;2;8;3;2;8;9;8;7;2;2;1;3;1;3;3;1;1965;52;4;3;1;1;1;410;410;410;1;5;1;2390;1;3;3;2;3;2;2;1;2;1;1;5;3;-5;3;2;1;1;2;6;2;1;10100000;410004;1;2;0;0.4291666666666667;0.19333333333333336;0.38055555555555554;0.42944444444444446;0.5;0.33;0.33;0.3866666666666667;0.0;0.0;0.0;0.0;1.0;1.0;1.0;1.0;0.66;0.33;0.0;0.33;0.0;0.0;1.0;0.3333333333333333;0.25;0.66;1.0;0.6366666666666667;0.2222222222222222;0.1111111111111111;0.3333333333333333;0.2222222222222222;0.66;0.0;0.33;0.33;1.0;1.0;1.0;1.0;1.0;1.0;1.0;1.0;1.0;1.0;1.0;1.0;0;1;0;0;0;7;7;4;7;5;6;3;5;4;4;3;8;5;7;6;6;1;4;2;420;68000;4000;6;5;1;7;7;6;6;5;1;2;5;5;8;4;6;5;5;1;1;2;3;1;3;8;4;6;4
"1-5-0 (2020-11-16)";"doi.org/10.14281/18241.1";2018;410;"KOR";732;"ROK";410070862;20180109;201712;201801;19.18;20.07;49;1;410041;410007;8;5;2;1;862;2390;"ko";2;1;1.0;0.8032128514056225;41453.815261044176;1;2;2;3;4;4;2;2;1;1;1;1;2;1;2;2;2;1;2;1;2;1;2;1;1;1;2;2;4;4;4;3;4;2;2;1;4;2;4;3;2;2;2;3;2;3;1;1;2;2;8;8;6;4;4;4;4;4;1;2;1;2;2;3;3;4;2;2;2;2;2;2;2;2;3;3;2;2;2;2;2;2;2;2;2;2;2;2;2;2;2;2;2;9;3;1;2;0;1;0;0;0;0;0;0;0;0;0;0;7;7;5;4;4;2;6;2;2;2;2;2;2;4;4;2;1;2;2;1;2;2;2;1;2;2;3;3;3;3;3;3;3;1;1;2;3;3;2;2;2;2;3;2;2;1;1;2;3;1;2;3;8;7;3;5;3;8;2;2;2;2;2;4;4;7;7;3;2;1;3;1;3;1;1;2;5;5;5;5;3;2;7;1;2;1;2;4;2;2;4;4;4;2;2;2;1;2;1;3;1;2;1;1;1;2;2;1;1;2;1;2;2;2;2;1;1;410002;410002;410002;2;4;3;4;2;2;3;4;1;2;1;2;3;4;1;4;3;6;4;10;7;1;9;6;2;10;9;7;7;2;2;2;1;2;2;3;2;1980;37;3;2;1;1;1;410;410;410;1;5;1;2390;1;3;5;3;6;3;3;2;3;2;5;3;-3;4;4;-3;2;1;3;6;2;0;100000020;410004;2;1;1;0.5541666666666667;0.61;0.5069444444444444;0.6805555555555556;0.0;0.33;0.33;0.22;1.0;1.0;1.0;1.0;1.0;0.0;1.0;0.6666666666666666;0.33;0.33;0.33;0.33;0.0;1.0;1.0;0.6666666666666666;0.75;1.0;1.0;0.9166666666666666;0.4444444444444444;0.4444444444444444;0.4444444444444444;0.4444444444444444;0.0;0.0;0.0;0.0;1.0;1.0;1.0;1.0;1.0;1.0;1.0;1.0;1.0;1.0;1.0;1.0;0;0;0;1;1;8;7;6;6;6;5;6;5;7;6;6;8;4;8;7;6;-3;-3;3;480;63800;0;-3;5;2;-3;-3;-3;9;6;1;2;5;6;7;3;5;4;4;2;1;2;2;1;2;8;2;5;4
"1-5-0 (2020-11-16)";"doi.org/10.14281/18241.1";2018;410;"KOR";732;"ROK";410070863;20180109;201712;201801;19.25;19.45;20;1;410028;410004;8;5;2;1;863;2390;"ko";3;1;1.0;0.8032128514056225;41453.815261044176;1;1;1;3;1;3;1;2;1;1;2;1;1;2;2;2;2;1;2;1;2;1;2;2;2;2;2;2;3;4;4;3;2;1;1;1;4;2;3;1;1;1;1;1;2;1;3;2;3;2;8;4;4;4;4;4;4;4;1;2;1;2;3;3;4;4;3;2;3;2;3;3;3;3;2;3;3;3;3;3;2;3;3;3;2;2;3;2;2;2;2;2;2;3;3;1;2;0;0;0;0;0;0;0;0;0;0;0;0;5;6;3;5;5;2;3;2;2;2;2;2;2;3;8;3;2;2;2;1;1;1;2;1;2;3;3;3;3;4;4;3;3;1;2;2;2;2;2;2;3;4;4;2;2;1;1;2;3;1;1;3;8;8;6;5;4;8;2;2;2;2;2;4;4;7;8;3;2;2;3;1;1;1;1;1;1;1;1;5;4;1;1;1;1;1;1;1;1;1;2;3;3;3;3;2;1;5;1;1;1;1;1;2;3;1;3;2;2;2;2;2;2;3;2;1;1;410002;410002;410002;2;4;3;3;2;2;3;3;2;2;2;2;2;4;3;3;4;9;2;8;10;1;10;8;1;9;9;8;8;2;2;2;2;2;3;3;2;1987;30;2;2;1;1;1;410;410;410;1;4;2;2390;6;0;6;3;-3;-3;3;2;6;3;1;-3;3;-3;3;2;2;1;3;5;2;0;100000020;410004;1;1;0;0.45583333333333337;0.6366666666666667;0.27953703703703703;0.3924074074074074;0.5;0.33;0.33;0.3866666666666667;0.66;1.0;1.0;0.8866666666666667;0.0;0.0;0.0;0.0;0.33;0.66;0.66;0.55;0.0;0.0;1.0;0.3333333333333333;0.25;0.66;1.0;0.6366666666666667;0.0;0.0;0.4444444444444444;0.14814814814814814;0.0;0.0;0.0;0.0;1.0;1.0;1.0;1.0;1.0;1.0;1.0;1.0;1.0;1.0;1.0;1.0;0;0;0;0;1;2;4;4;5;3;5;3;4;4;4;6;3;3;3;5;2;1;4;3;550;40000;3000;5;5;1;5;5;5;7;3;1;3;4;5;8;3;3;4;5;2;1;2;3;2;3;8;3;3;-3
"1-5-0 (2020-11-16)";"doi.org/10.14281/18241.1";2018;410;"KOR";732;"ROK";410070864;20180109;201712;201801;19.27;19.51;24;1;410041;410007;8;5;2;1;864;2390;"ko";3;1;1.0;0.8032128514056225;41453.815261044176;1;2;2;1;2;3;1;2;2;1;1;1;2;1;2;2;2;1;2;1;2;1;2;1;2;2;2;1;2;2;1;2;2;1;1;1;2;1;3;3;2;2;3;3;2;1;2;2;3;3;6;5;5;2;3;3;2;2;2;2;2;3;2;2;3;2;2;3;3;3;2;3;3;2;2;3;2;2;3;3;2;2;1;1;1;1;1;1;1;1;1;1;1;5;2;1;1;0;0;0;0;0;0;0;0;0;0;0;0;6;5;6;6;5;1;5;3;2;2;2;3;2;3;4;3;1;1;1;1;2;1;1;1;2;3;4;4;4;4;4;4;3;1;2;2;2;3;2;2;2;3;4;2;1;1;1;3;1;2;1;3;5;4;5;5;6;5;4;2;2;2;2;3;2;7;8;3;1;2;5;4;3;3;2;2;2;1;6;3;2;2;7;5;3;3;4;5;4;6;2;3;4;2;2;1;1;1;2;2;2;2;2;2;2;2;2;2;2;2;2;2;2;2;2;1;1;410009;410009;410009;2;4;3;3;2;2;4;4;2;2;1;3;4;4;1;4;6;6;3;10;7;4;6;7;1;10;9;8;7;2;2;1;1;1;2;2;1;1954;63;5;3;1;1;1;410;410;410;1;2;1;2390;1;2;3;2;3;2;0;1;2;1;1;1;4;4;6;2;1;2;3;4;2;0;100000020;410004;3;2;1;0.7333333333333334;0.6366666666666667;0.4203240740740741;0.29981481481481487;0.5;0.33;0.33;0.3866666666666667;0.66;1.0;1.0;0.8866666666666667;1.0;1.0;1.0;1.0;0.66;0.66;0.66;0.66;0.0;1.0;1.0;0.6666666666666666;0.25;0.33;0.33;0.3033333333333334;0.1111111111111111;0.5555555555555556;0.2222222222222222;0.2962962962962963;0.33;0.5;0.41500000000000004;0.41500000000000004;1.0;1.0;1.0;1.0;1.0;1.0;1.0;1.0;1.0;1.0;1.0;1.0;1;0;1;0;1;6;5;4;5;5;5;6;4;5;5;6;5;5;6;5;4;4;1;3;400;52300;4500;6;4;1;7;7;6;6;3;1;2;6;1;4;2;1;6;2;1;4;1;3;2;1;5;3;1;4
"1-5-0 (2020-11-16)";"doi.org/10.14281/18241.1";2018;410;"KOR";732;"ROK";410070865;20180109;201712;201801;19.39;20.02;23;1;410041;410007;8;5;2;1;865;2390;"ko";2;1;1.0;0.8032128514056225;41453.815261044176;1;2;1;1;1;3;1;2;2;1;2;1;1;1;2;2;2;1;1;1;1;2;2;1;2;2;2;2;3;4;4;2;3;3;2;1;3;3;5;2;3;3;2;3;3;1;1;2;2;2;7;8;5;4;4;4;4;4;3;1;1;2;1;3;3;3;2;3;2;2;3;3;2;3;2;3;2;2;2;3;1;3;3;2;4;4;2;3;2;3;3;2;3;3;3;1;2;0;1;2;0;0;0;0;1;1;1;0;0;3;8;8;5;7;1;7;3;4;2;3;3;2;4;5;2;2;2;2;0;1;1;0;1;3;2;4;4;4;4;4;4;4;1;2;2;1;1;2;2;2;2;3;2;1;1;2;3;1;3;4;1;8;7;6;7;3;7;3;1;2;2;2;4;4;7;8;3;1;1;4;4;5;3;2;2;5;3;6;7;4;3;6;2;1;1;1;1;2;7;3;4;4;3;2;5;1;4;1;2;1;5;1;2;2;2;2;1;2;3;1;1;2;2;3;3;2;410002;410002;410002;2;3;3;3;2;1;3;4;1;2;1;2;2;4;3;4;3;5;4;9;4;3;9;3;1;9;9;7;6;3;3;2;3;2;4;4;1;1973;44;3;2;1;1;1;410;410;410;1;3;1;2390;1;1;6;3;5;3;3;2;3;2;3;5;10;-5;10;2;1;2;3;4;2;0;100000020;410004;1;1;1;0.7333333333333334;0.6916666666666668;0.4647222222222222;0.6377777777777778;0.5;0.66;0.33;0.49666666666666676;0.66;1.0;1.0;0.8866666666666667;1.0;1.0;1.0;1.0;0.66;0.66;0.33;0.5499999999999999;0.0;0.0;1.0;0.3333333333333333;0.5;0.66;1.0;0.7200000000000001;0.4444444444444444;0.5555555555555556;0.6666666666666666;0.5555555555555556;0.0;0.5;0.25;0.25;1.0;1.0;1.0;1.0;1.0;1.0;1.0;1.0;1.0;1.0;1.0;1.0;1;0;0;0;0;8;7;5;8;6;7;4;4;5;3;3;7;4;8;6;6;4;1;3;380;37000;2000;6;5;2;8;8;7;7;6;1;2;5;5;8;4;6;5;5;2;1;1;3;2;3;8;4;6;4
"1-5-0 (2020-11-16)";"doi.org/10.14281/18241.1";2018;410;"KOR";732;"ROK";410070866;20180109;201712;201801;19.39;20.08;28;1;410047;410013;7;4;3;1;866;2390;"ko";3;2;1.0;0.8032128514056225;41453.815261044176;1;1;2;2;1;3;1;1;1;1;2;2;1;2;2;2;2;1;2;1;2;1;2;1;2;2;2;2;2;3;2;3;2;1;2;1;3;3;5;2;1;1;2;2;2;3;2;3;2;1;7;7;5;4;4;4;4;4;1;2;1;2;2;3;3;3;3;2;3;3;3;2;2;4;4;4;2;2;2;3;2;2;2;2;2;2;3;2;2;2;2;3;3;7;2;3;2;0;2;0;0;0;0;0;0;0;1;0;0;7;6;5;4;4;2;6;2;2;2;2;2;2;3;7;4;2;2;2;0;1;1;1;1;2;3;3;3;4;4;4;3;3;1;2;2;2;1;2;2;2;2;3;1;2;1;1;2;3;1;1;2;7;7;5;5;4;7;5;2;2;2;2;3;4;7;7;3;1;1;5;2;3;1;1;2;2;2;3;4;4;2;3;2;1;1;1;2;1;3;3;4;3;2;2;5;1;2;1;5;2;5;5;2;3;2;3;2;3;2;2;2;2;3;3;3;3;-2;-2;-2;2;3;4;2;2;2;2;4;1;2;2;1;4;4;2;4;4;8;2;8;8;3;9;5;2;8;9;6;6;2;2;1;2;2;3;4;1;1982;35;3;2;1;1;1;410;410;410;1;4;1;2390;1;2;5;3;5;3;1;1;3;2;1;2;3;5;6;2;1;1;3;5;2;0;100000020;410004;1;1;1;0.6091666666666666;0.72;0.32555555555555554;0.31777777777777777;1.0;0.33;0.33;0.5533333333333333;0.66;1.0;1.0;0.8866666666666667;1.0;0.0;1.0;0.6666666666666666;0.33;0.33;0.33;0.33;1.0;0.0;1.0;0.6666666666666666;0.25;0.33;0.66;0.41333333333333333;0.1111111111111111;0.2222222222222222;0.3333333333333333;0.22222222222222224;0.0;0.0;0.0;0.0;1.0;1.0;1.0;1.0;1.0;1.0;1.0;1.0;1.0;1.0;1.0;1.0;0;0;0;0;1;6;5;5;6;3;5;4;3;3;3;4;7;3;6;5;2;1;3;3;500;10000;0;6;5;1;6;6;5;8;5;2;1;5;4;3;2;3;4;4;1;7;3;2;1;4;5;3;4;4
"1-5-0 (2020-11-16)";"doi.org/10.14281/18241.1";2018;410;"KOR";732;"ROK";410070867;20180109;201712;201801;20.0;20.42;42;1;410041;410007;8;5;2;1;867;2390;"ko";2;1;1.0;0.8032128514056225;41453.815261044176;1;1;1;2;2;3;1;2;2;1;2;1;1;1;2;2;2;1;2;2;2;2;2;1;2;2;1;3;4;4;4;4;4;2;3;3;5;2;2;2;1;2;3;4;2;2;2;3;2;2;5;7;8;4;4;4;4;4;3;2;1;3;3;4;3;3;3;3;3;3;3;3;3;3;3;3;3;3;3;3;3;3;3;3;3;3;3;3;3;3;3;3;3;5;3;1;2;0;0;0;0;0;0;0;0;0;0;0;0;6;3;1;3;3;3;8;2;2;2;4;3;3;4;8;5;2;2;1;1;0;2;0;0;1;3;3;2;4;4;4;3;3;1;1;2;1;2;2;2;2;2;1;1;2;1;1;2;2;3;4;1;5;5;5;6;7;7;5;1;2;1;1;3;3;6;3;3;2;2;4;5;5;2;1;1;9;7;5;9;10;8;7;1;1;1;1;8;1;9;3;4;4;4;3;5;2;5;1;3;1;1;1;2;3;2;3;2;2;3;3;3;2;3;3;1;1;410002;410002;410002;1;4;3;4;2;2;4;1;1;2;2;2;2;4;2;4;5;8;1;10;10;1;10;3;1;10;10;8;5;3;3;2;2;2;2;3;2;1995;22;1;1;1;1;1;410;410;410;1;4;2;2390;6;0;3;2;-3;-3;6;3;6;3;6;-3;-3;-3;2;-3;2;1;3;5;2;0;100000020;410004;1;2;1;0.5944444444444444;0.6922222222222223;0.5801851851851852;0.8287037037037037;1.0;0.66;0.0;0.5533333333333333;0.66;1.0;0.8333333333333334;0.8311111111111112;1.0;0.0;0.0;0.3333333333333333;0.66;0.66;0.66;0.66;0.0;0.0;1.0;0.3333333333333333;0.75;1.0;1.0;0.9166666666666666;0.8888888888888888;0.4444444444444444;0.8888888888888888;0.7407407407407408;0.66;0.0;0.33;0.33;1.0;1.0;1.0;1.0;1.0;1.0;1.0;1.0;1.0;1.0;1.0;1.0;0;1;0;0;0;8;4;4;5;3;5;3;3;3;3;5;7;4;8;5;5;-3;-3;3;500;30000;10000;-3;4;1;-3;-3;-3;10;1;1;2;5;7;6;1;5;5;5;1;3;3;3;2;2;8;1;5;-3
"1-5-0 (2020-11-16)";"doi.org/10.14281/18241.1";2018;410;"KOR";732;"ROK";410070868;20180109;201712;201801;20.09;20.46;37;1;410041;410007;8;5;2;1;868;2390;"ko";3;2;1.0;0.8032128514056225;41453.815261044176;1;2;2;3;1;3;1;1;2;1;1;1;2;2;2;2;2;1;2;1;2;1;2;2;2;2;2;1;1;2;1;2;1;1;1;1;2;1;4;2;1;2;2;1;3;3;1;1;3;3;6;4;3;4;4;3;3;4;2;2;1;2;2;3;3;4;1;2;1;1;2;3;2;2;1;2;2;1;1;2;2;2;1;1;1;1;2;1;1;1;1;1;1;6;2;1;2;1;1;0;0;0;0;0;0;0;0;0;0;5;4;4;5;5;1;5;3;3;3;3;3;2;2;8;3;1;2;1;1;1;1;1;1;3;2;4;4;4;4;4;4;4;1;1;2;3;3;2;2;4;4;4;1;2;2;2;1;3;1;1;4;8;6;6;5;4;5;7;1;1;1;1;2;2;4;4;2;2;2;5;6;5;1;4;3;3;2;2;3;2;2;2;1;1;1;4;3;3;4;2;2;2;3;3;5;1;5;5;5;5;5;5;3;3;3;3;3;3;3;3;3;3;3;3;2;2;410001;410001;410001;1;2;3;2;2;1;1;2;2;2;2;1;2;3;2;3;8;7;5;8;7;5;6;7;4;6;6;7;7;2;2;1;1;1;3;3;2;1940;77;6;3;1;1;1;410;410;410;1;2;1;2390;1;3;1;1;2;1;0;1;0;1;5;4;-3;-5;9;-3;2;4;5;3;1;7;70000000;410004;0;1;1;0.595;0.47000000000000003;0.3237962962962963;0.1475925925925926;0.0;0.33;0.33;0.22;0.66;1.0;0.5;0.7200000000000001;1.0;1.0;1.0;1.0;0.33;0.66;0.33;0.44;1.0;1.0;1.0;1.0;0.0;0.0;0.33;0.11;0.2222222222222222;0.1111111111111111;0.2222222222222222;0.1851851851851852;0.0;0.0;0.0;0.0;1.0;1.0;1.0;1.0;1.0;1.0;1.0;1.0;1.0;1.0;1.0;1.0;0;0;0;0;0;4;4;5;4;2;4;5;6;6;7;6;5;7;6;5;5;-3;-3;5;190;6000;0;-3;3;3;-3;-3;-3;3;2;1;1;3;2;3;5;3;3;3;2;2;1;4;1;3;3;5;3;4
"1-5-0 (2020-11-16)";"doi.org/10.14281/18241.1";2018;410;"KOR";732;"ROK";410070869;20180109;201712;201801;20.09;20.29;20;1;410011;410001;8;5;1;1;869;2390;"ko";1;1;1.0;0.8032128514056225;41453.815261044176;1;2;2;3;2;1;1;2;2;2;2;1;1;1;1;2;2;1;2;1;2;2;2;2;2;2;1;3;3;4;3;3;4;2;3;3;4;2;3;3;2;3;3;2;2;2;1;2;1;1;7;7;5;4;4;4;4;4;3;1;1;2;1;3;3;3;1;2;1;3;3;2;3;2;2;3;2;1;1;2;1;2;3;2;3;3;1;2;3;4;3;3;3;4;3;1;2;2;0;2;0;0;1;0;1;0;1;0;0;4;8;7;4;5;1;5;2;2;3;2;3;2;3;6;3;2;2;1;0;1;1;1;2;2;1;4;4;4;4;4;4;4;1;2;2;2;1;2;2;2;3;3;1;2;1;2;4;3;4;2;4;6;7;6;8;3;6;7;1;1;1;1;3;3;1;1;1;1;1;5;3;5;4;4;3;5;3;4;4;2;2;1;2;1;2;1;1;3;2;3;3;4;3;3;5;2;5;1;5;1;2;2;2;2;2;2;1;2;3;3;1;2;3;3;3;3;410008;410008;410008;2;3;2;3;2;1;4;4;2;2;1;2;2;4;3;3;4;3;4;8;4;3;8;3;2;8;9;7;7;3;3;1;2;3;4;4;1;1994;23;1;1;1;1;1;410;410;410;1;3;2;2390;6;0;5;3;-3;-3;3;2;5;3;1;-3;3;-3;3;2;2;1;2;6;2;1;10100000;410004;2;2;0;0.45666666666666667;0.19333333333333336;0.41800925925925925;0.5868518518518518;0.5;0.66;0.0;0.3866666666666667;0.0;0.0;0.0;0.0;1.0;1.0;1.0;1.0;0.33;0.33;0.66;0.44;0.0;0.0;1.0;0.3333333333333333;0.75;0.66;1.0;0.8033333333333333;0.4444444444444444;0.3333333333333333;0.3333333333333333;0.3703703703703704;0.33;0.0;0.165;0.165;1.0;1.0;1.0;1.0;1.0;1.0;1.0;1.0;1.0;1.0;1.0;1.0;0;0;1;1;0;7;8;4;6;3;6;5;4;6;4;5;8;4;6;7;7;1;5;2;590;64000;1500;5;5;1;6;5;5;7;4;1;1;6;5;7;5;9;6;6;2;3;2;3;3;4;6;5;8;-3
"1-5-0 (2020-11-16)";"doi.org/10.14281/18241.1";2018;410;"KOR";732;"ROK";410070870;20180109;201712;201801;20.1;20.3;20;1;410028;410004;8;5;2;1;870;2390;"ko";3;1;1.0;0.8032128514056225;41453.815261044176;1;2;2;3;4;1;1;2;1;1;2;1;2;2;1;2;2;1;2;1;2;1;2;2;2;2;2;3;3;4;2;3;2;1;1;1;4;2;3;1;2;1;1;4;2;1;3;2;2;2;7;8;8;4;4;4;4;4;1;1;1;2;2;3;3;3;1;2;3;2;2;3;2;3;3;4;3;2;2;3;2;2;3;3;3;3;2;3;3;2;2;2;2;6;3;1;2;0;0;0;0;0;0;0;0;0;0;0;0;8;6;3;2;3;2;4;2;3;2;2;2;2;3;7;3;2;2;2;1;2;2;2;2;2;3;3;3;4;4;4;4;4;1;2;2;2;2;2;2;3;4;4;2;2;2;1;4;3;1;1;2;10;9;7;5;3;9;9;1;1;1;1;2;2;2;3;1;1;1;5;1;1;1;1;1;1;1;1;4;4;1;1;1;1;1;2;1;1;1;3;4;4;3;3;5;1;5;1;5;1;5;1;3;3;3;3;2;2;3;3;3;3;3;3;1;1;-2;-2;-2;2;4;4;4;2;2;4;4;2;2;2;2;2;4;2;4;5;10;2;8;9;1;9;9;1;9;9;8;7;2;2;2;2;2;3;3;2;1978;39;3;2;1;1;1;410;410;410;1;4;1;2390;1;2;6;3;6;3;2;1;2;1;5;1;-3;3;4;-3;2;1;3;4;2;1;10100000;410004;1;1;-1;0.22055555555555556;0.22111111111111115;0.2702777777777778;0.37388888888888894;0.5;0.33;0.33;0.3866666666666667;0.0;0.0;0.16666666666666666;0.05555555555555555;0.0;0.0;0.0;0.0;0.33;0.66;0.33;0.44;0.0;0.0;1.0;0.3333333333333333;0.25;0.66;1.0;0.6366666666666667;0.0;0.0;0.3333333333333333;0.1111111111111111;0.0;0.0;0.0;0.0;1.0;1.0;1.0;1.0;1.0;1.0;1.0;1.0;1.0;1.0;1.0;1.0;0;0;0;0;1;8;5;5;7;5;5;4;3;6;5;7;8;3;7;4;2;-3;-3;3;380;37500;5000;-3;4;1;-3;-3;-3;8;5;1;1;5;6;4;3;3;5;6;3;5;2;3;2;3;4;3;3;4
"1-5-0 (2020-11-16)";"doi.org/10.14281/18241.1";2018;410;"KOR";732;"ROK";410070871;20180109;201712;201801;20.34;20.59;25;1;410026;410002;8;5;2;1;871;2390;"ko";2;1;1.0;0.8032128514056225;41453.815261044176;1;2;2;3;2;4;1;2;2;1;1;1;2;1;2;2;2;1;2;1;2;1;2;2;2;2;2;2;3;3;3;4;4;2;2;1;3;3;4;2;2;3;3;4;2;1;2;3;2;2;7;6;6;4;4;4;4;4;1;2;1;2;2;4;3;3;3;3;3;3;3;3;3;2;3;4;3;3;3;3;3;3;4;4;4;4;3;3;3;3;3;3;3;8;3;1;2;0;0;0;0;0;0;0;0;0;0;0;1;4;5;7;6;6;2;8;3;3;3;2;3;4;3;7;3;2;0;2;1;2;2;2;2;2;3;4;2;4;4;4;4;4;2;2;2;2;1;2;2;3;3;4;2;2;1;1;3;3;4;1;4;8;6;4;5;5;8;1;2;1;1;1;3;4;7;8;3;1;2;7;2;4;1;1;1;2;2;4;6;4;3;3;1;1;2;1;1;1;6;2;2;2;3;3;5;2;4;1;4;1;1;2;2;2;2;3;3;3;3;3;3;3;3;3;2;1;-2;-2;-2;3;2;3;3;3;3;3;4;2;3;1;4;3;4;2;4;5;7;1;10;6;1;10;8;4;9;9;7;6;2;3;2;2;2;4;4;1;1979;38;3;2;1;1;1;410;410;410;1;1;1;2390;6;0;6;3;-3;-3;2;1;3;2;1;-3;5;-3;4;2;1;2;3;4;2;7;70000000;410004;2;2;1;0.6641666666666667;0.8316666666666668;0.52625;0.5116666666666667;1.0;0.66;0.33;0.6633333333333334;1.0;1.0;1.0;1.0;1.0;0.0;0.0;0.3333333333333333;0.66;0.66;0.66;0.66;0.0;1.0;1.0;0.6666666666666666;0.75;0.66;0.66;0.6900000000000001;0.1111111111111111;0.3333333333333333;0.5555555555555556;0.3333333333333333;0.33;0.5;0.41500000000000004;0.41500000000000004;1.0;1.0;1.0;1.0;1.0;1.0;1.0;1.0;1.0;1.0;1.0;1.0;1;0;1;0;0;7;7;4;8;4;4;3;4;3;3;5;7;4;4;8;7;1;2;3;300;12000;0;8;3;2;7;7;7;7;5;1;2;5;3;7;2;4;2;2;2;1;3;2;2;3;7;3;3;-3
"1-5-0 (2020-11-16)";"doi.org/10.14281/18241.1";2018;410;"KOR";732;"ROK";410070872;20180109;201712;201801;20.38;21.17;39;1;410041;410007;8;5;2;1;872;2390;"ko";1;1;1.0;0.8032128514056225;41453.815261044176;1;2;3;3;2;2;2;2;1;1;2;1;2;1;1;2;2;1;2;1;2;2;2;1;2;2;2;3;3;4;4;3;4;2;2;1;4;2;3;3;2;2;3;2;2;1;2;2;2;2;7;6;4;4;4;4;4;4;3;2;1;3;2;3;4;4;1;3;3;2;3;2;2;2;3;3;1;1;1;1;2;3;3;2;3;3;2;3;4;3;2;2;2;7;3;3;2;2;0;1;0;0;0;0;0;0;1;0;0;7;7;4;4;7;2;5;2;3;2;3;2;2;3;6;3;2;2;1;1;0;0;1;1;3;2;4;4;4;4;4;4;4;1;1;2;2;2;2;2;2;3;4;1;2;1;2;1;3;1;1;4;8;7;6;7;6;7;7;1;1;2;2;3;4;2;1;1;1;1;6;4;5;5;3;2;4;3;3;5;3;2;2;2;2;2;2;3;4;5;3;3;4;3;2;5;2;5;1;5;1;2;2;2;2;2;2;1;2;3;3;1;2;3;3;3;3;410010;410010;410010;1;3;2;3;2;2;3;4;1;3;2;2;2;4;3;4;4;4;3;9;3;2;8;3;2;8;8;7;8;2;3;1;1;1;3;3;2;1981;36;3;2;1;1;1;410;410;410;1;5;3;2390;1;1;3;2;5;3;3;2;3;2;1;3;3;10;5;2;2;1;2;5;2;2;20000000;410004;0;1;0;0.5255555555555556;0.33111111111111113;0.3675;0.5683333333333334;0.5;0.66;0.33;0.49666666666666676;0.33;0.0;0.16666666666666666;0.16555555555555557;1.0;1.0;1.0;1.0;0.66;0.33;0.33;0.44;0.0;0.0;1.0;0.3333333333333333;0.75;0.66;1.0;0.8033333333333333;0.3333333333333333;0.2222222222222222;0.4444444444444444;0.3333333333333333;0.0;0.0;0.0;0.0;1.0;1.0;1.0;1.0;1.0;1.0;1.0;1.0;1.0;1.0;1.0;1.0;0;0;0;0;0;8;7;6;5;4;5;3;3;4;4;3;8;3;5;7;6;1;5;2;520;48000;0;5;5;1;5;6;5;6;7;1;2;6;9;7;5;6;7;9;2;5;2;3;3;2;7;5;6;4
"1-5-0 (2020-11-16)";"doi.org/10.14281/18241.1";2018;410;"KOR";732;"ROK";410070873;20180109;201712;201801;20.38;20.58;20;1;410041;410007;8;5;2;1;873;2390;"ko";2;1;1.0;0.8032128514056225;41453.815261044176;1;2;2;3;2;3;1;2;2;1;1;1;2;2;2;2;1;1;2;1;2;1;2;2;2;2;2;3;2;3;2;2;2;1;2;1;4;2;4;3;2;3;3;3;2;1;1;3;3;2;7;5;4;4;4;4;4;4;1;2;2;2;2;3;2;3;3;2;3;3;3;3;3;4;4;3;2;2;3;3;3;3;2;2;1;1;1;2;2;2;1;2;2;3;3;3;1;0;0;0;0;0;0;0;0;0;0;0;0;7;6;3;5;7;1;8;2;2;3;4;4;1;2;8;3;2;2;0;0;0;0;1;2;3;3;4;4;4;4;4;4;4;1;2;2;1;2;2;2;1;2;1;2;2;1;2;3;3;1;1;2;8;7;4;5;5;8;4;2;2;2;2;3;3;7;8;3;1;1;8;2;1;2;2;1;2;1;2;5;3;1;2;1;1;1;2;1;1;1;3;3;2;2;2;5;1;2;2;5;5;5;2;3;3;3;3;3;3;3;3;3;3;3;3;1;1;410001;410001;410001;2;3;3;3;3;2;3;3;2;2;1;2;3;3;2;3;7;8;4;8;7;5;8;8;5;8;8;6;6;3;2;2;2;2;3;3;1;1962;55;5;3;1;1;1;410;410;410;1;4;1;2390;1;2;3;2;3;2;2;1;2;1;3;1;5;4;6;2;1;2;3;5;2;0;100000020;410004;2;1;-1;0.5808333333333333;0.72;0.3047222222222222;0.31777777777777777;1.0;0.33;0.33;0.5533333333333333;0.66;1.0;1.0;0.8866666666666667;0.0;1.0;0.0;0.3333333333333333;0.33;0.66;0.66;0.55;0.0;1.0;0.0;0.3333333333333333;0.25;0.33;0.66;0.41333333333333333;0.1111111111111111;0.1111111111111111;0.4444444444444444;0.22222222222222224;0.0;0.5;0.25;0.25;1.0;1.0;1.0;1.0;1.0;1.0;1.0;1.0;1.0;1.0;1.0;1.0;1;0;0;0;1;5;7;7;6;4;5;4;4;3;4;4;5;5;5;7;5;4;1;3;430;38000;3000;7;4;1;7;6;8;8;5;1;1;5;3;4;6;5;5;3;2;2;2;3;1;3;4;6;5;4
"1-5-0 (2020-11-16)";"doi.org/10.14281/18241.1";2018;410;"KOR";732;"ROK";410070874;20180109;201712;201801;20.42;21.18;36;1;410041;410007;8;5;2;1;874;2390;"ko";1;1;1.0;0.8032128514056225;41453.815261044176;1;2;2;2;1;3;1;1;2;1;2;2;1;1;2;2;2;1;2;1;2;2;2;1;2;2;2;2;1;2;1;2;2;1;2;1;3;3;3;3;2;3;2;3;2;2;1;2;2;3;7;6;6;4;4;4;4;4;3;1;1;1;1;1;3;3;1;3;2;3;2;2;3;1;2;3;2;2;3;1;2;3;3;2;3;3;2;2;3;1;2;2;2;7;3;2;1;0;0;0;0;0;0;0;0;0;0;0;0;4;6;4;6;5;2;6;2;3;2;2;2;2;3;6;4;2;1;1;0;1;2;1;1;3;2;3;2;3;4;3;3;3;1;1;2;1;2;2;2;3;3;3;1;2;2;3;2;2;3;1;4;6;6;5;5;7;6;5;2;2;1;1;3;3;7;8;3;1;2;3;2;2;2;2;1;1;1;2;5;4;2;2;4;1;3;2;2;2;2;1;1;1;2;2;2;3;1;3;2;3;2;3;1;2;2;2;2;3;2;1;2;3;2;2;2;2;410008;410008;410008;2;3;2;3;2;1;3;2;2;2;2;2;3;1;2;2;7;7;5;7;6;5;7;6;8;5;7;5;6;2;1;1;1;2;2;3;1;1970;47;4;2;1;1;1;410;410;410;1;3;1;2390;1;1;7;3;3;2;3;2;3;2;1;1;3;3;4;1;1;2;3;7;2;0;100000020;410004;2;2;2;0.595;0.5816666666666667;0.46879629629629627;0.1892592592592593;0.5;0.0;0.33;0.27666666666666667;0.66;1.0;1.0;0.8866666666666667;1.0;1.0;0.0;0.6666666666666666;0.66;0.33;0.66;0.5499999999999999;1.0;0.0;1.0;0.6666666666666666;0.25;0.0;0.33;0.19333333333333336;0.0;0.1111111111111111;0.4444444444444444;0.1851851851851852;0.66;1.0;0.8300000000000001;0.8300000000000001;1.0;1.0;1.0;1.0;1.0;1.0;1.0;1.0;1.0;1.0;1.0;1.0;1;1;0;0;0;7;7;6;7;6;6;6;6;6;7;6;7;5;6;6;6;1;6;2;600;50000;0;7;6;1;6;5;6;6;6;1;4;3;3;3;4;6;3;3;2;3;2;3;2;1;5;3;7;4
"1-5-0 (2020-11-16)";"doi.org/10.14281/18241.1";2018;410;"KOR";732;"ROK";410070875;20180109;201712;201801;20.45;21.07;22;1;410011;410001;8;5;1;1;875;2390;"ko";2;1;1.0;0.8032128514056225;41453.815261044176;1;1;2;3;3;3;2;1;1;1;1;2;1;2;2;2;2;1;2;1;2;1;2;2;2;2;2;4;3;3;2;2;2;1;3;3;2;1;3;2;3;2;3;2;2;2;1;2;2;2;7;6;7;4;4;4;4;4;3;2;1;2;2;3;2;3;2;1;1;2;2;2;3;2;2;3;2;3;2;3;2;2;2;3;2;2;2;3;2;2;2;2;2;7;1;1;2;0;0;0;0;0;0;0;0;0;0;0;0;7;6;7;7;6;1;8;3;4;3;4;3;1;3;7;3;1;2;1;2;1;2;1;1;2;2;2;3;2;3;2;3;3;1;1;2;2;2;2;2;3;3;3;2;2;2;1;3;2;1;1;2;5;7;6;7;6;6;7;1;1;1;1;2;2;7;8;3;2;2;6;7;6;7;2;3;2;2;2;2;1;2;1;2;2;1;2;1;1;2;2;3;3;2;2;3;1;2;1;4;1;2;2;3;3;3;3;3;3;3;3;3;3;3;3;1;1;410002;410002;410002;2;1;2;1;2;2;2;1;2;1;2;2;1;2;1;2;8;7;8;7;6;7;7;6;7;6;7;7;6;2;1;2;1;1;2;1;1;1966;51;4;3;1;1;1;410;410;410;1;4;1;2390;1;2;6;3;6;3;2;1;2;1;1;1;3;3;9;2;1;1;3;6;2;0;100000020;410004;3;2;1;0.6233333333333333;0.5816666666666667;0.5536111111111112;0.3172222222222222;0.5;0.0;0.33;0.27666666666666667;0.66;1.0;1.0;0.8866666666666667;1.0;1.0;1.0;1.0;0.0;0.33;0.66;0.33;1.0;1.0;1.0;1.0;0.25;0.66;0.66;0.5233333333333333;0.1111111111111111;0.1111111111111111;0.1111111111111111;0.1111111111111111;0.66;0.5;0.5800000000000001;0.5800000000000001;1.0;1.0;1.0;1.0;1.0;1.0;1.0;1.0;1.0;1.0;1.0;1.0;1;1;0;0;1;7;7;7;6;7;7;6;6;6;7;8;6;7;7;8;7;1;5;2;500;20000;2000;6;6;2;7;6;6;7;6;1;1;2;1;8;2;2;2;2;2;1;2;1;1;2;8;2;2;4
"1-5-0 (2020-11-16)";"doi.org/10.14281/18241.1";2018;410;"KOR";732;"ROK";410070876;20180109;201712;201801;20.47;21.17;30;1;410041;410007;8;5;2;1;876;2390;"ko";2;1;1.0;0.8032128514056225;41453.815261044176;1;2;2;3;3;3;1;1;2;1;1;1;2;2;2;2;2;1;2;1;2;1;2;2;2;2;2;1;2;2;2;2;2;1;2;1;1;1;2;3;2;2;2;2;2;3;2;3;2;2;8;7;8;4;4;4;4;4;1;2;1;2;2;3;3;3;4;2;2;2;3;3;3;2;3;3;3;3;3;3;3;3;3;3;3;3;3;3;3;3;3;3;3;6;3;1;2;0;0;1;0;0;0;0;0;0;0;0;0;8;3;5;2;2;1;6;2;2;3;3;2;2;2;6;4;2;1;2;1;1;0;1;1;2;2;3;2;3;3;3;2;2;2;2;2;3;3;2;2;3;3;3;1;1;1;3;1;1;2;1;3;6;7;6;7;6;6;8;1;1;1;1;4;3;4;5;2;1;1;6;4;1;1;1;1;7;6;7;7;8;7;9;1;8;2;2;8;3;8;3;2;2;2;1;1;1;1;1;2;1;1;1;2;1;2;2;1;1;2;2;1;1;2;2;2;2;-2;-2;-2;2;2;3;3;3;2;2;3;3;3;2;2;3;4;3;3;7;7;7;9;8;7;7;8;9;8;8;7;8;3;2;2;2;2;2;2;2;1968;49;4;2;1;1;1;410;410;410;1;4;1;2390;1;2;6;3;6;3;1;1;1;1;1;1;5;2;9;2;2;1;2;6;2;0;100000020;410004;3;2;1;0.45583333333333337;0.6366666666666667;0.65875;0.485;1.0;0.33;0.33;0.5533333333333333;0.66;1.0;0.5;0.7200000000000001;0.0;0.0;0.0;0.0;0.33;0.66;0.66;0.55;1.0;1.0;1.0;1.0;0.25;0.33;0.33;0.3033333333333334;0.6666666666666666;0.6666666666666666;0.6666666666666666;0.6666666666666666;0.33;1.0;0.665;0.665;1.0;1.0;1.0;1.0;1.0;1.0;1.0;1.0;1.0;1.0;1.0;1.0;1;0;1;0;1;7;7;8;8;7;6;6;5;6;6;7;7;6;7;7;8;3;2;2;600;100000;0;8;6;1;9;8;9;8;9;1;2;3;8;3;3;3;5;5;2;5;2;2;2;3;3;5;3;4
"1-5-0 (2020-11-16)";"doi.org/10.14281/18241.1";2018;410;"KOR";732;"ROK";410070877;20180109;201712;201801;20.49;21.09;20;1;410028;410004;8;5;2;1;877;2390;"ko";3;1;1.0;0.8032128514056225;41453.815261044176;1;2;2;3;3;4;1;2;1;1;2;1;1;2;2;2;2;1;2;1;2;1;2;2;2;2;3;3;2;3;3;3;3;3;2;1;4;2;3;2;2;1;1;4;2;3;1;3;3;2;7;3;3;4;4;4;4;4;3;2;1;2;3;4;4;4;2;2;3;2;3;3;3;3;3;3;2;2;3;3;3;3;3;2;3;3;3;2;2;2;2;2;2;6;3;3;2;0;0;0;0;0;0;0;0;0;0;0;0;7;6;3;2;2;2;4;2;4;2;2;3;2;4;7;3;2;2;2;1;1;1;2;1;3;3;3;3;4;4;4;3;4;1;2;2;3;3;2;2;2;3;4;2;2;1;1;2;3;1;1;2;7;8;6;7;4;8;3;2;2;2;2;3;3;7;8;3;2;2;2;1;1;1;1;1;1;1;4;5;4;1;1;1;1;1;2;1;1;1;3;3;3;4;3;5;1;5;1;5;5;5;2;3;3;3;3;2;2;3;3;3;3;3;3;1;1;410002;410002;410002;1;3;4;4;2;2;4;4;2;2;1;2;2;4;2;3;5;10;3;9;10;2;9;10;3;10;9;8;8;2;2;2;2;2;3;4;2;1959;58;5;3;1;1;1;410;410;410;1;3;1;2390;1;1;3;2;3;2;1;1;2;1;5;1;-3;6;7;-3;2;2;3;4;2;0;100000020;410004;1;1;0;0.5533333333333335;0.8316666666666668;0.27231481481481484;0.377962962962963;1.0;0.33;0.66;0.6633333333333334;1.0;1.0;1.0;1.0;0.0;0.0;0.0;0.0;0.33;0.66;0.66;0.55;0.0;0.0;1.0;0.3333333333333333;0.5;0.33;0.66;0.49666666666666676;0.0;0.3333333333333333;0.4444444444444444;0.25925925925925924;0.0;0.0;0.0;0.0;1.0;1.0;1.0;1.0;1.0;1.0;1.0;1.0;1.0;1.0;1.0;1.0;0;0;0;0;1;2;3;3;3;4;5;2;3;5;5;5;3;3;4;5;3;-3;-3;3;450;25000;4000;-3;3;2;-3;-3;-3;5;2;1;1;5;6;8;3;4;5;6;3;1;2;3;2;2;8;3;4;4
"1-5-0 (2020-11-16)";"doi.org/10.14281/18241.1";2018;410;"KOR";732;"ROK";410070878;20180109;201712;201801;9.04;9.28;24;1;410026;410002;8;5;2;1;878;2390;"ko";2;1;1.0;0.8032128514056225;41453.815261044176;1;2;1;3;3;3;1;1;1;2;2;1;1;2;2;2;2;1;2;1;2;1;2;2;2;1;3;2;2;3;3;3;4;2;1;1;4;2;3;2;2;2;2;2;3;2;2;3;2;2;7;6;7;4;4;4;4;4;1;2;1;3;2;3;3;3;3;2;3;3;3;2;3;3;3;4;3;3;3;3;2;3;3;3;3;3;3;3;3;3;3;3;3;6;1;1;2;0;0;0;0;0;0;0;0;0;0;0;2;4;3;7;4;7;2;7;3;3;3;3;3;3;3;5;2;2;0;2;0;1;2;1;2;2;3;4;3;4;3;4;4;3;2;2;2;4;3;2;2;3;3;4;1;2;1;1;2;3;1;1;3;8;7;4;2;8;7;2;2;2;2;2;4;4;6;8;2;2;2;6;1;3;1;1;1;2;2;5;6;3;3;3;1;1;1;1;1;1;8;2;3;3;4;2;5;1;3;5;5;5;5;2;2;3;3;3;3;3;3;2;3;3;3;3;1;1;-2;-2;-2;2;3;2;3;3;2;3;4;1;2;2;4;4;4;1;4;7;6;1;10;6;1;7;4;3;9;9;8;8;2;2;2;2;3;4;4;2;1952;65;6;3;1;1;1;410;410;410;1;2;1;2390;1;2;3;2;3;2;0;1;1;1;5;3;-3;4;9;-3;2;2;5;3;1;7;70000000;410004;1;1;1;0.5669444444444445;0.7472222222222223;0.4042592592592593;0.47518518518518527;1.0;0.33;0.66;0.6633333333333334;0.66;1.0;0.8333333333333334;0.8311111111111112;1.0;0.0;0.0;0.3333333333333333;0.33;0.33;0.66;0.44;1.0;0.0;1.0;0.6666666666666666;0.75;0.33;0.66;0.5800000000000001;0.1111111111111111;0.4444444444444444;0.5555555555555556;0.3703703703703704;0.0;0.0;0.0;0.0;1.0;1.0;1.0;1.0;1.0;1.0;1.0;1.0;1.0;1.0;1.0;1.0;0;0;0;0;1;5;4;2;6;4;3;2;2;3;3;3;5;4;4;7;7;-3;-3;5;150;20000;0;-3;3;1;-3;-3;-3;8;5;1;1;5;4;7;2;5;3;3;3;1;2;2;2;3;8;3;5;4
"1-5-0 (2020-11-16)";"doi.org/10.14281/18241.1";2018;410;"KOR";732;"ROK";410070879;20180109;201712;201801;9.06;9.51;45;1;410011;410001;8;5;1;1;879;2390;"ko";3;1;1.0;0.8032128514056225;41453.815261044176;1;2;1;2;1;2;2;1;1;2;2;2;1;1;1;2;2;1;2;1;1;1;1;2;2;2;2;1;2;1;2;2;2;1;1;1;2;1;1;2;2;1;2;2;2;1;1;2;2;2;9;9;9;4;4;4;4;4;1;2;1;3;2;3;3;3;2;2;3;2;2;1;1;2;1;2;2;1;2;1;2;2;1;2;2;2;1;2;2;1;2;2;2;8;2;2;2;0;0;0;0;0;0;0;0;0;0;0;0;5;6;4;5;5;1;5;2;2;1;2;1;1;1;8;4;2;2;2;1;2;2;1;1;2;2;4;4;4;4;4;4;4;1;1;2;3;3;2;2;3;3;4;2;1;2;3;1;2;1;2;1;8;9;8;8;9;8;8;2;2;2;2;3;3;7;8;3;2;2;6;3;1;1;1;1;2;1;2;3;6;1;2;1;1;1;1;1;1;1;4;4;4;3;3;5;2;5;1;2;1;1;1;2;3;3;3;2;3;3;3;2;3;3;3;1;1;410002;410002;410002;2;3;2;1;2;2;2;3;2;2;2;2;1;2;2;2;6;8;8;7;7;5;7;7;8;7;8;8;8;2;2;2;1;2;2;2;2;1982;35;3;2;1;1;1;410;410;410;1;4;2;2390;1;2;6;3;6;3;3;2;3;2;5;1;-3;3;3;-3;2;1;3;7;2;0;100000020;410004;3;2;1;0.3183333333333334;0.5816666666666668;0.4595370370370371;0.17074074074074075;0.5;0.33;0.33;0.3866666666666667;0.33;1.0;1.0;0.7766666666666667;0.0;0.0;0.0;0.0;0.33;0.0;0.0;0.11;1.0;0.0;1.0;0.6666666666666666;0.25;0.33;0.0;0.19333333333333336;0.1111111111111111;0.1111111111111111;0.2222222222222222;0.14814814814814814;0.66;1.0;0.8300000000000001;0.8300000000000001;1.0;1.0;1.0;1.0;1.0;1.0;1.0;1.0;1.0;1.0;1.0;1.0;1;1;0;1;0;8;6;6;7;7;7;8;8;8;8;9;9;8;8;8;6;-3;-3;2;300;15000;0;8;7;2;8;8;9;8;8;1;1;5;5;7;5;5;6;5;2;1;2;3;1;2;8;5;6;4
"1-5-0 (2020-11-16)";"doi.org/10.14281/18241.1";2018;410;"KOR";732;"ROK";410070880;20180109;201712;201801;9.15;9.4;25;1;410011;410001;8;5;1;1;880;2390;"ko";2;1;1.0;0.8032128514056225;41453.815261044176;2;2;1;2;2;2;1;2;2;1;1;1;2;2;2;2;1;1;2;1;2;1;2;2;2;2;2;1;2;1;2;2;2;1;1;1;2;1;2;1;2;1;2;2;2;2;3;2;2;2;7;7;6;4;4;4;4;4;3;2;1;2;2;3;3;3;2;1;2;2;1;1;2;2;1;2;1;1;2;2;2;2;3;3;2;2;2;3;2;3;2;2;2;7;1;1;2;0;0;0;0;0;0;0;0;0;0;0;0;7;6;7;7;6;1;6;4;3;4;3;2;1;3;8;3;0;1;0;1;1;1;0;1;2;2;3;2;3;2;3;3;3;1;1;2;3;3;2;2;3;4;4;2;2;2;3;2;2;3;2;1;6;6;7;7;6;7;7;1;1;1;1;3;3;7;8;3;2;2;3;3;3;2;2;2;2;2;1;2;2;1;2;2;1;1;2;2;2;1;3;2;2;2;2;3;1;2;1;3;2;3;2;3;3;3;3;2;3;3;3;3;3;3;3;1;1;410001;410001;410001;2;1;2;2;3;2;3;2;2;2;2;2;3;2;3;2;7;6;7;6;8;7;8;7;6;7;6;7;7;2;1;2;1;1;2;3;2;1962;55;5;3;1;1;1;410;410;410;1;4;1;2390;1;2;3;2;3;2;1;1;1;1;1;1;4;5;9;2;2;1;3;5;2;0;100000020;410004;3;2;-1;0.5408333333333334;0.5266666666666667;0.35768518518518516;0.1337037037037037;0.5;0.0;0.33;0.27666666666666667;0.33;1.0;1.0;0.7766666666666667;1.0;1.0;1.0;1.0;0.0;0.0;0.33;0.11;0.0;1.0;0.0;0.3333333333333333;0.25;0.33;0.0;0.19333333333333336;0.1111111111111111;0.0;0.1111111111111111;0.07407407407407407;0.66;1.0;0.8300000000000001;0.8300000000000001;1.0;1.0;1.0;1.0;1.0;1.0;1.0;1.0;1.0;1.0;1.0;1.0;1;1;0;1;0;7;7;7;6;7;7;7;6;7;6;6;7;6;7;7;7;1;4;3;450;15000;1000;7;5;2;7;8;7;7;6;1;1;5;3;5;8;5;5;2;3;2;2;3;2;3;3;8;5;4
"1-5-0 (2020-11-16)";"doi.org/10.14281/18241.1";2018;410;"KOR";732;"ROK";410070881;20180109;201712;201801;9.22;9.43;21;1;410041;410007;8;5;2;1;881;2390;"ko";2;1;1.0;0.8032128514056225;41453.815261044176;1;2;2;3;2;3;1;2;2;1;1;1;2;2;2;2;1;1;2;1;2;1;2;2;2;2;2;3;2;4;2;2;2;1;2;1;3;3;4;2;2;2;3;3;2;1;1;3;3;2;7;6;6;4;4;4;4;4;1;2;2;2;2;3;2;3;3;2;3;3;3;2;2;3;3;4;3;3;2;3;3;2;2;2;1;1;1;2;2;2;1;2;2;3;3;1;2;0;0;0;0;0;0;0;0;0;0;0;0;8;6;3;5;7;1;8;2;3;3;4;4;1;2;8;3;2;2;0;0;0;0;1;2;3;2;4;4;4;4;4;4;4;1;2;2;2;2;2;2;2;1;2;2;1;1;2;3;3;2;1;2;8;7;3;5;6;7;3;2;2;2;2;3;3;7;8;3;1;1;7;2;3;1;2;1;2;1;1;5;3;1;1;1;1;1;1;1;1;1;2;3;2;2;2;1;1;2;3;5;3;5;2;3;3;3;3;3;3;3;3;3;3;3;3;1;1;410002;410002;410002;2;3;3;3;2;2;3;3;3;2;1;3;3;3;2;3;7;8;7;8;8;4;7;8;8;7;8;6;7;2;2;2;2;2;3;3;1;1957;60;5;3;1;1;1;410;410;410;1;4;1;2390;1;2;3;2;3;2;2;1;2;1;3;5;5;-5;6;2;1;2;3;4;2;0;100000020;410004;3;2;-1;0.6091666666666666;0.72;0.3650462962962963;0.355925925925926;1.0;0.33;0.33;0.5533333333333333;0.66;1.0;1.0;0.8866666666666667;1.0;1.0;0.0;0.6666666666666666;0.33;0.33;0.33;0.33;0.0;1.0;0.0;0.3333333333333333;0.25;0.33;1.0;0.5266666666666667;0.1111111111111111;0.0;0.4444444444444444;0.1851851851851852;0.33;0.5;0.41500000000000004;0.41500000000000004;1.0;1.0;1.0;1.0;1.0;1.0;1.0;1.0;1.0;1.0;1.0;1.0;1;0;1;0;1;5;7;4;5;4;4;4;3;3;3;4;5;3;8;5;5;4;1;3;480;48000;2000;6;4;1;8;7;7;8;6;1;1;5;3;6;4;5;5;3;2;1;3;3;1;2;6;4;5;4
"1-5-0 (2020-11-16)";"doi.org/10.14281/18241.1";2018;410;"KOR";732;"ROK";410070882;20180109;201712;201801;9.28;10.08;41;1;410041;410007;8;5;2;1;882;2390;"ko";2;1;1.0;0.8032128514056225;41453.815261044176;1;2;2;2;2;2;1;1;1;1;2;1;2;2;2;2;2;1;2;1;2;2;2;2;2;2;2;1;2;3;2;2;2;1;3;3;3;3;2;2;2;1;2;2;2;1;2;3;2;2;7;7;8;4;4;4;4;4;1;2;2;2;3;4;4;3;1;2;2;2;3;3;3;2;3;3;3;3;3;3;3;3;3;3;3;3;3;2;2;3;3;3;3;6;3;1;2;2;0;0;0;0;0;0;0;0;0;0;0;8;8;8;2;2;1;5;2;2;3;3;2;2;2;5;4;2;2;1;1;1;0;0;0;3;2;3;2;3;3;4;2;2;2;2;2;3;3;2;2;3;3;3;1;2;1;3;1;1;4;2;1;7;5;7;6;5;8;8;1;1;1;1;3;3;1;3;1;1;1;7;4;1;1;1;1;6;7;7;7;7;8;8;1;7;1;2;7;2;8;2;2;3;1;1;2;1;1;1;2;1;1;1;2;1;2;2;1;1;2;2;1;1;2;2;1;1;410002;410002;410002;2;2;3;3;2;2;2;3;3;2;2;3;3;4;4;4;6;7;2;8;7;1;7;8;5;5;8;7;7;2;2;2;2;2;2;3;1;1979;38;3;2;1;1;1;410;410;410;1;4;1;2390;1;2;6;3;6;3;3;2;6;3;1;5;3;-5;3;2;1;1;3;6;2;1;10100000;410004;3;2;1;0.30333333333333334;0.33166666666666667;0.5936574074074075;0.5214814814814814;1.0;0.33;0.33;0.5533333333333333;0.33;0.0;0.0;0.11;0.0;0.0;0.0;0.0;0.33;0.66;0.66;0.55;1.0;0.0;1.0;0.6666666666666666;0.25;0.33;0.66;0.41333333333333333;0.5555555555555556;0.6666666666666666;0.6666666666666666;0.6296296296296297;0.33;1.0;0.665;0.665;1.0;1.0;1.0;1.0;1.0;1.0;1.0;1.0;1.0;1.0;1.0;1.0;1;0;1;1;0;7;7;8;8;8;5;6;6;6;6;7;7;6;8;6;7;1;5;2;450;50000;3000;7;6;1;7;8;8;8;6;1;2;2;2;9;2;2;2;2;2;1;2;2;2;3;9;1;2;4
"1-5-0 (2020-11-16)";"doi.org/10.14281/18241.1";2018;410;"KOR";732;"ROK";410070883;20180109;201712;201801;9.37;10.24;48;1;410041;410007;8;5;2;1;883;2390;"ko";1;1;1.0;0.8032128514056225;41453.815261044176;1;1;2;2;1;4;2;1;2;1;2;1;1;1;2;2;2;1;2;1;2;1;2;1;2;2;1;1;3;3;2;2;2;1;3;3;2;1;3;2;2;1;3;2;2;3;1;2;2;2;7;7;7;4;4;4;4;4;1;1;1;1;1;3;3;4;2;2;1;2;3;2;2;2;1;3;2;2;1;2;3;1;2;2;2;2;1;2;3;2;2;2;2;7;1;1;2;0;0;0;0;0;0;0;0;0;0;0;0;7;5;6;6;7;2;5;1;2;3;2;2;2;2;6;3;1;0;1;2;1;0;1;1;3;2;3;4;4;4;3;3;2;1;1;2;1;4;2;2;2;3;4;1;1;1;3;1;2;4;2;1;6;6;7;8;6;7;4;2;2;2;2;4;4;7;8;3;2;1;7;6;7;6;2;1;2;2;1;4;5;3;2;3;1;1;2;2;2;2;2;1;1;2;2;2;2;1;3;3;2;3;2;2;2;2;2;2;3;2;2;2;3;3;2;1;1;410002;410002;410002;2;2;1;2;2;3;2;1;1;2;1;2;3;3;2;3;6;6;5;6;8;8;7;7;6;8;7;7;8;1;2;1;1;2;3;4;1;1965;52;4;3;1;1;1;410;410;410;1;4;1;2390;1;2;7;3;7;3;1;1;1;1;1;5;3;-5;9;2;1;1;2;8;3;0;100000020;410004;4;3;2;0.5683333333333334;0.6383333333333333;0.584537037037037;0.33574074074074073;0.5;0.33;0.0;0.27666666666666667;1.0;1.0;1.0;1.0;1.0;1.0;0.0;0.6666666666666666;0.33;0.33;0.33;0.33;1.0;0.0;1.0;0.6666666666666666;0.25;0.66;0.66;0.5233333333333333;0.1111111111111111;0.0;0.3333333333333333;0.14814814814814814;1.0;1.0;1.0;1.0;1.0;1.0;1.0;1.0;1.0;1.0;1.0;1.0;1.0;1.0;1.0;1.0;1;1;1;1;0;6;6;7;7;6;5;6;5;6;5;5;7;5;6;5;7;1;6;2;600;70000;0;6;7;1;7;6;7;7;7;1;2;4;3;8;5;5;4;3;1;1;1;3;2;2;9;5;5;4
"1-5-0 (2020-11-16)";"doi.org/10.14281/18241.1";2018;410;"KOR";732;"ROK";410070884;20180109;201712;201801;9.4;10.0;20;1;410028;410004;8;5;2;1;884;2390;"ko";3;1;1.0;0.8032128514056225;41453.815261044176;1;2;2;3;4;1;1;2;1;1;2;2;1;2;1;2;2;1;2;1;2;1;2;2;2;2;2;3;2;4;3;3;4;2;2;1;4;2;4;1;1;1;1;4;3;3;1;1;1;2;9;9;9;4;4;4;4;4;1;1;1;2;2;3;4;4;2;2;3;2;3;3;2;3;3;3;2;2;2;2;2;2;2;2;2;2;1;2;2;3;2;1;1;4;2;2;2;0;0;0;0;0;0;0;0;0;0;0;0;7;7;2;2;1;2;3;2;3;2;2;3;3;4;6;2;2;2;2;0;1;2;2;1;1;2;4;4;4;4;4;4;4;2;2;2;3;3;2;2;2;2;3;2;2;1;1;4;3;1;1;2;8;8;4;3;4;8;10;1;1;1;1;3;3;2;1;1;1;1;2;1;1;1;1;1;1;1;1;4;3;1;1;1;1;1;1;1;1;1;3;3;3;3;3;1;1;5;1;5;4;5;1;3;3;3;3;3;3;3;3;3;3;3;3;1;1;-2;-2;-2;1;3;3;4;3;2;3;4;2;3;2;3;3;4;3;3;7;10;1;10;10;2;9;9;3;10;10;8;8;2;2;1;2;2;2;3;2;1954;63;5;3;1;1;1;410;410;410;1;2;1;2390;1;0;3;2;5;3;1;1;1;1;1;1;4;6;7;2;2;2;3;5;2;2;20000000;410004;1;1;-1;0.17888888888888888;0.13777777777777778;0.28444444444444444;0.40222222222222226;0.0;0.33;0.33;0.22;0.0;0.0;0.16666666666666666;0.05555555555555555;0.0;0.0;0.0;0.0;0.33;0.66;0.33;0.44;0.0;0.0;1.0;0.3333333333333333;0.75;0.33;1.0;0.6933333333333334;0.0;0.0;0.3333333333333333;0.1111111111111111;0.0;0.0;0.0;0.0;1.0;1.0;1.0;1.0;1.0;1.0;1.0;1.0;1.0;1.0;1.0;1.0;0;0;0;0;1;10;6;5;8;6;6;6;5;7;7;8;10;7;7;7;3;4;1;3;400;65000;0;9;5;1;9;8;8;10;7;1;1;3;3;3;7;3;3;3;2;2;1;3;2;1;3;7;3;4
"1-5-0 (2020-11-16)";"doi.org/10.14281/18241.1";2018;410;"KOR";732;"ROK";410070885;20180110;201712;201801;15.38;16.0;22;1;410043;410009;7;4;3;1;885;2390;"ko";1;2;1.0;0.8032128514056225;41453.815261044176;1;2;2;2;1;2;1;2;1;1;1;2;2;1;2;2;2;1;2;2;2;1;1;1;2;2;2;1;3;4;4;2;4;2;2;1;3;3;4;2;2;1;3;3;1;2;1;3;2;3;4;6;6;4;4;4;4;4;1;2;1;2;2;3;2;2;2;3;3;3;3;2;2;2;3;3;2;2;2;4;2;2;2;2;2;2;2;2;2;2;2;2;2;4;3;1;2;0;0;0;0;0;0;0;0;0;0;0;0;8;4;2;2;8;1;8;3;3;3;3;3;2;2;6;4;2;1;1;1;1;1;1;1;2;2;3;2;3;4;4;3;2;2;1;2;2;2;2;2;2;2;3;1;1;1;3;4;3;1;1;2;8;8;7;7;4;8;2;2;2;2;2;3;4;4;5;2;2;2;5;1;3;1;1;1;5;1;3;8;7;7;7;1;1;1;1;1;1;5;3;4;4;3;2;4;2;2;1;3;1;1;1;3;3;3;3;1;3;3;2;1;2;2;2;1;1;-2;-2;-2;4;3;3;2;2;3;3;4;4;3;1;4;3;4;1;4;5;7;2;6;7;1;8;8;1;9;10;7;7;2;2;2;3;3;4;4;2;1980;37;3;2;1;1;1;410;410;410;1;4;1;2390;1;2;5;3;5;3;1;1;2;1;1;1;5;3;6;2;2;2;2;3;1;0;100000020;410004;2;1;1;0.48416666666666663;0.5816666666666667;0.6128703703703703;0.6424074074074074;1.0;0.33;0.33;0.5533333333333333;0.33;1.0;0.5;0.61;1.0;0.0;0.0;0.3333333333333333;0.66;0.33;0.33;0.44;0.0;1.0;1.0;0.6666666666666666;0.75;0.66;1.0;0.8033333333333333;0.4444444444444444;0.2222222222222222;0.7777777777777778;0.48148148148148145;0.0;1.0;0.5;0.5;1.0;1.0;1.0;1.0;1.0;1.0;1.0;1.0;1.0;1.0;1.0;1.0;1;0;0;0;1;6;5;4;7;3;3;3;3;2;1;4;9;5;7;9;4;1;8;2;400;12000;3000;3;3;1;3;3;5;6;3;2;1;5;4;6;2;5;5;3;2;3;3;3;2;3;8;2;6;4
"1-5-0 (2020-11-16)";"doi.org/10.14281/18241.1";2018;410;"KOR";732;"ROK";410070886;20180110;201712;201801;16.01;16.24;22;1;410043;410009;7;4;3;1;886;2390;"ko";3;1;1.0;0.8032128514056225;41453.815261044176;1;2;2;3;1;4;1;1;1;1;2;2;2;1;2;2;2;1;2;1;2;1;2;1;2;2;1;3;4;4;4;4;2;1;1;1;2;1;5;3;3;2;3;3;2;1;1;3;2;2;8;9;6;4;4;4;4;4;1;1;1;3;2;3;3;3;2;3;3;3;3;3;3;4;4;4;3;3;4;3;2;3;3;4;4;4;2;3;3;3;2;2;2;5;3;3;2;0;0;0;0;0;0;0;0;0;0;0;1;3;8;1;3;1;1;10;4;3;2;3;3;2;3;8;4;2;2;2;0;2;1;0;1;3;2;4;4;4;4;4;3;3;2;2;2;3;3;1;1;3;3;3;2;1;1;2;1;1;3;1;2;8;8;5;5;3;8;3;1;2;2;2;3;4;7;8;3;1;1;8;2;5;1;1;1;1;1;1;5;5;1;1;1;5;5;1;5;5;5;3;4;4;3;3;5;2;5;2;5;2;5;2;1;3;2;2;3;2;3;2;2;2;3;2;3;3;-2;-2;-2;2;3;2;2;3;3;2;3;1;3;1;2;2;4;2;4;4;10;1;10;10;1;5;10;1;5;10;3;3;2;3;2;2;2;3;3;1;1985;32;2;2;1;1;1;410;410;410;1;2;1;2390;1;0;3;2;3;2;2;1;2;1;1;1;4;6;6;2;1;2;3;6;2;0;100000020;410004;1;1;2;0.6366666666666666;0.7766666666666666;0.3912037037037037;0.44907407407407407;1.0;0.66;0.0;0.5533333333333333;1.0;1.0;1.0;1.0;1.0;0.0;0.0;0.3333333333333333;0.66;0.66;0.66;0.66;1.0;0.0;1.0;0.6666666666666666;0.25;1.0;1.0;0.75;0.0;0.0;0.4444444444444444;0.14814814814814814;0.0;0.0;0.0;0.0;1.0;1.0;1.0;1.0;1.0;1.0;1.0;1.0;1.0;1.0;1.0;1.0;0;0;0;0;1;8;5;5;7;5;5;3;2;2;5;7;10;7;8;9;5;3;2;2;400;4000;20000;7;3;2;8;6;7;10;8;2;3;1;1;1;1;1;1;1;2;7;2;3;2;3;8;1;8;4
"1-5-0 (2020-11-16)";"doi.org/10.14281/18241.1";2018;410;"KOR";732;"ROK";410070887;20180110;201712;201801;16.36;16.57;21;1;410043;410009;7;4;3;1;887;2390;"ko";2;1;1.0;0.8032128514056225;41453.815261044176;1;2;2;2;1;2;1;1;1;2;2;1;1;2;2;2;2;1;2;2;2;1;2;2;2;2;2;2;2;4;3;2;4;2;1;1;3;3;4;1;4;2;2;3;2;2;2;3;1;3;8;8;8;4;4;4;4;4;1;1;1;2;2;2;2;2;2;2;2;2;2;2;2;2;3;3;2;2;2;2;2;1;2;2;2;2;1;1;2;2;2;1;2;8;3;1;2;1;0;1;0;0;0;0;0;0;2;0;0;4;3;9;3;3;2;8;2;3;2;2;2;1;3;8;4;0;1;0;0;0;2;0;1;1;2;3;4;3;4;4;3;4;1;2;2;3;4;2;2;2;3;3;1;2;1;1;2;2;3;1;2;8;8;3;2;4;8;8;1;1;1;1;3;3;2;4;2;1;2;4;1;2;1;1;2;1;3;2;2;7;1;7;1;1;1;1;1;1;7;2;3;4;3;2;2;1;2;1;1;1;5;2;1;2;2;2;2;3;3;3;2;2;3;3;1;1;410008;410008;410008;1;3;3;3;2;2;3;4;1;2;1;3;2;4;1;4;6;9;3;10;9;2;10;3;2;9;10;8;9;2;1;1;2;2;2;2;1;1960;57;5;3;1;1;1;410;410;410;1;2;1;2390;1;2;7;3;3;2;1;1;0;1;1;1;1;5;9;1;1;1;3;6;2;1;10100000;410004;2;2;1;0.4847222222222223;0.47111111111111115;0.4410185185185185;0.3837037037037037;1.0;0.0;0.33;0.44333333333333336;0.33;1.0;0.16666666666666666;0.49888888888888894;1.0;0.0;1.0;0.6666666666666666;0.33;0.33;0.33;0.33;1.0;0.0;1.0;0.6666666666666666;0.75;0.33;1.0;0.6933333333333334;0.0;0.1111111111111111;0.1111111111111111;0.07407407407407407;0.66;0.0;0.33;0.33;1.0;1.0;1.0;1.0;1.0;1.0;1.0;1.0;1.0;1.0;1.0;1.0;0;1;0;0;1;9;8;8;8;4;6;3;4;3;4;2;10;7;4;8;8;1;5;3;450;25000;0;9;5;1;9;8;7;10;7;1;1;8;7;7;2;10;9;6;2;3;1;3;2;3;9;3;9;4
"1-5-0 (2020-11-16)";"doi.org/10.14281/18241.1";2018;410;"KOR";732;"ROK";410070888;20180110;201712;201801;16.57;17.2;23;1;410043;410009;7;4;3;1;888;2390;"ko";2;1;1.0;0.8032128514056225;41453.815261044176;1;2;2;3;1;2;1;2;1;2;2;1;2;1;2;1;2;1;2;1;2;1;2;2;2;2;1;3;2;3;3;1;3;3;1;1;4;2;3;1;1;1;1;4;2;2;1;1;1;2;10;10;6;4;4;4;4;4;1;1;1;2;2;2;2;2;3;1;3;2;2;2;3;3;3;4;2;2;2;3;2;3;2;2;2;2;2;2;2;2;2;2;2;8;3;1;2;0;0;0;1;0;0;0;0;0;0;0;0;10;5;7;2;2;1;9;3;4;3;3;3;1;2;10;2;0;2;2;1;1;1;2;2;3;2;4;4;4;4;4;4;4;2;2;2;3;4;2;2;2;2;3;1;2;1;2;3;1;3;1;3;7;8;6;5;5;8;2;2;2;2;2;3;4;7;8;2;2;2;4;2;2;1;1;1;1;5;3;2;5;1;5;1;1;1;1;4;4;3;2;3;3;2;2;1;1;4;1;1;1;5;1;3;3;2;3;1;3;3;3;3;3;3;3;1;1;410009;410009;410009;1;3;2;2;2;2;2;3;1;2;1;1;2;3;1;4;8;3;1;10;5;1;6;9;5;7;9;7;7;2;2;2;2;2;3;3;1;1974;43;3;2;1;1;1;410;410;410;1;5;1;2390;1;2;7;3;6;3;3;2;3;2;1;5;3;-5;3;1;1;1;2;6;2;0;100000020;410004;2;1;1;0.3875;0.44333333333333336;0.2977777777777778;0.30388888888888893;0.0;0.33;0.0;0.11;0.33;1.0;1.0;0.7766666666666667;1.0;0.0;0.0;0.3333333333333333;0.0;0.33;0.66;0.33;0.0;0.0;1.0;0.3333333333333333;0.5;0.33;0.66;0.49666666666666676;0.0;0.2222222222222222;0.1111111111111111;0.1111111111111111;0.0;0.5;0.25;0.25;1.0;1.0;1.0;1.0;1.0;1.0;1.0;1.0;1.0;1.0;1.0;1.0;1;0;0;0;1;10;8;7;7;6;5;5;5;5;5;5;10;4;9;7;3;1;7;2;400;25000;5000;10;5;1;10;8;7;10;6;1;1;8;5;5;3;3;8;8;3;4;1;4;2;3;8;3;3;4
"1-5-0 (2020-11-16)";"doi.org/10.14281/18241.1";2018;410;"KOR";732;"ROK";410070889;20180110;201712;201801;17.23;17.45;22;1;410043;410009;7;4;3;1;889;2390;"ko";2;1;1.0;0.8032128514056225;41453.815261044176;1;2;3;3;2;4;1;1;1;1;2;1;2;2;2;2;2;1;2;1;2;2;2;1;2;2;2;2;3;4;3;2;4;2;1;1;2;1;2;2;2;1;2;3;2;2;2;2;4;2;2;2;2;4;4;4;4;4;1;2;2;3;2;3;3;3;3;3;3;3;3;3;3;3;3;3;3;3;3;3;3;3;3;3;3;3;3;3;3;3;3;3;3;5;3;3;2;0;0;0;0;0;0;0;0;0;0;0;0;9;5;7;8;9;1;10;3;3;3;3;3;3;3;5;3;0;2;2;0;2;2;0;0;2;2;4;4;4;4;4;4;4;1;1;2;3;2;2;2;2;4;3;1;2;1;2;1;1;3;1;2;7;8;2;4;5;8;1;2;2;2;2;4;4;7;3;2;2;2;5;1;1;1;1;1;3;1;3;3;3;2;8;1;1;1;1;1;1;6;2;2;4;2;2;4;1;5;1;5;1;1;4;3;3;3;3;3;3;3;3;3;3;3;3;1;1;-2;-2;-2;3;3;2;3;3;3;2;3;2;2;2;1;2;3;2;4;5;5;5;9;9;5;9;3;2;5;9;7;5;3;2;3;3;3;3;3;2;1963;54;4;3;1;1;1;410;410;410;1;1;1;2390;1;2;3;2;3;2;1;1;1;1;1;1;3;6;9;2;2;1;3;2;1;0;100000020;410004;1;1;1;0.5116666666666667;0.6933333333333334;0.4230555555555555;0.5127777777777778;0.5;0.33;0.33;0.3866666666666667;1.0;1.0;1.0;1.0;0.0;0.0;0.0;0.0;0.66;0.66;0.66;0.66;1.0;0.0;1.0;0.6666666666666666;0.75;0.66;1.0;0.8033333333333333;0.2222222222222222;0.2222222222222222;0.2222222222222222;0.2222222222222222;0.0;0.0;0.0;0.0;1.0;1.0;1.0;1.0;1.0;1.0;1.0;1.0;1.0;1.0;1.0;1.0;0;0;0;0;1;2;2;2;2;1;2;2;2;2;1;1;2;1;4;3;5;1;2;3;450;15000;13000;5;2;1;3;3;1;4;1;2;2;2;2;2;2;2;2;2;2;1;2;3;2;2;7;2;5;4
"1-5-0 (2020-11-16)";"doi.org/10.14281/18241.1";2018;410;"KOR";732;"ROK";410070890;20180110;201712;201801;19.19;20.01;42;1;410043;410009;7;4;3;1;890;2390;"ko";3;1;1.0;0.8032128514056225;41453.815261044176;2;2;2;2;2;3;1;1;2;2;1;1;2;1;2;2;2;1;2;2;2;2;2;1;2;2;3;3;1;3;2;2;3;3;3;3;3;3;2;3;4;4;3;3;3;2;2;2;2;2;5;6;6;4;4;4;4;4;1;2;2;3;2;3;3;3;3;2;3;3;3;2;2;3;3;3;2;2;2;2;2;2;3;2;2;2;2;2;2;2;2;2;2;3;3;3;2;0;0;0;0;0;0;0;0;0;0;0;0;7;6;6;4;6;2;6;3;2;2;1;3;1;4;7;3;1;2;0;1;0;1;0;0;2;1;4;4;4;4;4;4;4;1;2;2;3;3;2;2;2;2;2;1;2;1;2;3;1;2;1;2;8;7;3;3;4;8;2;2;2;2;2;3;3;6;7;2;2;2;6;3;3;1;1;1;6;3;6;6;5;4;6;1;1;1;2;4;2;6;2;3;3;2;2;5;5;5;1;5;1;1;3;3;3;3;3;3;3;3;2;1;3;3;3;1;1;410009;410009;410009;1;3;2;2;3;1;3;4;1;1;2;2;2;3;2;3;8;6;4;8;5;4;7;5;5;5;7;6;6;2;2;2;3;2;3;4;1;1993;24;1;1;1;1;1;410;410;410;1;4;2;2390;6;0;3;2;-3;-3;3;2;3;2;6;-3;-3;-3;6;-3;2;2;3;4;2;0;100000020;410004;3;2;2;0.4977777777777778;0.663888888888889;0.5893055555555555;0.47111111111111115;0.5;0.33;0.66;0.49666666666666676;0.66;1.0;0.8333333333333334;0.8311111111111112;1.0;0.0;0.0;0.3333333333333333;0.33;0.33;0.33;0.33;1.0;1.0;1.0;1.0;0.5;0.0;0.66;0.3866666666666667;0.5555555555555556;0.5555555555555556;0.5555555555555556;0.5555555555555556;0.33;0.5;0.41500000000000004;0.41500000000000004;1.0;1.0;1.0;1.0;1.0;1.0;1.0;1.0;1.0;1.0;1.0;1.0;1;0;1;0;1;6;5;7;5;5;4;5;4;4;5;6;6;5;3;7;3;-3;-3;3;400;15000;5000;-3;4;1;-3;-3;-3;6;4;1;1;8;2;1;5;4;6;2;3;4;1;3;2;4;1;6;5;-3
"1-5-0 (2020-11-16)";"doi.org/10.14281/18241.1";2018;410;"KOR";732;"ROK";410070891;20180110;201712;201801;20.49;21.23;34;1;410030;410006;8;5;2;1;891;2390;"ko";3;2;1.0;0.8032128514056225;41453.815261044176;1;2;2;3;2;3;1;1;2;1;1;2;2;1;2;2;2;1;2;1;2;1;2;2;1;2;2;3;2;2;2;2;2;1;2;1;4;2;3;2;2;2;2;3;1;3;1;1;2;2;5;6;5;3;4;4;3;4;1;2;1;2;1;3;3;4;3;2;2;2;2;2;2;2;3;3;2;2;3;3;2;2;2;2;3;3;2;3;2;2;2;2;3;7;3;1;2;0;0;0;1;0;1;0;1;0;1;0;0;8;3;3;4;3;1;8;3;2;3;3;2;2;3;8;2;0;0;1;2;1;2;2;1;3;2;3;2;3;3;4;4;3;1;2;2;1;2;2;2;4;4;4;2;1;1;1;2;1;4;1;4;7;8;6;7;8;7;4;2;2;2;2;4;4;7;8;3;2;2;7;1;2;1;1;1;2;3;5;6;5;1;3;3;1;2;3;6;5;2;4;4;4;2;1;2;1;2;1;1;1;1;1;2;3;2;2;2;3;2;3;2;2;2;2;1;1;410002;410002;410002;2;4;3;4;3;3;2;3;2;2;1;1;1;4;1;3;1;10;7;10;8;1;7;6;2;10;10;7;7;1;2;1;1;1;2;3;1;1987;30;2;2;1;1;1;410;410;410;1;4;2;2390;6;0;6;3;-3;-3;3;2;3;2;1;-3;3;-3;6;1;2;2;3;4;2;0;100000020;410004;1;2;2;0.4425;0.5533333333333333;0.45967592592592593;0.3368518518518519;0.0;0.33;0.33;0.22;0.66;1.0;1.0;0.8866666666666667;1.0;0.0;0.0;0.3333333333333333;0.33;0.33;0.33;0.33;1.0;1.0;1.0;1.0;0.25;0.33;0.33;0.3033333333333334;0.1111111111111111;0.4444444444444444;0.5555555555555556;0.3703703703703704;0.33;0.0;0.165;0.165;1.0;1.0;1.0;1.0;1.0;1.0;1.0;1.0;1.0;1.0;1.0;1.0;0;0;1;0;0;6;6;6;5;6;6;5;5;6;5;5;7;4;7;4;6;1;5;3;600;25000;0;6;4;2;5;5;6;6;4;1;2;4;6;9;2;3;4;6;1;1;3;2;2;2;10;2;3;-3
"1-5-0 (2020-11-16)";"doi.org/10.14281/18241.1";2018;410;"KOR";732;"ROK";410070892;20180110;201712;201801;9.24;9.55;31;1;410030;410006;8;5;2;1;892;2390;"ko";3;1;1.0;0.8032128514056225;41453.815261044176;1;2;2;3;2;3;2;1;1;1;1;2;2;1;2;2;2;1;2;1;2;1;2;1;1;2;2;3;2;2;2;3;2;1;2;1;3;3;3;2;2;2;2;3;2;3;1;3;2;2;8;7;7;4;4;4;4;4;1;2;1;2;2;3;3;4;3;3;3;2;3;3;2;3;3;3;3;2;3;3;2;2;2;2;2;2;3;3;3;3;2;3;3;8;1;1;1;0;0;0;0;0;1;2;0;0;2;0;0;8;2;3;8;7;2;8;3;2;3;3;2;3;2;7;2;2;1;1;2;1;2;1;1;3;2;4;2;4;4;4;4;4;2;2;2;4;2;2;2;4;4;4;1;2;1;1;2;1;2;4;1;7;7;4;6;8;7;4;2;2;2;2;3;4;7;8;3;2;2;7;3;1;1;1;1;3;1;5;6;3;1;2;1;5;2;3;4;2;8;4;4;4;2;2;5;1;2;1;5;2;5;1;3;3;3;3;3;3;3;3;3;3;3;3;2;2;410001;410001;410001;2;4;2;3;2;2;3;3;2;2;2;1;2;4;1;4;9;8;3;8;9;2;8;7;7;7;7;7;7;2;2;1;1;1;2;3;1;1958;59;5;3;1;1;1;410;410;410;1;4;1;2390;1;2;3;2;3;2;1;1;1;1;1;5;6;-5;9;2;1;2;3;4;2;0;100000020;410004;1;2;2;0.49749999999999994;0.72;0.46893518518518523;0.35537037037037045;1.0;0.33;0.33;0.5533333333333333;0.66;1.0;1.0;0.8866666666666667;0.0;0.0;0.0;0.0;0.66;0.66;0.33;0.5499999999999999;1.0;1.0;1.0;1.0;0.25;0.33;0.33;0.3033333333333334;0.2222222222222222;0.4444444444444444;0.5555555555555556;0.40740740740740744;0.33;0.0;0.165;0.165;1.0;1.0;1.0;1.0;1.0;1.0;1.0;1.0;1.0;1.0;1.0;1.0;0;0;1;0;0;6;7;6;7;6;7;5;5;6;6;9;7;5;4;8;6;2;2;3;500;20000;5000;7;4;1;6;7;7;6;5;1;1;5;2;3;9;6;5;2;3;2;2;3;2;3;4;9;6;4
"1-5-0 (2020-11-16)";"doi.org/10.14281/18241.1";2018;410;"KOR";732;"ROK";410070893;20180110;201712;201801;9.41;10.03;21;1;410030;410006;8;5;2;1;893;2390;"ko";2;1;1.0;0.8032128514056225;41453.815261044176;2;2;2;3;1;3;2;2;2;1;1;1;2;1;1;2;2;1;2;1;2;1;2;1;2;1;2;2;2;3;3;2;4;2;2;1;2;1;3;3;2;4;3;2;2;2;1;2;2;2;6;7;6;4;4;4;4;4;2;1;1;2;2;3;3;3;1;2;2;2;3;2;2;1;2;3;2;2;2;2;3;1;2;3;3;3;2;2;3;3;2;2;1;7;3;1;2;0;0;0;0;0;0;0;0;0;0;0;0;7;5;4;4;6;1;6;2;2;3;3;3;2;2;6;4;2;2;1;1;2;1;1;1;2;3;3;2;3;3;4;4;3;1;1;2;1;2;2;2;2;2;1;1;1;1;2;1;1;3;2;1;8;8;5;7;8;8;5;2;2;2;2;3;3;7;8;3;2;2;7;3;3;3;3;2;3;2;1;4;4;2;6;1;1;1;1;2;3;7;3;2;2;4;3;5;2;5;1;3;1;5;1;3;3;3;3;3;3;3;3;3;3;3;3;1;1;410010;410010;410010;2;3;2;3;2;2;1;2;3;2;2;1;2;2;2;2;4;7;3;8;7;5;7;8;7;8;5;7;8;2;2;2;2;1;2;1;2;1983;34;2;2;1;1;1;410;410;410;1;4;1;2390;1;2;6;3;6;3;3;2;3;2;1;1;4;3;6;2;2;3;5;2;1;0;100000020;410004;1;1;0;0.6508333333333334;0.6366666666666667;0.357962962962963;0.38259259259259265;0.5;0.33;0.33;0.3866666666666667;0.66;1.0;1.0;0.8866666666666667;1.0;1.0;1.0;1.0;0.33;0.33;0.33;0.33;0.0;1.0;1.0;0.6666666666666666;0.75;0.33;0.66;0.5800000000000001;0.2222222222222222;0.0;0.3333333333333333;0.1851851851851852;0.0;0.0;0.0;0.0;1.0;1.0;1.0;1.0;1.0;1.0;1.0;1.0;1.0;1.0;1.0;1.0;0;0;0;1;0;7;6;7;6;6;6;7;7;7;6;7;7;7;8;8;3;1;3;5;450;34000;5000;8;2;1;8;7;8;7;5;1;1;1;8;7;6;4;1;8;3;5;1;2;2;2;7;6;4;4
"1-5-0 (2020-11-16)";"doi.org/10.14281/18241.1";2018;410;"KOR";732;"ROK";410070894;20180110;201712;201801;9.56;10.16;20;1;410041;410007;8;5;2;1;894;2390;"ko";1;1;1.0;0.8032128514056225;41453.815261044176;1;2;2;2;1;3;1;2;1;1;2;1;1;2;2;2;2;1;2;1;2;1;2;2;2;2;1;2;1;2;2;1;2;1;3;3;3;3;3;1;2;3;2;2;2;3;1;2;2;3;6;8;5;4;3;3;4;4;2;2;1;3;3;3;3;4;2;3;2;3;2;2;3;2;2;2;1;2;2;3;2;1;2;2;2;2;1;1;2;2;2;2;1;7;1;3;1;0;1;0;0;0;0;0;0;0;0;0;0;7;6;7;8;7;1;5;2;1;2;2;1;2;2;7;3;1;0;1;2;1;1;0;1;2;2;3;4;3;3;3;4;3;1;1;2;1;4;2;2;2;2;3;2;1;1;1;3;1;3;2;1;6;7;8;8;8;8;5;2;2;2;2;3;4;7;8;3;1;1;3;2;1;2;1;2;2;1;1;3;2;1;2;3;2;3;1;2;2;2;2;2;2;2;2;2;3;3;1;2;3;3;2;1;2;2;2;2;3;3;2;2;3;3;2;1;1;410001;410001;410001;1;2;2;1;2;2;1;2;1;2;2;2;3;2;3;2;3;4;7;6;7;6;7;5;4;6;7;6;7;2;2;1;1;1;3;3;1;1956;61;5;3;1;1;1;410;410;410;1;2;1;2390;1;2;3;2;3;2;0;1;0;1;1;5;10;-5;10;2;1;2;3;6;2;0;100000020;410004;2;1;0;0.5116666666666666;0.5816666666666667;0.22194444444444444;0.15222222222222223;0.5;0.33;0.0;0.27666666666666667;0.66;1.0;1.0;0.8866666666666667;0.0;0.0;1.0;0.3333333333333333;0.66;0.33;0.66;0.5499999999999999;0.0;0.0;1.0;0.3333333333333333;0.25;0.0;0.33;0.19333333333333336;0.1111111111111111;0.0;0.2222222222222222;0.1111111111111111;0.0;0.5;0.25;0.25;1.0;1.0;1.0;1.0;1.0;1.0;1.0;1.0;1.0;1.0;1.0;1.0;1;0;0;1;0;8;6;7;7;8;7;7;7;7;5;5;8;4;9;2;7;3;2;2;350;60000;5000;7;6;1;8;8;8;8;8;1;3;5;4;4;6;3;3;3;2;2;2;3;2;2;6;8;5;4
"1-5-0 (2020-11-16)";"doi.org/10.14281/18241.1";2018;410;"KOR";732;"ROK";410070895;20180110;201712;201801;10.08;10.28;20;1;410030;410006;8;5;2;1;895;2390;"ko";2;1;1.0;0.8032128514056225;41453.815261044176;2;1;2;2;2;4;1;2;2;2;2;1;1;2;1;1;2;1;2;1;2;1;1;1;1;1;1;2;2;3;2;2;3;3;2;1;2;1;3;3;2;1;2;3;2;1;1;2;1;1;8;7;8;4;4;4;4;4;3;2;2;3;3;3;4;3;3;2;2;2;3;2;2;2;2;3;3;3;3;3;2;3;2;2;1;1;3;3;3;2;3;2;2;7;2;1;2;0;0;0;0;0;0;0;0;0;0;0;0;6;6;4;4;4;1;7;2;1;2;3;2;1;4;5;3;2;2;1;2;1;1;1;2;2;1;4;3;3;4;4;4;3;2;2;2;2;1;2;2;3;3;3;2;2;1;1;3;4;2;2;4;7;8;6;5;7;8;3;2;2;2;2;3;3;7;8;3;1;2;7;2;1;1;3;2;1;3;3;4;5;2;5;2;2;3;2;3;3;4;3;3;4;4;3;5;2;5;1;1;1;5;1;3;3;3;3;3;3;3;2;3;3;3;3;3;3;410008;410008;410008;3;2;1;2;2;3;2;2;3;2;2;1;2;4;2;3;7;7;4;6;5;7;5;7;5;5;5;7;5;2;2;2;2;1;2;3;1;1997;20;1;1;1;1;1;410;410;410;1;4;2;2390;6;0;6;3;-3;-3;6;3;6;3;6;-3;-3;-3;5;-3;2;2;3;4;2;0;100000020;410004;4;3;-1;0.5683333333333334;0.6383333333333333;0.4412962962962963;0.34092592592592597;0.5;0.33;0.0;0.27666666666666667;1.0;1.0;1.0;1.0;0.0;1.0;1.0;0.6666666666666666;0.33;0.33;0.33;0.33;0.0;0.0;1.0;0.3333333333333333;0.5;0.33;0.66;0.49666666666666676;0.0;0.2222222222222222;0.3333333333333333;0.1851851851851852;1.0;0.5;0.75;0.75;1.0;1.0;1.0;1.0;1.0;1.0;1.0;1.0;1.0;1.0;1.0;1.0;1;1;1;1;0;8;8;7;8;7;6;5;5;6;7;8;8;7;7;5;5;-3;-3;3;550;43000;2500;-3;4;1;-3;-3;-3;8;5;1;1;9;2;8;6;7;9;2;3;7;2;1;1;2;8;6;7;-3
"1-5-0 (2020-11-16)";"doi.org/10.14281/18241.1";2018;410;"KOR";732;"ROK";410070896;20180110;201712;201801;10.09;10.3;21;1;410011;410001;8;5;1;1;896;2390;"ko";1;1;1.0;0.8032128514056225;41453.815261044176;1;1;2;3;3;1;1;2;1;2;2;1;1;2;1;2;2;1;2;1;2;2;1;2;2;2;2;2;2;4;3;2;2;1;1;1;2;1;4;2;3;2;3;3;2;1;1;1;2;2;7;6;6;4;4;4;4;4;1;1;1;2;1;3;3;3;1;3;2;2;3;4;3;3;2;3;2;1;2;1;1;3;2;3;4;4;1;3;4;2;3;1;1;4;3;3;1;2;1;2;0;0;0;0;0;0;2;0;0;3;8;7;4;4;1;5;2;3;2;2;3;2;2;4;4;2;2;0;0;0;2;0;1;2;1;4;4;4;4;4;4;4;1;1;2;2;1;2;2;2;4;3;2;2;1;2;4;3;1;1;2;6;4;6;4;4;7;7;1;1;1;1;2;3;1;1;1;1;1;4;4;6;5;3;4;2;2;1;3;2;4;3;2;1;2;1;1;3;4;3;3;4;3;2;5;1;2;1;5;2;5;1;1;2;2;3;1;2;3;2;1;2;3;3;3;2;410002;410002;410002;1;3;3;3;2;1;4;4;1;3;2;2;2;4;3;3;3;4;3;9;4;3;8;3;2;9;9;7;7;2;1;1;2;1;3;3;2;1957;60;5;3;1;1;1;410;410;410;1;3;1;2390;1;3;3;2;3;2;1;1;1;1;5;3;-3;10;4;-3;2;1;2;5;2;2;20000000;410004;1;1;-1;0.4708333333333334;0.055;0.24277777777777776;0.3188888888888889;0.0;0.0;0.33;0.11;0.0;0.0;0.0;0.0;1.0;1.0;1.0;1.0;0.66;1.0;0.66;0.7733333333333334;0.0;0.0;1.0;0.3333333333333333;0.25;0.33;1.0;0.5266666666666667;0.1111111111111111;0.0;0.2222222222222222;0.1111111111111111;0.0;0.0;0.0;0.0;1.0;1.0;1.0;1.0;1.0;1.0;1.0;1.0;1.0;1.0;1.0;1.0;0;0;0;0;1;6;6;4;6;5;6;4;4;5;4;3;5;5;5;7;7;-3;-3;2;460;88000;4000;-3;5;1;-3;-3;-3;7;5;1;2;6;7;8;5;5;7;6;2;1;3;2;2;2;8;4;5;4
"1-5-0 (2020-11-16)";"doi.org/10.14281/18241.1";2018;410;"KOR";732;"ROK";410070897;20180110;201712;201801;10.22;10.42;20;1;410030;410006;8;5;2;1;897;2390;"ko";2;1;1.0;0.8032128514056225;41453.815261044176;1;2;2;2;1;3;2;1;2;1;2;1;1;1;2;2;2;1;1;1;2;1;2;1;2;1;2;2;3;2;2;3;2;1;3;3;3;3;2;3;3;3;1;2;3;2;1;3;2;3;6;6;6;4;4;4;4;4;2;2;2;4;3;4;4;4;3;3;3;2;3;3;3;4;2;3;3;3;3;2;2;2;3;3;2;2;3;3;3;3;2;3;3;7;1;1;2;0;0;0;0;0;0;0;0;0;0;0;0;5;7;5;7;5;2;7;3;3;2;3;2;2;2;6;3;1;1;1;1;2;2;1;1;3;2;3;3;4;3;3;3;4;2;2;2;2;1;2;2;4;4;4;1;2;1;3;4;2;4;2;3;7;5;5;6;7;8;4;2;2;2;2;4;4;7;8;3;1;1;4;1;2;1;3;2;2;1;5;5;2;1;6;1;3;4;2;1;2;3;3;4;4;2;2;5;1;2;1;5;2;5;5;3;3;3;3;3;3;3;3;3;3;3;3;2;1;410002;410002;410002;2;2;3;3;2;3;2;4;2;2;2;1;2;4;1;3;4;7;4;7;7;5;7;8;5;6;5;6;5;2;3;2;2;3;2;2;2;1962;55;5;3;1;1;1;410;410;410;1;5;1;2390;1;3;3;2;6;3;2;1;2;1;5;1;-3;3;6;-3;2;2;3;4;2;0;100000020;410004;5;3;2;0.8025000000000001;0.7750000000000001;0.6033333333333333;0.37333333333333335;1.0;0.66;0.33;0.6633333333333334;0.66;1.0;1.0;0.8866666666666667;1.0;1.0;1.0;1.0;0.66;0.66;0.66;0.66;1.0;0.0;1.0;0.6666666666666666;0.25;0.66;0.33;0.4133333333333334;0.1111111111111111;0.4444444444444444;0.4444444444444444;0.3333333333333333;1.0;1.0;1.0;1.0;1.0;1.0;1.0;1.0;1.0;1.0;1.0;1.0;1.0;1.0;1.0;1.0;1;1;1;1;1;6;5;6;6;7;7;6;7;6;5;5;6;5;5;7;6;-3;-3;3;600;37000;1000;-3;5;1;-3;-3;-3;6;6;1;1;2;1;9;7;5;2;1;4;1;1;1;1;1;9;7;5;4
"1-5-0 (2020-11-16)";"doi.org/10.14281/18241.1";2018;410;"KOR";732;"ROK";410070898;20180110;201712;201801;10.37;10.57;20;1;410030;410006;8;5;2;1;898;2390;"ko";2;1;1.0;0.8032128514056225;41453.815261044176;1;2;2;2;1;2;1;1;1;1;1;2;2;2;2;2;2;1;2;1;1;1;1;1;2;1;1;2;2;1;2;2;2;1;3;3;3;3;2;3;2;2;2;3;3;1;1;2;2;2;7;7;7;4;4;4;4;4;3;2;2;2;2;4;4;4;1;2;2;2;3;3;2;2;3;2;3;2;3;2;4;2;3;2;3;3;2;2;2;3;3;2;2;7;3;1;2;0;0;0;0;0;0;0;0;0;0;0;0;7;4;5;5;5;2;7;1;2;2;3;2;1;4;5;2;2;2;1;2;2;1;1;1;2;2;4;4;3;3;4;4;3;2;2;2;2;2;2;2;3;3;4;1;2;1;4;3;1;3;1;3;7;5;5;8;7;7;8;1;1;1;1;3;3;1;2;1;2;2;7;2;1;1;1;2;1;1;1;3;3;1;4;1;3;1;3;2;2;4;2;3;3;2;2;5;1;2;1;1;1;5;1;3;3;2;2;2;3;2;2;2;3;3;2;1;1;410002;410002;410002;1;2;3;2;2;2;1;2;2;3;2;1;2;3;2;3;3;7;6;7;6;5;5;7;5;7;6;6;6;2;1;2;1;2;1;3;1;1965;52;4;3;1;1;1;410;410;410;1;5;1;2390;1;3;6;3;6;3;3;2;3;2;1;5;3;-5;3;2;1;2;3;5;2;2;20000000;410004;2;1;1;0.2625;0.13833333333333334;0.37935185185185183;0.1337037037037037;0.5;0.0;0.0;0.16666666666666666;0.33;0.0;0.0;0.11;0.0;0.0;1.0;0.3333333333333333;0.33;0.66;0.33;0.44;1.0;1.0;1.0;1.0;0.25;0.33;0.0;0.19333333333333336;0.0;0.0;0.2222222222222222;0.07407407407407407;0.0;0.5;0.25;0.25;1.0;1.0;1.0;1.0;1.0;1.0;1.0;1.0;1.0;1.0;1.0;1.0;1;0;0;0;1;8;5;5;6;7;6;7;5;7;4;6;7;7;7;8;5;1;3;3;600;45000;0;7;3;1;8;7;8;6;4;1;1;3;1;8;6;5;3;1;2;1;1;2;2;2;8;6;5;4
"1-5-0 (2020-11-16)";"doi.org/10.14281/18241.1";2018;410;"KOR";732;"ROK";410070899;20180110;201712;201801;10.39;12.09;90;1;410044;410012;7;4;3;1;899;2390;"ko";3;1;1.0;0.8032128514056225;41453.815261044176;1;2;2;4;4;4;1;1;2;1;2;1;1;2;2;2;2;1;2;1;2;1;2;1;2;2;2;3;3;3;3;4;3;3;3;3;4;2;4;4;1;1;2;3;2;1;1;3;2;2;8;4;7;4;4;4;4;4;3;2;1;3;2;3;3;3;3;3;2;2;3;2;2;3;3;3;3;3;2;3;2;2;3;3;3;3;2;3;2;3;2;2;2;10;3;1;2;0;0;0;0;0;0;0;0;0;0;0;0;10;10;5;7;4;2;10;2;2;2;2;2;2;3;7;3;1;2;0;2;0;2;1;1;1;2;4;4;4;4;4;4;4;2;2;2;3;2;2;2;2;3;3;1;1;1;1;4;1;4;2;1;7;7;7;5;4;7;4;2;1;1;1;4;4;7;8;3;1;1;5;1;1;1;1;1;6;1;1;10;8;1;1;1;2;1;1;1;1;7;2;4;4;4;3;5;2;5;1;3;1;1;1;2;2;2;2;3;3;3;2;3;3;3;3;1;1;-2;-2;-2;1;3;2;3;2;3;2;4;1;2;1;2;3;4;1;4;1;7;1;10;6;5;10;1;3;10;10;8;6;2;1;2;2;2;2;3;1;1998;19;1;1;1;1;1;410;410;410;1;5;2;2390;6;0;3;2;-3;-3;3;2;6;3;6;-3;-3;-3;4;-3;2;1;3;6;2;0;100000020;410004;2;2;1;0.4708333333333333;0.7216666666666667;0.489212962962963;0.5625925925925926;1.0;0.0;0.33;0.44333333333333336;1.0;1.0;1.0;1.0;0.0;0.0;0.0;0.0;0.66;0.33;0.33;0.44;1.0;0.0;1.0;0.6666666666666666;0.5;0.66;0.66;0.6066666666666668;0.5555555555555556;0.0;1.0;0.5185185185185185;0.33;0.0;0.165;0.165;1.0;1.0;1.0;1.0;1.0;1.0;1.0;1.0;1.0;1.0;1.0;1.0;0;0;1;1;0;7;5;5;5;3;4;4;4;4;4;4;8;3;5;3;5;-3;-3;3;600;30000;2000;-3;2;1;-3;-3;-3;10;5;1;2;5;5;5;1;5;5;5;1;3;2;3;2;2;7;3;5;-3
"1-5-0 (2020-11-16)";"doi.org/10.14281/18241.1";2018;410;"KOR";732;"ROK";410070900;20180110;201712;201801;10.43;11.14;31;1;410011;410001;8;5;1;1;900;2390;"ko";1;1;1.0;0.8032128514056225;41453.815261044176;1;1;1;3;3;3;1;2;2;1;2;1;1;1;2;2;2;1;2;1;2;1;2;2;2;2;2;2;2;4;2;2;2;1;1;1;3;3;3;2;1;2;3;2;1;1;1;2;2;2;8;7;5;4;4;4;4;4;1;2;1;2;2;3;3;3;3;4;2;3;3;2;1;2;3;2;2;1;2;2;1;2;1;3;2;2;2;3;4;2;2;3;2;5;3;1;2;0;2;2;0;0;0;0;0;0;2;0;0;7;3;8;3;8;1;4;2;3;2;3;2;2;4;4;3;1;2;1;1;0;1;2;1;3;2;4;3;4;4;4;3;4;1;1;2;2;1;2;2;2;2;3;1;2;1;2;1;1;3;1;4;7;6;7;4;6;5;5;1;2;2;2;3;4;6;7;3;1;2;4;4;6;5;3;4;5;4;3;6;3;4;6;4;2;2;1;2;3;6;4;4;4;3;2;5;1;2;1;5;1;1;1;1;2;2;3;1;2;3;2;1;2;3;2;3;3;410008;410008;410008;1;3;3;4;2;1;4;4;2;2;2;2;2;4;4;4;4;4;3;9;4;2;9;3;2;8;8;8;7;3;3;1;3;3;4;4;2;1970;47;4;2;1;1;1;410;410;410;1;5;3;2390;1;2;5;3;6;3;3;2;3;2;5;1;-3;1;3;-3;2;1;2;6;2;0;100000020;410004;0;1;1;0.6927777777777778;0.663888888888889;0.3168518518518519;0.4670370370370371;0.5;0.66;0.33;0.49666666666666676;0.66;1.0;0.8333333333333334;0.8311111111111112;1.0;1.0;1.0;1.0;1.0;0.33;0.0;0.44333333333333336;0.0;0.0;1.0;0.3333333333333333;0.25;0.33;1.0;0.5266666666666667;0.4444444444444444;0.2222222222222222;0.5555555555555556;0.40740740740740744;0.0;0.0;0.0;0.0;1.0;1.0;1.0;1.0;1.0;1.0;1.0;1.0;1.0;1.0;1.0;1.0;0;0;0;0;0;7;6;7;5;4;5;3;4;4;4;5;8;3;5;7;7;-3;-3;2;520;53000;0;-3;5;1;-3;-3;-3;7;6;1;1;5;6;5;5;9;8;7;1;3;2;3;2;3;7;5;9;4
"1-5-0 (2020-11-16)";"doi.org/10.14281/18241.1";2018;410;"KOR";732;"ROK";410070901;20180110;201712;201801;10.52;11.12;20;1;410030;410006;8;5;2;1;901;2390;"ko";2;1;1.0;0.8032128514056225;41453.815261044176;2;1;2;2;2;3;2;1;2;1;2;1;1;1;2;2;2;1;1;1;2;1;2;1;2;1;2;2;2;1;2;2;2;1;2;1;3;3;3;3;3;2;2;3;3;2;2;1;1;2;8;8;7;4;4;4;4;4;3;1;2;2;2;3;3;2;2;3;2;2;2;3;2;2;2;1;2;2;1;2;3;2;2;3;2;2;1;2;2;3;3;2;2;7;2;1;2;0;0;0;0;0;0;0;0;0;0;0;0;7;7;8;7;4;2;7;3;3;2;2;3;2;3;6;4;2;2;2;1;1;2;1;1;3;2;3;4;3;3;4;3;3;2;2;2;1;2;2;2;3;3;2;2;1;1;1;3;3;2;1;2;8;8;6;6;7;6;4;2;2;2;2;4;4;7;8;3;2;2;5;2;3;1;4;3;2;2;6;4;2;1;3;1;3;1;1;2;4;4;2;3;4;3;3;5;1;2;1;1;1;2;1;3;3;3;3;2;3;3;3;3;3;3;3;1;1;410001;410001;410001;3;2;3;3;2;2;2;4;1;2;1;1;1;4;2;2;7;8;4;8;8;7;8;7;5;8;8;6;7;2;2;1;2;2;1;1;2;1970;47;4;2;1;1;1;410;410;410;1;4;1;2390;1;2;6;3;6;3;3;2;2;1;1;1;3;3;5;2;2;3;3;5;2;0;100000020;410004;3;2;2;0.6641666666666666;0.5533333333333333;0.40208333333333335;0.2633333333333333;0.0;0.33;0.33;0.22;0.66;1.0;1.0;0.8866666666666667;1.0;1.0;1.0;1.0;0.66;0.66;0.33;0.5499999999999999;1.0;0.0;1.0;0.6666666666666666;0.25;0.33;0.0;0.19333333333333336;0.1111111111111111;0.5555555555555556;0.3333333333333333;0.3333333333333333;0.33;0.5;0.41500000000000004;0.41500000000000004;1.0;1.0;1.0;1.0;1.0;1.0;1.0;1.0;1.0;1.0;1.0;1.0;1;0;1;0;1;8;8;8;8;7;6;7;6;7;8;6;8;8;5;8;6;1;4;3;650;37000;0;8;4;1;8;8;8;7;5;1;1;4;2;7;8;3;4;2;4;2;2;3;2;3;7;8;3;4
"1-5-0 (2020-11-16)";"doi.org/10.14281/18241.1";2018;410;"KOR";732;"ROK";410070902;20180110;201712;201801;10.57;11.43;46;1;410041;410007;8;5;2;1;902;2390;"ko";2;1;1.0;0.8032128514056225;41453.815261044176;1;1;2;2;1;2;2;1;1;1;2;1;1;2;2;2;2;1;2;1;2;2;2;2;2;2;2;2;1;1;2;2;1;1;2;1;1;1;2;3;2;2;1;2;1;3;1;2;2;1;7;8;8;4;4;4;4;4;1;1;1;1;3;3;3;4;1;1;2;2;2;2;2;2;1;3;2;2;1;2;2;2;3;2;2;2;1;2;2;2;3;2;2;7;1;1;3;0;0;0;0;0;0;0;0;0;0;0;0;6;7;7;7;8;2;6;2;3;2;3;2;2;2;6;2;1;0;1;1;0;1;1;1;3;2;3;3;3;2;3;3;2;1;1;2;1;1;2;2;2;3;2;1;2;1;1;3;1;4;2;3;6;7;7;5;7;7;8;1;1;1;1;2;2;2;2;2;1;1;4;3;3;2;1;1;4;4;3;2;2;2;5;1;1;1;2;2;1;3;2;1;1;3;3;5;3;2;1;2;3;4;3;2;2;3;2;2;3;3;2;2;3;3;2;3;3;-2;-2;-2;2;3;2;1;2;2;2;2;1;2;1;1;3;3;3;2;6;4;6;7;6;5;5;5;7;6;6;5;7;3;3;1;1;1;2;3;1;1980;37;3;2;1;1;1;410;410;410;1;2;1;2390;1;0;7;3;7;3;3;2;3;2;1;1;3;3;5;1;1;1;3;7;2;0;100000020;410004;4;2;1;0.38722222222222225;0.4977777777777779;0.3259722222222222;0.1111111111111111;0.5;0.66;0.33;0.49666666666666676;0.33;1.0;0.16666666666666666;0.49888888888888894;1.0;0.0;0.0;0.3333333333333333;0.0;0.33;0.33;0.22;1.0;0.0;1.0;0.6666666666666666;0.0;0.0;0.0;0.0;0.3333333333333333;0.2222222222222222;0.1111111111111111;0.2222222222222222;0.33;0.5;0.41500000000000004;0.41500000000000004;1.0;1.0;1.0;1.0;1.0;1.0;1.0;1.0;1.0;1.0;1.0;1.0;1;0;1;1;1;7;6;8;7;8;7;6;7;6;5;7;8;6;5;6;7;1;6;2;500;20000;0;7;6;2;7;8;9;8;8;1;2;3;3;7;5;3;3;3;2;7;3;3;2;3;7;5;5;4
"1-5-0 (2020-11-16)";"doi.org/10.14281/18241.1";2018;410;"KOR";732;"ROK";410070903;20180110;201712;201801;11.07;11.28;21;1;410030;410006;8;5;2;1;903;2390;"ko";2;1;1.0;0.8032128514056225;41453.815261044176;2;2;1;3;1;4;1;1;1;1;2;2;1;2;2;2;2;1;2;1;1;1;2;1;2;1;1;2;2;2;1;2;3;3;2;1;2;1;2;3;2;3;2;3;3;2;1;2;2;2;7;6;7;4;4;4;4;4;1;2;1;2;3;2;3;3;2;2;2;3;1;2;2;3;2;3;2;2;2;3;2;2;3;2;2;2;2;2;3;2;3;3;2;7;1;1;3;0;0;0;0;0;0;0;0;0;0;0;0;4;4;5;4;6;2;7;3;3;3;3;3;2;3;4;4;2;2;2;2;1;2;1;1;2;3;3;3;2;3;3;4;3;2;2;2;1;1;2;2;2;3;3;1;1;2;1;3;1;4;2;3;8;8;6;8;6;7;3;2;2;2;2;4;4;7;8;3;2;2;4;3;4;1;3;4;3;2;3;4;5;2;4;1;1;3;3;2;3;3;4;4;4;3;3;5;1;5;1;1;1;5;1;3;3;3;3;3;3;3;3;3;3;3;3;2;1;410002;410002;410002;1;2;2;3;2;2;1;4;2;1;2;2;2;4;1;4;3;8;2;8;8;7;7;7;6;7;8;6;6;1;2;1;2;1;2;3;2;1989;28;2;1;1;1;1;410;410;410;1;1;1;2390;6;0;6;3;-3;-3;3;2;3;2;1;-3;3;-3;3;2;1;3;5;2;1;0;100000020;410004;4;2;1;0.6516666666666666;0.6383333333333333;0.4318981481481482;0.322962962962963;0.5;0.33;0.0;0.27666666666666667;1.0;1.0;1.0;1.0;1.0;1.0;1.0;1.0;0.33;0.33;0.33;0.33;1.0;0.0;1.0;0.6666666666666666;0.5;0.33;0.33;0.3866666666666667;0.2222222222222222;0.2222222222222222;0.3333333333333333;0.25925925925925924;0.33;0.5;0.41500000000000004;0.41500000000000004;1.0;1.0;1.0;1.0;1.0;1.0;1.0;1.0;1.0;1.0;1.0;1.0;1;0;1;1;1;6;5;7;7;6;7;4;4;7;5;5;7;7;4;8;4;1;5;5;220;15000;3000;7;2;3;8;7;8;5;3;1;1;2;1;8;7;5;2;1;4;1;1;2;2;1;8;7;5;-3
"1-5-0 (2020-11-16)";"doi.org/10.14281/18241.1";2018;410;"KOR";732;"ROK";410070904;20180110;201712;201801;11.1;11.45;35;1;410041;410007;8;5;2;1;904;2390;"ko";2;1;1.0;0.8032128514056225;41453.815261044176;1;1;2;2;1;3;2;1;2;1;1;2;1;1;2;2;2;1;2;1;2;1;2;2;2;2;3;3;2;3;3;2;3;3;2;1;2;1;4;2;3;1;2;2;2;3;1;3;2;1;6;6;6;4;4;4;4;4;1;1;1;2;2;3;3;3;2;3;3;3;3;3;3;3;3;4;3;3;2;3;2;2;2;2;2;2;2;2;2;2;2;2;2;8;3;3;2;0;0;0;0;0;0;0;0;0;0;0;0;9;2;5;3;3;2;8;2;2;2;2;2;2;3;8;4;2;2;2;0;0;2;1;1;1;2;4;2;4;4;4;4;3;2;2;2;3;3;2;2;3;3;3;2;2;1;1;2;3;1;1;2;7;8;7;2;2;9;3;2;2;2;2;3;3;7;8;3;2;2;5;3;2;2;3;3;3;2;3;8;7;5;7;2;1;1;3;5;2;5;3;3;3;3;2;2;1;1;1;1;1;1;1;2;2;2;2;2;3;3;3;3;3;3;3;2;2;-2;-2;-2;2;3;3;4;3;2;3;4;2;2;1;2;3;4;1;4;5;5;2;10;6;1;10;5;5;9;10;6;6;2;2;1;1;1;2;2;1;1978;39;3;2;1;1;1;410;410;410;1;1;1;2390;6;0;5;3;-3;-3;1;1;2;1;1;-3;4;-3;8;2;1;1;3;5;2;0;100000020;410004;1;1;2;0.8025000000000001;0.7750000000000001;0.47601851851851856;0.4520370370370371;1.0;0.33;0.66;0.6633333333333334;0.66;1.0;1.0;0.8866666666666667;1.0;1.0;1.0;1.0;0.66;0.66;0.66;0.66;1.0;1.0;1.0;1.0;0.5;0.33;0.66;0.49666666666666676;0.2222222222222222;0.2222222222222222;0.7777777777777778;0.40740740740740744;0.0;0.0;0.0;0.0;1.0;1.0;1.0;1.0;1.0;1.0;1.0;1.0;1.0;1.0;1.0;1.0;0;0;0;0;1;7;5;5;5;3;5;3;3;8;6;6;8;6;8;4;3;1;7;3;250;10000;0;8;5;2;8;8;5;8;6;1;3;5;2;7;5;5;5;5;2;1;2;1;2;2;7;2;5;-3
"1-5-0 (2020-11-16)";"doi.org/10.14281/18241.1";2018;410;"KOR";732;"ROK";410070905;20180110;201712;201801;11.16;11.36;20;1;410011;410001;8;5;1;1;905;2390;"ko";1;1;1.0;0.8032128514056225;41453.815261044176;1;2;3;3;3;4;1;2;2;1;1;1;2;1;2;2;2;1;1;1;1;1;2;1;2;2;2;3;3;4;2;2;3;3;1;1;3;3;4;2;2;3;2;3;2;1;2;1;1;1;8;6;7;4;4;4;4;4;3;1;1;2;1;3;4;3;2;3;1;3;3;2;2;1;2;1;1;1;1;2;2;3;3;2;4;4;2;3;4;4;1;1;2;3;3;1;2;0;1;2;0;1;1;0;0;1;2;1;0;8;3;8;5;8;1;4;3;2;2;3;2;1;2;7;3;2;2;2;0;1;2;0;2;2;1;4;4;4;4;4;4;4;2;1;2;2;3;2;2;2;3;3;1;1;1;2;1;3;2;2;1;8;7;7;5;3;7;5;1;2;2;2;4;4;6;8;2;1;1;6;4;5;2;4;5;2;2;4;5;4;3;6;4;3;4;2;3;2;4;4;4;4;2;2;2;1;5;1;5;1;2;1;2;2;2;3;1;2;3;2;1;1;2;2;3;2;410009;410009;410009;2;3;2;3;2;2;3;3;1;2;1;1;3;3;3;4;6;2;3;7;3;2;8;2;1;8;9;7;8;1;1;1;1;1;3;2;2;1958;59;5;3;1;1;1;410;410;410;1;5;3;2390;1;2;6;3;6;3;3;2;3;2;5;1;-3;1;1;-3;2;1;2;5;2;0;100000020;410004;2;2;1;0.6236111111111111;0.5272222222222223;0.46199074074074076;0.5081481481481482;0.0;0.0;0.33;0.11;1.0;1.0;0.8333333333333334;0.9444444444444445;1.0;1.0;1.0;1.0;0.66;0.33;0.33;0.44;0.0;1.0;1.0;0.6666666666666666;0.5;0.66;1.0;0.7200000000000001;0.1111111111111111;0.3333333333333333;0.4444444444444444;0.2962962962962963;0.33;0.0;0.165;0.165;1.0;1.0;1.0;1.0;1.0;1.0;1.0;1.0;1.0;1.0;1.0;1.0;0;0;1;1;0;8;6;7;5;6;5;6;4;6;4;5;8;5;7;7;7;-3;-3;1;520;168000;10000;-3;6;1;-3;-3;-3;7;7;1;2;9;5;6;5;6;9;5;3;4;1;2;1;3;5;5;6;4
"1-5-0 (2020-11-16)";"doi.org/10.14281/18241.1";2018;410;"KOR";732;"ROK";410070906;20180110;201712;201801;11.25;11.46;21;1;410030;410006;8;5;2;1;906;2390;"ko";1;1;1.0;0.8032128514056225;41453.815261044176;1;1;1;2;1;2;1;2;1;2;1;2;1;2;1;2;2;1;2;1;2;1;2;1;2;1;1;3;3;2;2;2;2;1;3;3;3;3;2;2;3;2;2;3;3;3;1;3;2;2;7;7;5;4;4;4;4;4;1;2;1;2;2;3;3;3;1;3;2;2;2;3;2;3;2;2;2;2;3;3;2;2;2;2;3;3;2;2;3;3;2;2;2;7;2;1;2;2;0;0;0;0;0;0;0;0;0;0;0;4;7;4;7;7;1;4;3;3;2;2;3;2;4;5;3;1;1;2;2;1;2;1;1;3;2;3;4;3;3;4;4;4;2;2;2;2;2;2;2;2;3;3;1;2;1;3;4;2;4;3;1;8;8;4;6;3;6;7;1;1;1;1;3;3;1;3;1;1;2;7;3;3;1;1;2;1;1;3;3;2;1;3;1;3;2;2;4;3;3;3;3;3;2;2;5;1;5;1;1;1;5;1;3;3;3;3;3;3;3;3;3;3;3;3;1;1;410002;410002;410002;2;3;2;2;2;3;1;2;3;2;1;1;3;4;2;4;3;8;3;8;8;3;8;7;4;7;7;8;8;2;2;2;2;1;1;3;1;1973;44;3;2;1;1;1;410;410;410;1;5;1;2390;1;3;3;2;3;2;2;1;2;1;1;5;4;-5;1;3;1;2;3;3;1;2;20000000;410004;4;3;-1;0.4425;0.27666666666666667;0.557037037037037;0.28074074074074074;1.0;0.33;0.0;0.44333333333333336;0.33;0.0;0.0;0.11;1.0;0.0;1.0;0.6666666666666666;0.66;0.66;0.33;0.5499999999999999;0.0;1.0;1.0;0.6666666666666666;0.25;0.66;0.33;0.4133333333333334;0.0;0.2222222222222222;0.2222222222222222;0.14814814814814814;1.0;1.0;1.0;1.0;1.0;1.0;1.0;1.0;1.0;1.0;1.0;1.0;1.0;1.0;1.0;1.0;1;1;1;1;0;7;5;5;7;6;5;4;4;4;4;5;6;6;6;8;7;1;2;3;500;29000;2000;7;3;2;8;8;6;5;3;1;1;3;1;9;7;8;3;1;2;1;1;1;1;1;9;7;8;4
"1-5-0 (2020-11-16)";"doi.org/10.14281/18241.1";2018;410;"KOR";732;"ROK";410070907;20180110;201712;201801;11.38;12.01;23;1;410026;410002;8;5;2;1;907;2390;"ko";2;1;1.0;0.8032128514056225;41453.815261044176;1;2;2;3;2;3;2;1;1;1;2;1;2;1;2;2;2;1;2;1;2;1;2;2;2;2;2;2;3;3;3;3;4;2;1;1;4;2;3;2;2;2;3;4;2;1;1;3;2;2;7;7;5;4;4;4;4;4;1;2;1;3;2;4;3;3;3;3;3;3;3;2;2;3;3;4;3;3;3;3;3;3;3;4;3;3;3;3;3;3;3;2;3;7;3;1;2;0;0;0;0;0;0;0;0;0;0;0;1;7;5;7;4;7;2;7;2;3;2;2;3;3;4;7;3;2;1;2;2;1;2;1;2;2;2;4;3;4;3;4;3;3;2;2;2;2;2;2;2;3;2;4;1;1;1;1;2;3;4;1;3;8;8;4;3;8;8;4;2;2;2;2;4;4;6;7;2;2;2;4;3;3;2;2;2;3;2;2;6;5;2;2;1;1;2;4;2;2;6;2;3;3;3;3;5;2;5;2;1;1;2;2;1;2;2;3;3;3;3;3;3;3;3;3;2;2;-2;-2;-2;2;3;2;3;3;1;3;3;3;2;2;4;4;4;1;4;4;7;2;10;7;1;9;4;5;9;9;7;7;2;3;2;2;2;4;4;1;1993;24;1;1;1;1;1;410;410;410;1;4;2;2390;6;0;3;2;-3;-3;3;2;6;3;2;-3;3;-3;3;2;2;2;5;4;2;7;70000000;410004;2;2;2;0.7336111111111111;0.7472222222222223;0.4544907407407407;0.4931481481481482;1.0;0.66;0.33;0.6633333333333334;0.66;1.0;0.8333333333333334;0.8311111111111112;1.0;1.0;1.0;1.0;0.66;0.33;0.33;0.44;1.0;0.0;1.0;0.6666666666666666;0.75;0.66;0.66;0.6900000000000001;0.2222222222222222;0.1111111111111111;0.5555555555555556;0.29629629629629634;0.33;0.0;0.165;0.165;1.0;1.0;1.0;1.0;1.0;1.0;1.0;1.0;1.0;1.0;1.0;1.0;0;0;1;0;1;8;6;3;6;4;3;3;3;4;3;4;7;3;7;6;7;2;3;5;180;25000;19000;6;3;1;6;6;4;7;1;1;1;3;3;7;4;3;3;3;2;7;3;2;3;2;6;3;3;-3
"1-5-0 (2020-11-16)";"doi.org/10.14281/18241.1";2018;410;"KOR";732;"ROK";410070908;20180110;201712;201801;11.43;12.04;21;1;410030;410006;8;5;2;1;908;2390;"ko";2;1;1.0;0.8032128514056225;41453.815261044176;1;2;2;2;2;3;1;1;1;2;2;2;1;1;2;2;2;1;2;1;2;1;2;1;2;2;1;3;3;4;3;2;4;2;2;1;4;2;5;2;2;2;2;3;3;2;2;3;3;3;6;4;4;4;4;4;4;4;1;2;2;3;4;3;3;3;3;3;3;2;4;3;3;3;2;3;3;2;3;2;2;2;3;3;3;3;3;4;2;3;3;2;3;4;3;1;2;0;0;0;0;0;0;0;0;0;0;0;0;4;7;2;4;5;2;7;3;3;3;4;4;2;2;6;2;2;1;1;2;2;1;1;2;3;2;3;4;3;3;4;4;3;2;2;2;2;1;2;2;1;3;3;1;1;2;3;1;2;3;1;2;5;5;7;7;7;6;4;2;2;2;2;4;4;7;8;3;1;1;3;3;3;1;2;3;1;1;4;3;3;2;5;1;2;1;3;3;2;4;4;4;4;2;2;5;1;5;1;5;2;5;5;3;3;3;3;3;3;2;2;3;3;2;3;1;1;410002;410002;410002;2;2;2;3;2;2;2;3;2;2;2;3;3;4;2;4;4;8;3;7;8;4;8;6;4;7;9;7;7;2;2;2;2;1;2;2;2;1955;62;5;3;1;1;1;410;410;410;1;3;1;2390;1;1;3;2;3;2;2;1;2;1;5;1;-3;4;9;-3;2;3;3;4;2;0;100000020;410004;3;2;2;0.7475;0.665;0.6212962962962962;0.4942592592592593;1.0;0.33;0.0;0.44333333333333336;0.66;1.0;1.0;0.8866666666666667;1.0;1.0;1.0;1.0;0.66;0.66;0.66;0.66;1.0;0.0;1.0;0.6666666666666666;0.75;0.66;1.0;0.8033333333333333;0.0;0.3333333333333333;0.2222222222222222;0.1851851851851852;0.66;1.0;0.8300000000000001;0.8300000000000001;1.0;1.0;1.0;1.0;1.0;1.0;1.0;1.0;1.0;1.0;1.0;1.0;1;1;0;0;1;4;6;6;5;5;4;3;4;4;4;3;4;4;3;6;4;-3;-3;3;500;41000;4000;-3;3;1;-3;-3;-3;5;4;1;1;4;1;8;7;3;4;1;2;1;2;2;2;2;8;7;3;4
"1-5-0 (2020-11-16)";"doi.org/10.14281/18241.1";2018;410;"KOR";732;"ROK";410070909;20180110;201712;201801;11.53;12.13;20;1;410011;410001;8;5;1;1;909;2390;"ko";3;1;1.0;0.8032128514056225;41453.815261044176;1;1;2;3;2;2;1;2;2;1;1;2;2;1;1;2;2;1;2;1;2;1;2;1;2;2;1;3;4;4;3;3;4;2;1;1;3;3;3;4;3;2;3;4;3;1;1;1;2;2;7;7;5;4;4;4;4;4;3;2;1;3;2;3;4;4;2;3;3;4;3;3;3;2;3;3;2;1;1;1;1;3;2;2;3;3;1;3;2;3;2;1;2;7;3;1;2;1;2;2;0;0;1;0;0;0;1;0;0;8;3;7;4;8;1;7;3;2;3;3;3;3;3;4;3;0;2;1;0;2;1;2;1;3;2;4;3;4;4;4;3;4;1;1;2;1;1;2;2;1;2;3;2;2;1;2;3;3;2;1;4;8;6;7;4;4;7;6;1;1;1;1;2;3;2;2;2;1;1;4;3;5;4;2;3;6;4;6;6;4;5;6;4;2;3;2;3;5;6;3;4;4;3;2;5;1;5;1;5;1;1;1;1;2;1;2;1;2;3;3;1;1;3;3;4;4;410002;410002;410002;2;3;2;4;2;2;3;4;2;3;1;1;2;4;4;4;3;4;3;9;4;2;8;2;1;9;9;8;7;3;3;2;3;2;3;3;2;1998;19;1;1;1;1;1;410;410;410;1;4;2;2390;6;0;3;2;-3;-3;3;2;5;3;6;-3;-3;-3;3;-3;2;2;3;4;2;1;10100000;410004;2;2;0;0.5947222222222223;0.35944444444444446;0.6384722222222222;0.7361111111111112;0.0;0.66;0.0;0.22;0.33;1.0;0.16666666666666666;0.49888888888888894;1.0;1.0;1.0;1.0;0.66;0.66;0.66;0.66;0.0;1.0;1.0;0.6666666666666666;0.75;1.0;1.0;0.9166666666666666;0.5555555555555556;0.5555555555555556;0.5555555555555556;0.5555555555555556;0.33;0.5;0.41500000000000004;0.41500000000000004;1.0;1.0;1.0;1.0;1.0;1.0;1.0;1.0;1.0;1.0;1.0;1.0;1;0;1;0;0;7;5;4;5;4;4;3;4;5;5;4;6;5;8;5;7;-3;-3;3;440;47000;3000;-3;4;2;-3;-3;-3;6;3;2;4;5;6;8;5;7;5;6;1;8;2;3;2;2;8;4;7;-3
"1-5-0 (2020-11-16)";"doi.org/10.14281/18241.1";2018;410;"KOR";732;"ROK";410070910;20180110;201712;201801;12.0;12.2;20;1;410030;410006;8;5;2;1;910;2390;"ko";2;1;1.0;0.8032128514056225;41453.815261044176;1;1;2;4;1;3;2;1;1;1;1;2;2;2;2;1;2;1;2;1;2;1;2;2;2;2;2;3;3;3;3;3;3;3;2;1;4;2;3;2;2;2;3;3;2;3;2;3;2;3;6;7;6;4;4;4;4;4;1;1;2;2;3;3;2;3;2;3;2;2;2;3;3;2;2;2;2;2;3;2;3;3;2;2;2;2;3;2;2;1;2;3;2;7;1;1;2;0;0;0;0;0;0;0;0;0;0;0;0;7;8;5;4;4;2;4;2;3;3;2;3;2;4;6;3;1;2;1;1;1;2;2;1;3;3;3;3;4;3;3;3;4;2;2;2;2;2;2;2;1;3;3;1;1;1;1;4;3;1;1;2;7;7;5;5;6;7;3;2;2;2;2;4;4;7;8;3;2;2;6;3;4;1;3;2;1;1;3;3;3;2;4;1;3;3;3;2;3;3;3;4;3;3;3;5;1;2;1;2;1;5;2;3;3;3;3;2;3;2;2;3;3;2;3;1;1;410002;410002;410002;1;2;2;1;2;3;2;4;2;2;2;2;2;4;2;4;6;8;4;7;7;4;9;6;4;6;7;7;6;2;2;2;1;1;2;4;1;1981;36;3;2;1;1;1;410;410;410;1;4;1;2390;1;2;6;3;6;3;3;2;3;2;1;1;4;4;3;3;1;3;3;4;2;0;100000020;410004;1;1;1;0.775;0.72;0.4387037037037037;0.37740740740740747;1.0;0.33;0.33;0.5533333333333333;0.66;1.0;1.0;0.8866666666666667;1.0;1.0;1.0;1.0;0.66;0.66;0.66;0.66;1.0;1.0;1.0;1.0;0.5;0.66;0.66;0.6066666666666668;0.0;0.2222222222222222;0.2222222222222222;0.14814814814814814;0.0;0.0;0.0;0.0;1.0;1.0;1.0;1.0;1.0;1.0;1.0;1.0;1.0;1.0;1.0;1.0;0;0;0;0;1;6;4;4;5;3;4;4;4;5;3;4;5;4;7;7;5;1;2;3;550;25000;3500;7;3;2;6;7;7;7;4;1;3;4;3;8;6;9;4;3;2;3;2;2;2;2;8;6;9;4
"1-5-0 (2020-11-16)";"doi.org/10.14281/18241.1";2018;410;"KOR";732;"ROK";410070911;20180110;201712;201801;12.16;12.36;20;1;410044;410010;7;4;3;1;911;2390;"ko";2;1;1.0;0.8032128514056225;41453.815261044176;1;2;2;3;1;3;1;1;1;2;1;2;1;2;2;2;2;1;2;1;2;1;2;1;2;2;2;4;4;4;4;3;5;2;2;1;3;3;4;4;3;2;2;2;2;2;2;3;2;2;7;7;6;4;4;4;4;4;1;2;2;3;2;4;3;3;4;4;2;2;3;2;3;3;3;2;3;2;2;3;3;2;2;2;3;3;2;1;1;1;3;1;1;7;3;1;2;0;0;0;0;0;0;0;0;0;0;0;0;5;5;4;4;6;2;7;4;3;3;4;3;2;3;4;3;1;1;2;1;1;2;2;1;2;3;3;3;4;4;4;3;3;2;2;2;1;1;2;2;3;3;3;2;2;2;1;3;3;1;4;1;5;4;7;7;4;7;3;2;2;2;2;3;3;7;8;3;2;2;4;3;3;1;3;2;2;1;7;5;5;3;7;1;1;4;1;3;3;6;4;4;4;3;3;5;1;5;1;3;1;2;1;3;3;3;3;3;3;3;3;3;3;3;3;3;2;410002;410002;410002;2;2;2;2;3;1;3;4;2;2;2;2;2;4;2;4;3;8;1;10;9;1;10;8;4;9;10;7;7;2;2;2;1;2;2;3;2;1995;22;1;1;1;1;1;410;410;410;1;4;2;2390;6;0;6;3;-3;-3;3;2;3;2;7;-3;-3;-3;5;-3;2;2;3;5;2;0;100000020;410004;1;1;1;0.7758333333333334;0.72;0.6643518518518519;0.7037037037037037;1.0;0.33;0.33;0.5533333333333333;0.66;1.0;1.0;0.8866666666666667;1.0;1.0;1.0;1.0;1.0;0.33;0.66;0.6633333333333333;1.0;1.0;1.0;1.0;1.0;1.0;1.0;1.0;0.1111111111111111;0.6666666666666666;0.4444444444444444;0.40740740740740744;0.0;0.5;0.25;0.25;1.0;1.0;1.0;1.0;1.0;1.0;1.0;1.0;1.0;1.0;1.0;1.0;1;0;0;0;0;8;5;5;6;5;6;3;3;4;4;2;7;4;4;7;3;-3;-3;3;600;32000;1000;-3;4;1;-3;-3;-3;6;2;1;1;2;2;8;4;6;2;2;4;1;2;1;2;2;8;4;6;-3
"1-5-0 (2020-11-16)";"doi.org/10.14281/18241.1";2018;410;"KOR";732;"ROK";410070912;20180110;201712;201801;12.16;12.52;36;1;410041;410007;8;5;2;1;912;2390;"ko";2;1;1.0;0.8032128514056225;41453.815261044176;2;2;2;2;1;3;1;1;1;1;1;2;2;2;2;2;2;1;2;1;2;1;2;2;2;2;3;3;3;2;2;3;2;1;1;1;3;3;3;2;2;1;2;3;2;3;1;2;2;2;7;8;6;4;4;4;4;4;1;1;2;2;2;3;3;3;2;3;3;3;3;1;2;2;3;3;3;3;3;3;2;2;2;2;2;2;2;2;3;2;2;2;2;8;3;1;2;0;0;0;0;0;0;0;0;0;0;0;0;3;4;3;4;4;2;7;2;2;2;2;2;2;3;7;4;2;2;1;1;1;1;1;1;2;2;4;2;4;4;4;4;4;2;2;2;3;3;2;2;3;3;3;1;1;1;1;2;3;1;1;2;8;7;7;3;8;8;7;2;2;2;2;3;3;7;8;3;2;2;4;2;2;2;2;2;1;2;2;2;1;5;5;2;2;3;3;2;2;2;3;3;3;3;2;2;1;3;1;1;1;1;1;3;3;3;3;3;3;3;3;3;3;3;3;2;2;-2;-2;-2;2;3;3;3;1;2;3;3;3;3;2;2;3;4;2;3;5;9;5;8;5;3;2;8;5;9;9;9;7;1;3;2;2;2;3;3;1;1985;32;2;2;1;1;1;410;410;410;1;3;2;2390;6;0;5;3;-3;-3;2;1;3;2;1;-3;3;-3;4;2;2;1;2;6;2;0;100000020;410004;1;1;1;0.7058333333333334;0.7466666666666668;0.3718518518518519;0.24370370370370373;0.5;0.66;0.66;0.6066666666666668;0.66;1.0;1.0;0.8866666666666667;1.0;1.0;1.0;1.0;0.66;0.0;0.33;0.33;1.0;1.0;1.0;1.0;0.25;0.66;0.33;0.4133333333333334;0.0;0.1111111111111111;0.1111111111111111;0.07407407407407407;0.0;0.0;0.0;0.0;1.0;1.0;1.0;1.0;1.0;1.0;1.0;1.0;1.0;1.0;1.0;1.0;0;0;0;0;1;6;5;5;7;3;6;2;2;7;5;4;7;3;7;5;3;1;6;2;250;50000;7000;8;6;1;6;7;5;8;4;2;3;6;3;6;5;7;5;3;3;3;2;2;2;2;6;5;7;-3
"1-5-0 (2020-11-16)";"doi.org/10.14281/18241.1";2018;410;"KOR";732;"ROK";410070913;20180110;201712;201801;12.28;12.58;30;1;410011;410001;8;5;1;1;913;2390;"ko";2;1;1.0;0.8032128514056225;41453.815261044176;1;1;1;2;3;2;1;2;2;1;1;1;2;1;2;2;2;1;2;1;1;2;2;1;2;2;2;3;2;4;2;3;3;3;1;1;3;3;2;3;2;1;3;3;1;1;2;2;2;2;7;6;5;4;4;4;4;4;3;1;1;2;1;3;4;4;2;4;2;3;4;1;1;2;1;2;2;3;1;1;2;3;4;3;2;2;3;3;4;3;1;1;2;8;2;1;2;1;0;2;0;0;1;0;1;0;2;0;0;4;4;8;5;7;1;4;2;2;2;2;3;2;3;4;2;0;2;1;0;1;2;1;1;3;2;4;4;4;4;4;4;4;2;1;2;2;1;2;2;2;4;3;1;1;1;2;1;1;3;1;2;7;8;6;5;4;8;5;1;2;2;2;3;4;2;4;2;2;2;4;4;5;4;4;4;5;3;4;6;4;4;4;3;2;2;3;2;4;6;4;4;4;2;2;1;1;5;1;5;1;2;1;1;2;2;3;1;2;2;2;1;2;2;2;2;2;410001;410001;410001;2;3;2;4;1;2;4;4;2;2;2;1;2;3;3;4;7;4;3;8;3;4;7;3;2;8;8;8;7;4;4;1;1;2;3;3;2;1968;49;4;2;1;1;1;410;410;410;1;4;1;2390;1;2;6;3;6;3;3;2;5;3;5;3;-3;10;1;-3;2;1;2;6;2;2;20000000;410004;1;1;1;0.6105555555555556;0.5544444444444445;0.43027777777777776;0.5272222222222223;0.5;1.0;0.33;0.61;0.33;1.0;0.16666666666666666;0.49888888888888894;1.0;1.0;1.0;1.0;1.0;0.0;0.0;0.3333333333333333;0.0;1.0;1.0;0.6666666666666666;0.5;0.33;1.0;0.61;0.4444444444444444;0.3333333333333333;0.5555555555555556;0.4444444444444444;0.0;0.0;0.0;0.0;1.0;1.0;1.0;1.0;1.0;1.0;1.0;1.0;1.0;1.0;1.0;1.0;0;0;0;0;1;7;5;7;7;4;5;3;4;6;3;5;8;4;5;8;6;-3;-3;2;500;142000;0;-3;6;1;-3;-3;-3;7;5;1;1;7;5;5;8;6;7;4;4;2;1;2;1;3;5;8;6;4
"1-5-0 (2020-11-16)";"doi.org/10.14281/18241.1";2018;410;"KOR";732;"ROK";410070914;20180110;201712;201801;12.3;13.01;31;1;410026;410002;8;5;2;1;914;2390;"ko";2;1;1.0;0.8032128514056225;41453.815261044176;1;2;2;3;2;3;1;2;1;1;2;2;1;1;2;2;2;1;2;1;2;1;2;2;2;1;3;3;2;3;2;4;2;1;1;1;4;2;3;2;2;2;4;2;3;2;2;2;2;2;7;7;4;4;4;4;4;4;1;2;1;2;2;3;3;3;3;3;2;2;3;2;3;3;3;4;3;3;3;3;2;3;3;3;3;3;3;4;3;3;3;3;3;5;3;1;2;0;0;0;0;0;0;0;0;0;0;0;1;7;4;7;4;4;2;6;2;3;2;2;2;3;2;4;3;2;0;2;1;1;2;2;2;3;3;4;3;4;4;4;3;4;2;2;2;2;4;2;2;3;3;3;1;2;1;1;2;3;1;1;4;8;9;6;4;5;8;3;2;2;2;2;4;4;7;8;3;2;2;4;2;2;1;2;2;3;2;4;7;3;1;2;1;1;1;1;1;1;8;3;3;3;3;2;5;1;2;1;5;5;5;2;1;3;3;3;3;3;3;2;3;3;3;3;1;1;410002;410002;410002;2;3;2;3;3;2;3;4;2;3;2;4;3;4;1;4;7;7;1;10;7;1;8;7;2;10;9;8;8;2;2;2;2;3;4;4;2;1960;57;5;3;1;1;1;410;410;410;1;3;1;2390;1;3;3;2;3;2;1;1;1;1;1;1;5;6;9;2;2;2;3;5;2;0;100000020;410004;0;1;1;0.7333333333333334;0.6916666666666668;0.2885185185185185;0.4103703703703704;0.5;0.33;0.66;0.49666666666666676;0.66;1.0;1.0;0.8866666666666667;1.0;1.0;1.0;1.0;0.66;0.33;0.66;0.5499999999999999;0.0;0.0;1.0;0.3333333333333333;0.25;0.33;0.66;0.41333333333333333;0.2222222222222222;0.3333333333333333;0.6666666666666666;0.40740740740740744;0.0;0.0;0.0;0.0;1.0;1.0;1.0;1.0;1.0;1.0;1.0;1.0;1.0;1.0;1.0;1.0;0;0;0;0;0;6;5;3;6;5;5;4;4;3;3;5;6;4;7;5;7;1;2;3;450;30000;5000;7;4;1;6;6;7;8;5;1;1;7;4;8;3;5;4;4;2;1;2;2;2;3;8;3;6;4
"1-5-0 (2020-11-16)";"doi.org/10.14281/18241.1";2018;410;"KOR";732;"ROK";410070915;20180110;201712;201801;12.57;13.48;51;1;410011;410001;8;5;1;1;915;2390;"ko";2;1;1.0;0.8032128514056225;41453.815261044176;1;1;1;2;1;3;1;1;2;1;1;2;2;1;2;2;2;1;2;1;2;1;2;1;2;2;2;3;2;4;3;3;1;1;1;1;3;3;3;2;1;1;2;2;2;3;1;1;2;2;3;7;6;4;4;4;4;4;3;2;1;1;2;4;2;3;2;2;2;2;3;2;1;2;2;3;2;2;3;2;2;2;1;2;2;2;2;1;2;2;2;1;2;8;3;1;2;0;0;0;0;0;0;0;0;0;0;0;0;9;4;2;3;8;2;9;3;2;3;4;3;3;2;9;3;2;1;2;0;1;2;2;2;2;2;4;4;4;4;4;4;4;1;2;2;1;1;2;2;1;1;1;1;2;1;1;3;3;2;1;3;8;7;8;8;3;9;7;2;2;2;2;3;3;6;7;3;2;2;2;2;1;3;3;2;5;3;2;8;5;6;4;4;3;4;3;2;4;8;4;4;4;2;2;4;1;2;1;2;1;3;2;3;2;3;3;3;3;3;2;2;3;2;2;1;1;-2;-2;-2;2;1;2;3;2;2;3;2;2;3;2;3;4;4;2;3;5;5;8;7;9;7;8;3;6;9;8;7;9;2;1;1;1;1;2;2;1;1979;38;3;2;1;1;1;410;410;410;1;3;1;2390;1;1;3;2;3;2;-2;-2;-2;-2;1;5;4;-5;5;2;1;2;3;4;2;0;100000020;410004;3;2;2;0.45694444444444443;0.4705555555555556;0.5756944444444445;0.4438888888888889;0.0;0.0;0.33;0.11;0.66;1.0;0.8333333333333334;0.8311111111111112;0.0;1.0;1.0;0.6666666666666666;0.33;0.33;0.0;0.22;1.0;1.0;1.0;1.0;0.0;0.33;1.0;0.44333333333333336;0.4444444444444444;0.1111111111111111;0.7777777777777778;0.4444444444444444;0.33;0.5;0.41500000000000004;0.41500000000000004;1.0;1.0;1.0;1.0;1.0;1.0;1.0;1.0;1.0;1.0;1.0;1.0;1;0;1;0;1;8;7;5;6;2;7;3;2;2;2;3;7;4;8;4;6;1;2;2;300;25000;5500;7;5;2;8;8;6;7;4;1;1;5;5;5;5;5;5;5;2;6;2;3;1;2;5;5;5;4
"1-5-0 (2020-11-16)";"doi.org/10.14281/18241.1";2018;410;"KOR";732;"ROK";410070916;20180110;201712;201801;12.58;13.18;20;1;410027;410003;8;5;2;1;916;2390;"ko";1;1;1.0;0.8032128514056225;41453.815261044176;1;1;1;2;2;4;1;2;2;1;1;1;1;2;2;2;2;1;2;1;2;2;2;1;2;2;1;3;3;3;3;3;4;2;3;3;3;3;2;3;2;1;2;3;2;2;1;3;2;1;7;6;8;4;4;4;4;4;1;2;1;2;2;3;3;3;4;4;3;3;3;4;3;4;3;3;3;4;3;4;3;2;3;3;3;3;3;2;2;2;2;3;2;7;2;1;2;0;0;0;0;0;0;0;0;0;0;0;0;7;6;4;3;5;2;8;4;3;2;3;3;3;4;8;2;0;2;2;2;2;2;1;1;2;2;3;3;3;3;4;2;2;2;2;2;2;3;2;2;2;1;1;2;2;1;3;1;4;2;2;3;7;8;7;6;5;6;4;2;2;2;2;3;4;7;8;3;2;2;7;5;3;5;3;2;7;3;4;4;8;5;6;3;1;1;2;6;5;6;2;2;3;2;1;5;1;5;2;5;1;5;2;1;1;3;3;2;3;3;3;2;2;3;3;1;3;410002;410002;410002;2;1;3;2;2;2;2;3;3;2;1;4;4;3;3;3;2;5;1;7;7;1;6;3;2;6;7;8;6;2;2;1;1;1;2;3;1;1990;27;2;1;1;1;1;410;410;410;1;3;2;2390;6;0;6;3;-3;-3;6;3;6;3;1;-3;3;-3;4;2;2;1;3;5;2;0;100000020;410004;5;3;0;0.8325;0.7216666666666667;0.7002777777777778;0.5672222222222223;1.0;0.33;0.0;0.44333333333333336;1.0;1.0;1.0;1.0;1.0;1.0;1.0;1.0;1.0;1.0;0.66;0.8866666666666667;0.0;1.0;1.0;0.6666666666666666;0.75;0.66;0.66;0.6900000000000001;0.6666666666666666;0.3333333333333333;0.3333333333333333;0.4444444444444444;1.0;1.0;1.0;1.0;1.0;1.0;1.0;1.0;1.0;1.0;1.0;1.0;1.0;1.0;1.0;1.0;1;1;1;1;1;7;8;6;7;7;7;6;6;6;7;7;6;6;7;6;7;1;8;3;600;29500;0;7;6;1;8;7;7;7;6;1;4;6;5;7;1;1;5;6;1;1;2;1;3;2;8;1;1;-3
"1-5-0 (2020-11-16)";"doi.org/10.14281/18241.1";2018;410;"KOR";732;"ROK";410070917;20180110;201712;201801;12.58;13.42;44;1;410045;410011;7;4;3;1;917;2390;"ko";3;1;1.0;0.8032128514056225;41453.815261044176;2;2;2;2;2;3;1;1;2;1;1;2;2;1;2;2;2;1;2;1;2;1;2;1;2;2;1;3;3;4;4;1;2;1;1;1;2;1;4;3;3;2;3;4;3;2;1;3;3;3;3;4;2;1;1;2;1;3;2;2;2;2;2;3;3;3;3;3;3;3;3;3;3;3;3;3;3;3;3;3;3;3;3;3;3;3;3;3;3;3;3;3;3;3;3;2;2;1;0;0;0;0;0;0;0;0;0;0;0;8;6;6;5;3;1;10;3;3;3;3;3;2;3;7;3;2;1;1;1;1;1;1;1;2;3;3;3;4;4;4;3;3;1;1;2;1;1;2;2;2;2;3;1;1;1;3;1;1;2;2;1;7;7;5;5;6;8;3;2;2;2;2;3;3;2;4;2;1;1;6;6;5;5;2;2;5;4;6;9;5;5;7;1;5;5;4;3;3;2;3;4;4;3;3;5;3;4;3;5;5;5;3;1;2;2;2;3;3;3;3;3;3;3;3;1;1;-2;-2;-2;3;2;3;2;3;3;3;3;3;2;3;3;2;4;3;4;5;6;2;2;7;5;8;9;7;8;10;5;5;3;3;2;2;2;2;2;2;1975;42;3;2;1;1;1;410;410;410;1;4;1;2390;1;2;6;3;6;3;1;1;2;1;5;1;-3;3;3;-3;2;2;3;5;2;0;100000020;410004;3;2;2;0.7055555555555556;0.5811111111111111;0.7328240740740741;0.6331481481481482;1.0;0.66;0.0;0.5533333333333333;0.66;1.0;0.16666666666666666;0.6088888888888889;1.0;1.0;1.0;1.0;0.66;0.66;0.66;0.66;1.0;1.0;1.0;1.0;0.25;0.66;1.0;0.6366666666666667;0.4444444444444444;0.5555555555555556;0.8888888888888888;0.6296296296296297;0.33;1.0;0.665;0.665;1.0;1.0;1.0;1.0;1.0;1.0;1.0;1.0;1.0;1.0;1.0;1.0;1;0;1;1;0;5;2;3;3;3;3;3;4;3;4;4;3;4;6;5;5;-3;-3;2;400;30000;10000;-3;5;1;-3;-3;-3;4;2;1;1;4;3;6;5;4;4;4;3;1;4;2;3;2;7;1;4;4
"1-5-0 (2020-11-16)";"doi.org/10.14281/18241.1";2018;410;"KOR";732;"ROK";410070918;20180110;201712;201801;13.03;13.24;21;1;410011;410001;8;5;1;1;918;2390;"ko";1;1;1.0;0.8032128514056225;41453.815261044176;1;1;1;3;3;4;1;2;2;1;2;1;1;1;2;2;2;1;1;1;1;1;1;2;2;2;2;2;1;4;2;3;2;1;1;1;3;3;4;2;2;3;2;3;1;2;1;1;2;2;7;7;5;4;4;4;4;4;1;1;1;2;1;3;4;4;3;4;2;3;4;1;2;2;3;2;1;1;1;2;1;3;2;2;3;3;1;2;3;3;2;2;3;7;3;1;3;0;0;1;0;0;0;0;0;0;1;0;0;5;7;5;4;6;1;6;2;3;2;2;3;2;3;6;2;1;2;1;2;1;0;1;1;2;2;4;4;4;4;4;4;4;1;1;2;2;1;2;2;2;3;4;2;2;1;1;2;1;2;1;2;6;6;3;5;5;7;3;1;2;2;2;3;4;7;8;3;1;1;4;5;6;4;4;3;2;2;3;5;2;4;4;2;2;4;2;3;5;5;3;3;4;3;3;5;1;5;1;5;1;5;2;2;2;2;3;1;3;3;2;1;2;3;3;3;1;410002;410002;410002;1;3;2;1;2;1;4;4;1;2;2;1;2;4;4;4;4;4;3;8;4;4;8;3;2;9;8;8;7;2;2;1;2;2;3;3;2;1954;63;5;3;1;1;1;410;410;410;1;2;1;2390;1;2;3;2;3;2;1;1;2;1;5;3;-3;5;6;-3;2;2;2;5;2;0;100000020;410004;2;2;1;0.6658333333333333;0.61;0.2935648148148148;0.33796296296296297;0.0;0.33;0.33;0.22;1.0;1.0;1.0;1.0;1.0;1.0;1.0;1.0;1.0;0.0;0.33;0.44333333333333336;0.0;0.0;1.0;0.3333333333333333;0.25;0.0;1.0;0.4166666666666667;0.1111111111111111;0.2222222222222222;0.4444444444444444;0.25925925925925924;0.33;0.0;0.165;0.165;1.0;1.0;1.0;1.0;1.0;1.0;1.0;1.0;1.0;1.0;1.0;1.0;0;0;1;0;1;6;6;4;7;6;6;5;3;7;4;5;7;4;5;7;6;-3;-3;3;330;36000;500;-3;5;1;-3;-3;-3;6;4;1;1;5;7;8;4;6;6;5;2;1;3;3;2;2;8;5;6;4
"1-5-0 (2020-11-16)";"doi.org/10.14281/18241.1";2018;410;"KOR";732;"ROK";410070919;20180110;201712;201801;13.12;13.42;30;1;410028;410004;8;5;2;1;919;2390;"ko";3;1;1.0;0.8032128514056225;41453.815261044176;1;2;2;3;1;4;1;2;1;1;2;2;1;1;2;2;2;1;2;1;2;1;2;2;2;2;2;3;2;3;2;3;2;1;1;1;4;2;3;1;2;2;1;3;1;2;1;3;2;2;6;5;5;4;4;4;4;4;1;2;1;2;2;3;3;3;3;3;4;2;3;3;3;3;3;3;3;3;3;3;2;2;2;2;2;2;2;2;3;3;2;2;2;3;3;3;2;0;0;0;0;0;0;0;0;0;0;0;0;8;7;2;2;2;2;5;2;3;2;2;2;2;4;8;3;2;2;2;2;2;2;2;2;2;2;4;4;4;4;4;3;4;1;2;2;2;2;2;2;3;4;4;2;2;1;1;2;3;1;1;2;10;10;6;4;4;9;1;1;1;1;1;4;4;7;8;3;2;2;2;1;1;1;1;1;1;1;4;5;4;1;1;1;1;1;1;1;1;1;4;4;4;3;2;2;1;4;1;1;1;1;1;3;3;3;3;2;1;3;3;3;3;3;3;1;1;-2;-2;-2;2;3;3;4;3;3;3;3;2;2;2;2;2;3;3;3;4;10;4;9;10;1;9;10;3;10;10;8;8;2;2;1;1;2;2;3;1;1985;32;2;2;1;1;1;410;410;410;1;3;1;2390;1;1;6;3;6;3;3;2;5;3;1;5;3;-5;3;2;1;1;3;4;2;0;100000020;410004;1;1;1;0.5533333333333333;0.7766666666666666;0.2514814814814815;0.3362962962962963;1.0;0.33;0.33;0.5533333333333333;1.0;1.0;1.0;1.0;0.0;0.0;0.0;0.0;0.66;0.66;0.66;0.66;0.0;0.0;1.0;0.3333333333333333;0.25;0.33;0.66;0.41333333333333333;0.0;0.3333333333333333;0.4444444444444444;0.25925925925925924;0.0;0.0;0.0;0.0;1.0;1.0;1.0;1.0;1.0;1.0;1.0;1.0;1.0;1.0;1.0;1.0;0;0;0;0;1;7;5;5;6;4;5;4;3;6;6;7;8;3;7;5;3;1;5;3;280;22000;5000;7;4;2;7;7;6;8;4;1;1;4;4;7;2;3;4;4;2;1;3;2;2;3;7;2;3;4
"1-5-0 (2020-11-16)";"doi.org/10.14281/18241.1";2018;410;"KOR";732;"ROK";410070920;20180110;201712;201801;13.24;13.46;22;1;410044;410010;7;4;3;1;920;2390;"ko";2;1;1.0;0.8032128514056225;41453.815261044176;1;1;1;2;2;3;1;1;1;1;2;1;2;2;2;2;2;1;2;1;2;1;2;1;2;2;1;4;4;4;3;2;5;2;2;1;3;3;5;4;2;2;2;2;2;2;1;3;2;3;7;7;5;4;4;4;4;4;1;1;2;2;2;3;3;3;3;3;2;3;2;2;3;3;2;2;2;3;3;2;3;1;1;1;1;1;3;2;2;2;3;2;2;4;1;1;2;0;0;0;0;0;0;0;0;0;0;0;0;3;3;3;3;7;1;8;3;3;4;4;2;1;3;6;3;2;2;2;1;2;2;1;1;3;3;3;3;3;4;3;3;4;2;2;2;1;1;2;2;2;2;3;1;2;1;1;4;1;3;2;3;4;6;6;4;3;6;3;2;2;2;2;3;3;7;8;3;2;1;7;3;2;1;2;3;2;1;3;4;2;1;3;1;1;1;1;1;1;4;2;3;4;2;2;5;1;2;1;5;1;5;1;3;3;2;3;3;3;3;3;3;3;3;3;1;1;410001;410001;410001;2;3;2;4;3;2;2;4;1;2;2;2;2;4;1;4;8;7;1;7;8;4;8;6;4;8;8;7;7;3;2;1;2;1;2;4;2;1957;60;5;3;1;1;1;410;410;410;1;5;1;2390;1;3;2;1;3;2;1;1;2;1;5;1;-3;6;9;-3;2;2;3;3;1;0;100000020;410004;2;1;1;0.72;0.665;0.4722222222222222;0.6111111111111112;1.0;0.33;0.0;0.44333333333333336;0.66;1.0;1.0;0.8866666666666667;1.0;1.0;1.0;1.0;0.66;0.33;0.66;0.5499999999999999;1.0;0.0;1.0;0.6666666666666666;1.0;1.0;1.0;1.0;0.1111111111111111;0.2222222222222222;0.3333333333333333;0.22222222222222224;0.0;0.0;0.0;0.0;1.0;1.0;1.0;1.0;1.0;1.0;1.0;1.0;1.0;1.0;1.0;1.0;0;0;0;1;1;8;4;5;6;4;4;3;4;3;3;5;7;5;4;6;2;-3;-3;3;450;22000;0;-3;3;1;-3;-3;-3;6;3;1;1;4;2;6;8;3;4;2;2;2;2;3;2;3;6;8;3;4
"1-5-0 (2020-11-16)";"doi.org/10.14281/18241.1";2018;410;"KOR";732;"ROK";410070921;20180110;201712;201801;13.28;13.55;27;1;410011;410001;8;5;1;1;921;2390;"ko";1;1;1.0;0.8032128514056225;41453.815261044176;1;2;3;1;4;4;1;2;2;1;2;1;1;1;2;2;2;1;2;1;2;1;2;1;2;2;2;3;1;4;2;2;4;2;2;1;3;3;4;2;3;2;2;3;3;1;1;1;2;2;7;6;5;4;4;4;4;4;1;2;1;3;2;4;3;4;2;3;3;3;4;2;2;2;3;3;1;2;2;2;1;2;3;2;2;2;1;2;3;3;2;2;3;4;3;1;3;0;1;1;0;0;0;0;0;0;1;0;0;8;6;8;4;4;1;4;2;2;2;2;2;2;3;6;4;2;2;0;0;1;2;0;1;2;2;4;3;4;4;4;4;4;1;1;2;2;1;2;2;1;2;3;1;2;1;2;4;1;3;3;1;7;6;4;5;4;6;4;1;2;2;2;4;4;6;8;3;1;2;4;2;5;4;4;5;6;4;6;7;4;2;6;3;1;4;1;2;5;6;3;4;4;1;1;5;1;1;1;5;1;2;1;1;2;1;2;1;2;2;1;1;1;2;3;3;2;410002;410002;410002;2;4;2;3;2;2;4;4;1;2;2;1;2;4;4;4;3;5;2;9;3;4;8;2;1;9;9;8;7;2;1;1;2;2;3;3;2;1969;48;4;2;1;1;1;410;410;410;1;4;3;2390;1;1;3;2;3;2;3;2;3;2;5;1;-3;3;3;-3;2;2;2;5;2;0;100000020;410004;1;1;1;0.6236111111111111;0.5272222222222223;0.3773148148148148;0.587962962962963;0.0;0.0;0.33;0.11;1.0;1.0;0.8333333333333334;0.9444444444444445;1.0;1.0;1.0;1.0;0.66;0.33;0.33;0.44;0.0;0.0;1.0;0.3333333333333333;0.75;0.0;1.0;0.5833333333333334;0.5555555555555556;0.5555555555555556;0.6666666666666666;0.5925925925925927;0.0;0.0;0.0;0.0;1.0;1.0;1.0;1.0;1.0;1.0;1.0;1.0;1.0;1.0;1.0;1.0;0;0;0;1;0;6;7;5;7;5;5;3;3;6;2;5;7;3;5;7;6;-3;-3;3;415;68000;0;-3;4;1;-3;-3;-3;7;4;1;4;7;6;8;5;5;7;6;1;1;3;3;2;2;8;5;5;4
"1-5-0 (2020-11-16)";"doi.org/10.14281/18241.1";2018;410;"KOR";732;"ROK";410070922;20180110;201712;201801;13.31;14.25;54;1;410041;410007;8;5;2;1;922;2390;"ko";2;1;1.0;0.8032128514056225;41453.815261044176;2;1;1;3;3;3;1;1;1;1;1;2;2;2;2;2;2;1;2;1;2;2;2;2;2;2;3;2;3;3;3;3;3;3;2;1;4;2;2;2;3;2;2;3;2;2;1;3;2;2;8;8;7;4;4;4;4;4;3;2;2;2;2;3;3;3;3;3;2;3;2;2;2;2;3;3;3;2;2;2;2;2;2;2;2;2;2;2;2;2;2;2;2;7;3;2;2;0;0;0;0;0;0;0;0;0;0;0;0;8;4;4;4;8;2;8;2;2;2;2;2;2;4;7;4;2;2;1;2;1;1;1;1;2;2;4;2;4;4;4;4;3;2;2;2;2;3;2;2;3;3;3;1;1;1;2;1;1;3;3;2;8;7;6;5;2;9;4;2;2;2;2;3;3;7;8;3;2;2;5;3;2;2;2;2;2;2;5;5;3;2;2;2;2;3;4;4;2;5;3;3;3;3;3;5;2;5;1;1;1;1;1;3;3;3;3;3;3;3;3;3;3;3;3;4;4;-2;-2;-2;2;4;3;3;3;2;3;3;2;2;1;3;4;4;1;4;5;6;2;10;6;1;10;5;5;10;10;6;6;2;2;2;2;2;2;2;1;1998;19;1;1;1;1;1;410;410;410;1;4;2;2390;6;0;3;2;-3;-3;3;2;6;3;6;-3;-3;-3;3;-3;2;2;3;6;2;0;100000020;410004;2;1;1;0.7475;0.7750000000000001;0.48500000000000004;0.4700000000000001;1.0;0.33;0.66;0.6633333333333334;0.66;1.0;1.0;0.8866666666666667;1.0;1.0;1.0;1.0;0.66;0.33;0.33;0.44;1.0;1.0;1.0;1.0;0.5;0.66;0.66;0.6066666666666668;0.1111111111111111;0.4444444444444444;0.4444444444444444;0.3333333333333333;0.0;0.0;0.0;0.0;1.0;1.0;1.0;1.0;1.0;1.0;1.0;1.0;1.0;1.0;1.0;1.0;0;0;0;1;1;8;7;7;8;5;7;3;3;7;5;5;8;8;8;4;5;-3;-3;2;500;35000;3000;-3;6;1;-3;-3;-3;7;6;2;2;7;2;5;5;5;5;5;2;8;2;2;2;2;8;2;5;-3
"1-5-0 (2020-11-16)";"doi.org/10.14281/18241.1";2018;410;"KOR";732;"ROK";410070923;20180110;201712;201801;13.51;14.22;31;1;410044;410010;7;4;3;1;923;2390;"ko";2;1;1.0;0.8032128514056225;41453.815261044176;1;2;1;2;1;2;1;1;1;2;1;2;2;2;1;2;2;1;2;1;2;1;2;1;2;2;2;3;2;3;1;2;2;1;1;1;3;3;2;2;2;3;3;2;1;2;3;2;2;2;6;7;6;4;4;4;4;4;1;1;1;1;2;2;2;2;1;2;2;2;3;2;2;2;3;1;2;2;2;1;2;1;2;2;2;2;3;1;1;2;2;1;2;7;3;1;2;1;0;0;0;0;0;0;0;0;0;0;0;5;4;5;4;6;2;6;2;2;2;2;2;2;3;5;4;2;2;2;2;2;1;1;1;2;3;3;2;3;3;4;3;3;2;1;2;1;1;2;2;2;2;3;2;2;1;3;4;1;4;4;2;5;4;6;7;7;4;7;1;1;1;1;3;3;1;2;2;1;2;4;2;1;1;1;3;1;1;1;3;3;1;4;1;2;1;3;2;2;4;1;4;4;2;2;5;1;5;1;1;1;5;1;3;3;3;3;3;3;3;3;3;3;3;3;1;1;410002;410002;410002;2;3;2;3;3;2;2;4;3;2;1;2;2;4;1;4;4;7;2;7;7;3;8;8;5;7;8;6;8;1;1;2;2;1;3;3;1;1974;43;3;2;1;1;1;410;410;410;1;4;1;2390;1;2;6;3;6;3;3;2;6;3;1;5;3;-5;3;2;1;2;3;2;1;2;20000000;410004;3;2;0;0.3458333333333333;0.36;0.5381018518518519;0.2437037037037037;0.5;0.0;0.33;0.27666666666666667;0.33;1.0;0.0;0.44333333333333336;0.0;0.0;1.0;0.3333333333333333;0.33;0.33;0.33;0.33;1.0;1.0;1.0;1.0;0.25;0.33;0.66;0.41333333333333333;0.0;0.0;0.2222222222222222;0.07407407407407407;0.33;1.0;0.665;0.665;1.0;1.0;1.0;1.0;1.0;1.0;1.0;1.0;1.0;1.0;1.0;1.0;1;0;1;0;1;7;7;6;5;5;7;5;5;6;3;4;8;6;4;7;3;1;4;3;300;17000;0;8;3;2;7;7;8;6;5;1;1;1;1;8;7;4;1;1;2;1;1;1;1;1;8;7;4;4
"1-5-0 (2020-11-16)";"doi.org/10.14281/18241.1";2018;410;"KOR";732;"ROK";410070924;20180110;201712;201801;14.03;14.24;21;1;410011;410001;8;5;1;1;924;2390;"ko";1;1;1.0;0.8032128514056225;41453.815261044176;1;2;3;2;2;4;1;2;1;1;2;2;1;1;2;2;2;1;1;1;1;1;2;2;2;2;3;2;2;4;4;2;2;1;1;1;3;3;5;2;2;1;3;2;1;1;2;1;2;1;8;6;6;4;4;4;4;4;3;2;1;2;2;4;4;4;3;4;3;4;4;2;2;3;2;3;2;3;2;2;2;3;4;4;3;3;2;3;3;4;4;2;2;4;3;1;2;0;1;1;0;0;0;0;0;1;1;0;0;8;3;7;7;7;1;5;2;3;2;3;2;1;2;6;2;0;1;1;0;2;2;1;2;3;2;4;4;4;4;4;3;3;1;2;2;1;1;2;2;1;3;3;2;2;1;1;2;3;4;1;4;6;5;3;4;7;6;3;2;2;2;2;4;4;7;8;3;1;1;4;4;5;5;3;2;5;3;3;5;3;2;3;3;2;3;2;4;4;5;4;4;4;1;1;1;1;1;1;5;1;2;1;1;1;1;2;1;3;3;2;1;2;3;3;2;1;410002;410002;410002;1;3;2;3;2;2;3;4;1;2;1;1;3;3;3;4;4;4;2;9;4;3;8;2;3;9;9;8;7;2;1;1;2;1;4;3;1;1971;46;4;2;1;1;1;410;410;410;1;4;1;2390;1;2;6;3;5;3;1;1;2;1;3;1;10;5;4;2;1;1;2;5;2;0;100000020;410004;1;2;1;0.6933333333333332;0.61;0.3488425925925926;0.44851851851851854;0.0;0.0;0.66;0.22;1.0;1.0;1.0;1.0;1.0;1.0;1.0;1.0;1.0;0.33;0.33;0.5533333333333333;0.0;0.0;1.0;0.3333333333333333;0.25;0.33;1.0;0.5266666666666667;0.4444444444444444;0.2222222222222222;0.4444444444444444;0.3703703703703704;0.33;0.0;0.165;0.165;1.0;1.0;1.0;1.0;1.0;1.0;1.0;1.0;1.0;1.0;1.0;1.0;0;0;1;0;0;7;5;4;6;6;7;4;3;6;3;5;6;4;8;6;7;3;5;2;540;75000;10000;5;6;2;7;6;6;4;6;1;5;7;6;8;4;6;5;5;1;1;3;3;2;2;8;4;5;4
"1-5-0 (2020-11-16)";"doi.org/10.14281/18241.1";2018;410;"KOR";732;"ROK";410070925;20180110;201712;201801;14.16;14.52;36;1;410041;410007;8;5;2;1;925;2390;"ko";2;1;1.0;0.8032128514056225;41453.815261044176;1;1;2;2;2;3;1;1;1;1;2;2;1;2;2;2;2;1;2;1;2;1;2;2;2;2;1;1;2;2;1;2;2;1;1;1;2;1;4;2;1;2;1;2;3;1;1;2;3;2;8;7;5;4;4;4;4;4;2;1;1;2;2;3;3;3;3;3;2;2;2;3;3;2;4;3;3;4;3;2;2;2;3;2;2;2;2;1;2;2;2;2;2;8;2;3;2;0;1;0;0;0;0;0;0;0;0;0;0;8;5;7;7;9;1;7;2;4;3;2;3;3;2;7;4;2;2;1;1;0;1;1;1;3;1;4;4;4;4;4;4;4;1;2;2;3;2;2;2;3;4;4;1;1;2;1;2;2;1;1;2;8;6;5;6;6;5;6;2;2;2;2;3;3;6;7;3;2;2;8;5;3;3;2;2;3;4;2;3;4;3;3;1;3;2;1;2;2;3;2;3;3;3;2;2;1;3;5;5;1;2;2;2;2;2;2;2;2;2;2;2;2;2;2;2;2;410002;410002;410002;2;3;3;3;2;2;4;4;1;2;1;2;2;4;2;3;3;8;7;5;4;3;5;9;5;5;9;8;7;2;2;2;2;1;2;3;1;1971;46;4;2;1;1;1;410;410;410;1;1;1;2390;3;2;5;3;-3;-3;2;1;2;1;3;-3;6;-5;9;2;1;3;5;3;1;0;100000020;410004;2;2;1;0.6919444444444445;0.553888888888889;0.37129629629629635;0.2442592592592593;0.5;0.33;0.0;0.27666666666666667;0.66;1.0;0.8333333333333334;0.8311111111111112;1.0;1.0;1.0;1.0;0.66;0.66;0.66;0.66;1.0;0.0;1.0;0.6666666666666666;0.25;0.33;0.33;0.3033333333333334;0.2222222222222222;0.1111111111111111;0.2222222222222222;0.1851851851851852;0.66;0.0;0.33;0.33;1.0;1.0;1.0;1.0;1.0;1.0;1.0;1.0;1.0;1.0;1.0;1.0;0;1;0;0;1;4;5;4;6;5;6;5;5;6;7;7;5;3;8;4;7;4;1;5;280;5000;1000;6;3;2;5;6;6;4;4;2;2;5;6;8;5;5;5;5;2;1;3;2;2;2;8;5;5;-5
"1-5-0 (2020-11-16)";"doi.org/10.14281/18241.1";2018;410;"KOR";732;"ROK";410070926;20180110;201712;201801;14.2;15.04;44;1;410011;410001;8;5;1;1;926;2390;"ko";3;1;1.0;0.8032128514056225;41453.815261044176;1;1;1;3;1;3;2;1;2;1;1;1;2;1;2;2;2;1;2;1;2;1;2;1;1;2;2;4;3;4;3;2;1;1;1;1;4;2;3;1;1;2;1;2;2;3;1;2;2;2;3;8;5;4;4;4;4;4;3;2;1;1;1;4;2;3;2;1;3;2;2;3;1;2;3;3;4;2;2;3;2;2;1;2;2;2;2;1;2;2;1;2;2;9;2;2;2;0;0;0;0;0;0;0;0;0;0;0;0;9;3;2;4;5;2;10;4;3;4;4;3;4;0;9;3;2;0;1;0;1;1;1;2;3;2;3;4;4;4;4;3;4;1;1;2;1;1;2;2;1;1;1;1;2;2;1;3;3;1;1;4;9;10;5;8;3;9;6;2;1;2;2;4;4;4;5;2;2;2;3;3;2;1;4;2;6;4;6;8;5;6;8;4;3;2;5;5;4;7;3;4;4;4;3;5;1;5;5;5;5;5;3;3;3;3;3;3;3;3;3;3;3;3;3;1;1;-2;-2;-2;2;3;2;1;2;2;4;2;1;2;1;2;2;4;1;3;5;9;3;9;8;2;9;3;4;9;10;7;6;1;1;1;1;1;3;2;2;1962;55;5;3;1;1;1;410;410;410;1;4;1;2390;1;2;3;2;3;2;-2;-2;-2;-2;3;3;4;7;8;2;2;2;3;6;2;0;100000020;410004;1;1;2;0.5541666666666667;0.4983333333333334;0.6082407407407407;0.5914814814814815;0.5;0.0;0.33;0.27666666666666667;0.66;1.0;0.5;0.7200000000000001;1.0;1.0;1.0;1.0;0.0;0.66;0.0;0.22;1.0;1.0;1.0;1.0;0.0;0.66;1.0;0.5533333333333333;0.5555555555555556;0.5555555555555556;0.7777777777777778;0.6296296296296297;0.0;0.5;0.25;0.25;1.0;1.0;1.0;1.0;1.0;1.0;1.0;1.0;1.0;1.0;1.0;1.0;1;0;0;0;0;8;4;6;5;2;8;2;2;1;5;7;7;4;4;7;7;3;2;3;550;38550;10000;7;6;1;8;7;8;8;5;2;1;5;5;5;5;4;5;5;3;6;2;3;1;2;5;5;5;4
"1-5-0 (2020-11-16)";"doi.org/10.14281/18241.1";2018;410;"KOR";732;"ROK";410070927;20180110;201712;201801;14.27;14.54;27;1;410026;410002;8;5;2;1;927;2390;"ko";2;1;1.0;0.8032128514056225;41453.815261044176;1;2;2;3;2;3;1;2;1;1;2;2;1;1;2;2;2;1;2;1;2;1;2;1;2;2;2;2;2;3;3;4;3;3;1;1;4;2;3;2;2;2;3;3;2;1;1;2;2;2;8;7;5;4;4;4;4;4;1;2;1;3;2;4;3;3;3;3;2;3;3;2;2;3;3;4;3;3;3;3;3;3;3;3;3;3;3;3;3;3;3;3;3;6;3;2;2;0;0;0;0;0;0;0;0;0;0;0;2;7;3;5;5;6;2;8;2;3;2;2;2;3;3;6;3;2;2;2;0;2;2;2;2;2;3;4;3;4;3;4;3;4;2;2;2;3;3;2;2;3;2;4;2;2;2;1;2;4;3;1;3;8;7;6;5;7;7;3;2;2;2;2;3;3;7;8;3;2;2;6;3;3;2;2;2;3;2;6;7;5;2;2;1;1;2;2;2;2;8;2;3;3;3;2;2;2;1;1;2;2;1;2;2;3;2;2;3;3;3;2;2;2;2;2;1;1;410002;410002;410002;2;3;2;3;3;3;3;4;3;2;2;4;3;4;1;4;7;4;1;8;5;1;7;3;4;8;8;7;7;3;3;2;3;3;4;4;2;1968;49;4;2;1;1;1;410;410;410;1;4;1;2390;1;2;5;3;3;2;2;1;2;1;3;3;4;4;6;2;2;1;3;6;2;0;100000020;410004;2;2;1;0.7058333333333334;0.6916666666666668;0.4103703703703704;0.48907407407407416;0.5;0.66;0.33;0.49666666666666676;0.66;1.0;1.0;0.8866666666666667;1.0;1.0;1.0;1.0;0.66;0.33;0.33;0.44;0.0;0.0;1.0;0.3333333333333333;0.5;0.33;0.66;0.49666666666666676;0.2222222222222222;0.5555555555555556;0.6666666666666666;0.48148148148148157;0.66;0.0;0.33;0.33;1.0;1.0;1.0;1.0;1.0;1.0;1.0;1.0;1.0;1.0;1.0;1.0;0;1;0;0;1;6;5;2;6;4;3;4;4;3;3;4;7;4;7;4;7;4;1;3;400;30000;0;8;5;1;7;7;8;8;5;1;1;5;5;6;2;3;4;3;3;1;4;1;3;2;7;2;5;4
"1-5-0 (2020-11-16)";"doi.org/10.14281/18241.1";2018;410;"KOR";732;"ROK";410070928;20180110;201712;201801;14.38;14.59;21;1;410044;410010;7;4;3;1;928;2390;"ko";2;1;1.0;0.8032128514056225;41453.815261044176;2;2;2;3;2;3;2;1;2;1;1;1;1;2;2;2;2;1;2;1;1;1;2;1;2;1;3;4;4;4;4;3;5;2;3;3;3;3;4;2;3;3;3;2;3;1;2;3;2;3;6;8;6;4;4;4;4;4;1;1;1;1;2;2;2;2;2;1;2;2;3;2;2;3;3;1;2;2;2;2;1;2;2;2;3;3;2;2;3;2;3;2;2;8;3;1;2;0;0;0;0;0;0;0;0;0;0;0;0;7;7;6;3;4;1;6;2;2;3;3;2;1;2;4;3;1;1;2;1;2;2;1;1;3;3;4;3;3;4;3;3;4;2;2;2;2;1;2;2;2;3;2;1;1;2;3;1;2;3;3;1;7;4;4;7;4;6;2;2;2;2;2;4;4;7;8;3;2;2;4;2;1;1;2;3;1;1;4;3;4;1;4;1;1;1;3;3;1;1;3;4;4;3;3;5;1;2;1;1;1;2;1;3;3;2;3;3;3;3;3;3;3;3;3;1;1;410002;410002;410002;1;2;3;2;2;2;3;4;1;2;1;2;2;4;2;4;3;8;3;7;7;3;10;8;4;10;8;6;7;2;2;1;1;1;3;4;2;1964;53;4;3;1;1;1;410;410;410;1;4;1;2390;1;2;6;3;6;3;2;1;3;2;1;1;3;3;3;2;2;2;3;5;2;0;100000020;410004;3;2;1;0.6091666666666667;0.7750000000000001;0.7537962962962963;0.5925925925925926;1.0;0.33;0.66;0.6633333333333334;0.66;1.0;1.0;0.8866666666666667;0.0;1.0;1.0;0.6666666666666666;0.0;0.33;0.33;0.22;1.0;1.0;1.0;1.0;1.0;1.0;1.0;1.0;0.0;0.3333333333333333;0.2222222222222222;0.1851851851851852;0.66;1.0;0.8300000000000001;0.8300000000000001;1.0;1.0;1.0;1.0;1.0;1.0;1.0;1.0;1.0;1.0;1.0;1.0;1;1;0;1;0;8;7;5;7;7;7;6;7;7;6;7;7;7;8;8;4;1;7;3;650;41000;0;8;5;1;9;7;7;6;5;1;3;1;1;9;6;7;1;1;3;1;2;1;1;1;9;6;7;4
"1-5-0 (2020-11-16)";"doi.org/10.14281/18241.1";2018;410;"KOR";732;"ROK";410070929;20180110;201712;201801;14.42;15.09;27;1;410011;410001;8;5;1;1;929;2390;"ko";3;1;1.0;0.8032128514056225;41453.815261044176;1;1;1;3;3;3;1;2;1;1;1;2;2;1;2;2;2;1;2;1;1;2;2;2;2;2;2;2;1;3;2;2;4;2;2;1;4;2;3;3;2;2;3;3;1;2;1;1;2;2;7;7;6;4;4;4;4;4;1;2;1;3;2;4;4;4;3;3;3;2;3;2;3;2;2;3;1;3;2;2;1;3;3;2;2;2;3;2;4;3;2;2;3;7;3;1;2;0;0;2;0;0;1;0;0;0;1;0;0;8;4;7;6;6;1;6;2;3;3;2;2;2;3;6;3;2;1;0;1;2;1;1;2;3;3;4;3;4;4;4;2;4;1;1;2;2;1;2;2;1;3;3;1;1;1;2;3;1;3;1;4;8;4;6;5;5;7;4;1;2;2;2;3;4;6;6;2;1;1;5;4;6;5;3;2;3;2;4;7;4;3;6;4;2;3;2;3;5;6;4;4;4;3;2;4;1;2;1;5;1;2;2;2;2;2;3;1;3;3;2;1;2;2;3;3;1;410008;410008;410008;2;3;2;3;2;3;3;4;1;3;1;1;2;4;3;4;4;4;3;8;3;1;9;2;1;9;8;8;7;2;2;1;2;3;3;2;2;1980;37;3;2;1;1;1;410;410;410;1;5;1;2390;1;1;5;3;6;3;3;2;3;2;5;1;-3;1;3;-3;2;2;2;5;2;0;100000020;410004;1;1;1;0.6502777777777777;0.5255555555555557;0.44851851851851854;0.4387037037037037;0.0;0.33;0.33;0.22;0.66;1.0;0.8333333333333334;0.8311111111111112;1.0;1.0;1.0;1.0;0.66;0.33;0.66;0.5499999999999999;0.0;1.0;1.0;0.6666666666666666;0.75;0.0;0.66;0.47000000000000003;0.2222222222222222;0.3333333333333333;0.6666666666666666;0.40740740740740744;0.0;0.5;0.25;0.25;1.0;1.0;1.0;1.0;1.0;1.0;1.0;1.0;1.0;1.0;1.0;1.0;1;0;0;0;0;7;6;4;7;4;6;3;4;4;4;3;6;5;5;8;6;-3;-3;2;460;74000;0;-3;5;1;-3;-3;-3;7;4;1;1;6;6;8;5;8;7;6;2;3;2;3;2;2;8;5;9;4
"1-5-0 (2020-11-16)";"doi.org/10.14281/18241.1";2018;410;"KOR";732;"ROK";410070930;20180110;201712;201801;14.46;15.16;30;1;410041;410007;8;5;2;1;930;2390;"ko";2;1;1.0;0.8032128514056225;41453.815261044176;1;1;1;3;1;4;2;1;2;1;1;1;2;1;2;2;2;1;2;1;2;2;2;2;2;2;2;3;2;4;3;4;3;3;1;1;4;2;4;2;4;4;4;4;2;2;3;2;2;2;7;5;5;4;4;4;4;4;3;2;1;3;3;4;3;3;3;1;3;3;3;1;2;2;2;2;2;2;2;2;2;2;2;2;2;2;2;2;2;2;2;2;2;4;3;1;2;0;0;0;0;0;0;0;0;0;0;0;0;7;3;5;5;8;2;6;2;3;3;2;2;2;4;8;2;0;0;2;1;2;2;2;2;3;3;4;3;4;4;4;4;4;2;2;2;2;2;2;2;2;4;4;1;2;1;3;4;1;3;1;2;5;7;6;5;2;10;1;2;2;2;2;4;4;7;8;3;2;2;3;4;4;2;1;1;5;5;2;3;5;2;7;1;2;2;1;2;1;6;2;3;3;3;2;5;1;2;1;1;1;1;1;2;3;2;3;2;2;2;2;3;3;2;2;1;1;-2;-2;-2;1;4;1;4;2;1;4;4;1;2;2;2;3;4;2;4;5;7;1;10;10;1;8;3;1;8;10;5;5;3;2;1;1;1;2;2;1;1997;20;1;1;1;1;1;410;410;410;1;5;2;2390;6;0;3;2;-3;-3;6;3;6;3;6;-3;-3;-3;3;-3;2;1;2;6;2;0;100000020;410004;2;1;2;0.4575;0.6933333333333334;0.5923148148148148;0.4346296296296296;0.5;0.33;0.33;0.3866666666666667;1.0;1.0;1.0;1.0;1.0;0.0;0.0;0.3333333333333333;0.0;0.0;0.33;0.11;1.0;1.0;1.0;1.0;0.5;0.33;1.0;0.61;0.4444444444444444;0.1111111111111111;0.2222222222222222;0.25925925925925924;0.0;1.0;0.5;0.5;1.0;1.0;1.0;1.0;1.0;1.0;1.0;1.0;1.0;1.0;1.0;1.0;1;0;0;0;1;7;4;4;5;4;4;3;4;5;3;3;7;2;5;5;5;-3;-3;2;500;40000;0;-3;7;1;-3;-3;-3;10;1;1;1;5;2;5;5;5;5;5;3;6;1;4;1;4;3;5;5;-3
"1-5-0 (2020-11-16)";"doi.org/10.14281/18241.1";2018;410;"KOR";732;"ROK";410070931;20180110;201712;201801;15.01;15.26;25;1;410044;410010;7;4;3;1;931;2390;"ko";2;1;1.0;0.8032128514056225;41453.815261044176;1;2;2;3;1;4;2;1;1;1;2;1;2;2;2;1;2;1;2;1;2;1;2;1;2;2;2;3;2;3;1;2;2;1;2;1;3;3;5;3;4;3;3;2;3;1;2;2;2;2;8;6;7;4;4;4;4;4;1;2;2;3;3;4;3;3;2;3;3;3;2;3;2;2;3;3;3;2;4;3;2;3;3;3;2;2;2;2;3;2;1;1;1;7;3;1;2;0;0;0;0;0;0;0;0;0;0;0;0;3;7;4;4;5;2;7;2;3;2;2;3;2;4;4;5;2;2;2;1;0;1;1;1;2;2;3;3;4;2;3;3;4;2;1;2;1;1;2;2;2;4;3;1;1;2;3;4;1;3;4;2;3;6;4;7;6;5;2;2;2;2;2;3;3;7;8;3;2;1;7;1;1;1;1;3;1;1;3;3;2;1;2;1;1;1;2;2;3;1;4;4;4;4;3;5;1;5;1;1;1;5;1;3;3;3;3;3;3;3;3;3;3;3;3;3;2;410002;410002;410002;3;2;2;3;2;2;2;4;1;1;3;1;2;4;2;4;4;8;2;9;8;1;9;7;4;6;7;5;7;2;3;2;1;1;4;4;1;1991;26;2;1;1;1;1;410;410;410;1;1;1;2390;6;0;6;3;-3;-3;3;2;6;3;1;-3;3;-3;3;2;1;3;5;2;1;0;100000020;410004;2;1;1;0.595;0.7483333333333334;0.432037037037037;0.28074074074074074;0.5;0.66;0.33;0.49666666666666676;1.0;1.0;1.0;1.0;0.0;0.0;1.0;0.3333333333333333;0.66;0.66;0.33;0.5499999999999999;1.0;0.0;1.0;0.6666666666666666;0.25;0.33;0.66;0.41333333333333333;0.0;0.2222222222222222;0.2222222222222222;0.14814814814814814;0.0;1.0;0.5;0.5;1.0;1.0;1.0;1.0;1.0;1.0;1.0;1.0;1.0;1.0;1.0;1.0;1;0;0;0;1;5;5;3;5;3;6;4;4;3;2;2;5;4;4;8;5;1;6;5;210;5000;0;7;2;3;6;5;5;7;2;1;1;1;1;7;5;6;1;1;3;1;2;2;1;1;7;5;6;-3
"1-5-0 (2020-11-16)";"doi.org/10.14281/18241.1";2018;410;"KOR";732;"ROK";410070932;20180110;201712;201801;15.13;15.33;20;1;410028;410004;8;5;2;1;932;2390;"ko";3;1;1.0;0.8032128514056225;41453.815261044176;1;1;1;3;3;3;1;2;1;2;2;1;1;1;2;2;2;1;2;1;2;1;2;1;2;2;2;2;3;3;3;4;4;2;2;1;5;2;3;2;2;1;1;4;2;3;1;3;2;2;8;7;5;4;4;4;4;4;3;2;1;2;2;3;3;3;2;2;3;2;2;3;3;3;3;3;2;2;2;2;2;2;2;2;2;2;1;2;3;2;2;2;2;6;3;1;2;0;0;0;0;0;0;0;0;0;0;0;0;8;8;2;2;4;2;5;2;2;2;2;2;2;4;7;4;2;2;2;2;1;1;2;1;2;3;4;3;4;4;4;3;3;1;1;2;1;1;2;2;3;4;4;2;2;1;1;4;3;1;2;1;9;9;7;6;8;9;3;1;1;1;1;3;3;7;8;3;2;2;2;2;1;1;1;1;1;1;1;6;5;1;1;1;1;1;1;1;1;1;3;4;4;3;3;5;2;5;1;1;1;1;1;3;3;3;3;1;2;3;3;3;3;3;3;3;3;-2;-2;-2;2;3;2;4;2;2;4;4;3;2;2;2;3;3;2;3;4;10;1;9;10;2;9;8;2;10;10;7;7;2;2;1;1;2;2;3;2;1997;20;1;1;1;1;1;410;410;410;1;4;2;2390;6;0;3;2;-3;-3;5;3;6;3;6;-3;-3;-3;3;-3;2;2;3;5;2;0;100000020;410004;1;1;1;0.4975;0.72;0.30212962962962964;0.43759259259259264;1.0;0.33;0.33;0.5533333333333333;0.66;1.0;1.0;0.8866666666666667;0.0;0.0;0.0;0.0;0.33;0.66;0.66;0.55;0.0;0.0;1.0;0.3333333333333333;0.75;0.66;0.66;0.6900000000000001;0.0;0.0;0.5555555555555556;0.1851851851851852;0.0;0.0;0.0;0.0;1.0;1.0;1.0;1.0;1.0;1.0;1.0;1.0;1.0;1.0;1.0;1.0;0;0;0;1;0;7;6;5;8;5;6;4;3;6;7;7;8;2;4;7;3;-3;-3;2;450;53000;4000;-3;4;1;-3;-3;-3;8;1;1;1;5;6;7;2;4;5;6;2;7;2;3;2;2;7;2;4;-3
"1-5-0 (2020-11-16)";"doi.org/10.14281/18241.1";2018;410;"KOR";732;"ROK";410070933;20180110;201712;201801;15.17;15.51;34;1;410041;410007;8;5;2;1;933;2390;"ko";3;2;1.0;0.8032128514056225;41453.815261044176;1;1;2;2;2;3;1;2;1;1;2;1;2;1;2;2;2;1;2;1;2;1;2;2;2;2;1;2;1;1;2;2;2;1;1;1;2;1;5;3;2;3;2;2;2;2;1;2;2;2;9;8;6;4;4;4;4;4;3;2;1;2;3;3;3;4;3;3;3;3;2;3;3;3;2;3;3;2;2;2;2;2;1;2;2;2;1;1;1;1;1;1;2;6;2;3;2;0;0;0;0;0;0;0;0;0;0;0;0;9;4;7;8;7;1;5;2;2;3;3;3;2;1;7;4;2;2;1;2;0;1;1;1;3;2;4;4;4;4;4;4;4;1;1;2;1;2;2;2;4;4;4;1;1;2;1;3;1;2;2;1;7;5;8;8;3;8;3;2;2;2;2;4;4;7;8;3;2;2;3;5;3;3;2;2;1;2;2;2;2;1;3;1;2;1;4;3;4;2;2;3;3;4;2;3;1;5;4;5;5;2;2;2;2;2;3;2;2;2;2;2;2;2;2;1;1;410002;410002;410002;2;3;4;3;3;4;3;4;1;1;2;2;2;4;2;2;4;7;3;8;5;2;3;7;3;3;8;6;7;1;2;1;1;1;2;3;2;1977;40;3;2;1;1;1;410;410;410;1;4;1;2390;1;2;3;2;5;3;3;2;3;2;2;1;5;3;9;2;2;2;5;3;1;0;100000020;410004;3;2;1;0.7058333333333333;0.5816666666666667;0.22643518518518518;0.07870370370370369;0.5;0.33;0.0;0.27666666666666667;0.66;1.0;1.0;0.8866666666666667;1.0;1.0;1.0;1.0;0.66;0.66;0.66;0.66;0.0;0.0;1.0;0.3333333333333333;0.25;0.0;0.0;0.08333333333333333;0.0;0.1111111111111111;0.1111111111111111;0.07407407407407407;0.33;0.5;0.41500000000000004;0.41500000000000004;1.0;1.0;1.0;1.0;1.0;1.0;1.0;1.0;1.0;1.0;1.0;1.0;1;0;1;1;0;7;7;7;6;3;6;3;3;3;4;3;8;2;4;6;3;2;2;5;380;15000;4000;5;4;1;6;6;6;6;5;1;2;5;4;8;4;4;4;4;2;1;3;4;2;3;7;4;4;4
"1-5-0 (2020-11-16)";"doi.org/10.14281/18241.1";2018;410;"KOR";732;"ROK";410070934;20180110;201712;201801;15.28;15.59;31;1;410044;410010;7;4;3;1;934;2390;"ko";2;1;1.0;0.8032128514056225;41453.815261044176;2;2;1;2;1;3;1;1;2;2;1;2;1;2;2;1;2;1;2;1;2;1;2;1;2;2;3;2;2;2;2;3;2;1;3;3;3;3;2;3;3;3;2;3;3;1;2;2;2;3;6;6;4;4;4;4;4;4;1;1;1;2;2;3;3;4;2;1;2;2;3;2;3;3;3;3;3;2;3;3;2;3;2;2;2;2;3;4;3;2;2;3;2;7;3;1;2;0;0;0;0;0;0;0;0;0;0;0;0;4;4;5;6;7;1;7;3;3;3;2;2;2;3;6;4;1;1;1;2;2;1;1;2;2;2;4;3;3;3;4;3;3;2;2;2;1;1;2;2;1;2;3;2;2;1;3;4;1;3;1;2;5;7;4;7;4;6;3;2;2;2;2;3;3;7;8;3;2;1;8;3;1;1;1;3;3;4;3;2;2;1;4;1;1;1;1;1;1;1;3;4;4;4;3;5;1;2;1;5;1;5;2;3;3;3;3;3;3;3;3;3;3;3;3;1;1;410001;410001;410001;2;3;3;3;2;3;1;4;2;3;3;2;3;3;2;4;8;8;4;8;7;4;9;8;3;7;7;7;8;3;2;2;2;1;4;4;1;1955;62;5;3;1;1;1;410;410;410;1;2;1;2390;1;3;3;2;3;2;1;1;2;1;1;5;4;-5;5;3;1;3;3;2;1;0;100000020;410004;2;1;1;0.5116666666666667;0.6916666666666668;0.49712962962962964;0.2442592592592593;0.5;0.33;0.66;0.49666666666666676;0.66;1.0;1.0;0.8866666666666667;0.0;0.0;1.0;0.3333333333333333;0.0;0.33;0.66;0.33;1.0;1.0;1.0;1.0;0.25;0.33;0.33;0.3033333333333334;0.2222222222222222;0.2222222222222222;0.1111111111111111;0.1851851851851852;0.0;1.0;0.5;0.5;1.0;1.0;1.0;1.0;1.0;1.0;1.0;1.0;1.0;1.0;1.0;1.0;1;0;0;0;1;7;7;4;6;7;7;7;7;5;6;4;7;6;7;5;3;4;1;3;250;23000;0;4;2;1;5;4;6;4;4;1;1;6;1;4;8;5;6;1;3;2;2;3;2;3;4;8;5;4
"1-5-0 (2020-11-16)";"doi.org/10.14281/18241.1";2018;410;"KOR";732;"ROK";410070935;20180110;201712;201801;15.47;16.31;43;1;410011;410001;8;5;1;1;935;2390;"ko";2;1;1.0;0.8032128514056225;41453.815261044176;1;1;1;1;1;3;1;1;1;1;1;2;2;2;2;2;2;1;2;1;2;1;2;2;2;2;1;4;3;4;2;3;1;1;1;1;3;3;3;2;1;2;2;2;2;3;1;2;2;2;4;8;6;4;4;4;4;4;2;2;1;1;2;4;3;3;2;2;2;2;3;3;1;2;3;4;3;1;2;2;2;2;2;1;2;2;2;2;1;2;2;1;2;8;3;1;2;0;0;0;0;0;0;0;0;0;0;0;0;9;3;2;4;6;2;9;3;4;3;4;3;4;3;8;3;2;1;1;1;1;1;2;2;3;2;3;4;4;4;4;4;4;1;2;2;1;1;2;2;1;1;1;1;1;1;1;3;3;4;1;2;8;9;3;5;2;9;6;2;2;2;2;4;4;6;7;3;2;2;2;2;1;3;2;3;5;3;3;8;5;6;4;3;2;3;5;4;3;7;3;4;4;2;2;1;1;2;1;3;1;3;2;2;3;2;2;2;3;3;2;2;3;2;2;1;1;410002;410002;410002;2;3;2;1;2;3;2;2;1;2;1;2;3;4;1;3;7;8;6;7;8;3;9;3;5;9;9;8;7;2;1;1;1;1;3;2;1;1973;44;3;2;1;1;1;410;410;410;1;4;1;2390;1;2;6;3;5;3;-2;-2;-2;-2;1;5;3;-5;4;2;1;1;3;5;2;0;100000020;410004;3;2;1;0.4986111111111111;0.49888888888888894;0.6124537037037037;0.5174074074074074;0.5;0.0;0.0;0.16666666666666666;0.66;1.0;0.8333333333333334;0.8311111111111112;0.0;1.0;1.0;0.6666666666666666;0.33;0.66;0.0;0.33;1.0;1.0;1.0;1.0;0.0;0.66;1.0;0.5533333333333333;0.4444444444444444;0.2222222222222222;0.7777777777777778;0.48148148148148145;0.33;0.5;0.41500000000000004;0.41500000000000004;1.0;1.0;1.0;1.0;1.0;1.0;1.0;1.0;1.0;1.0;1.0;1.0;1;0;1;0;1;8;4;6;7;2;7;2;2;3;5;7;9;5;4;7;8;1;4;2;410;28500;8000;7;5;2;8;7;6;8;3;2;2;6;4;10;4;6;5;4;1;1;3;3;2;1;10;3;5;4
"1-5-0 (2020-11-16)";"doi.org/10.14281/18241.1";2018;410;"KOR";732;"ROK";410070936;20180110;201712;201801;15.55;16.16;21;1;410011;410001;8;5;1;1;936;2390;"ko";1;1;1.0;0.8032128514056225;41453.815261044176;1;2;2;1;2;1;1;2;2;1;2;1;2;1;1;2;2;1;1;1;1;1;2;2;2;2;2;2;1;3;2;2;2;1;1;1;2;1;5;2;1;1;2;3;1;1;1;1;2;2;8;6;7;4;4;4;4;4;1;1;1;2;1;3;3;4;1;2;3;3;2;1;2;2;1;1;2;1;2;1;2;3;4;2;3;3;3;2;2;3;1;2;1;3;3;1;2;2;2;1;0;1;0;1;0;0;0;0;0;8;4;5;4;7;1;4;2;2;1;1;2;2;3;6;2;0;1;2;1;1;0;0;2;3;1;4;4;4;4;4;4;4;2;2;2;2;2;2;2;2;3;3;1;2;2;2;3;1;3;1;4;7;8;6;3;3;5;6;1;1;1;1;2;3;1;1;1;1;1;4;5;5;4;4;3;2;2;4;4;1;2;1;3;2;3;1;2;5;3;4;4;4;1;1;1;1;1;1;5;1;2;1;1;2;2;2;1;2;2;2;1;2;2;2;2;1;410009;410009;410009;2;2;1;3;2;2;3;4;1;2;1;1;2;3;3;4;6;3;4;8;3;2;7;3;2;8;8;7;7;1;1;1;1;1;3;2;1;1956;61;5;3;1;1;1;410;410;410;1;2;1;2390;1;2;6;3;5;3;3;2;3;2;3;5;10;-5;5;2;1;1;2;6;2;2;20000000;410004;1;1;0;0.3325;0.055;0.2864814814814815;0.28129629629629627;0.0;0.0;0.33;0.11;0.0;0.0;0.0;0.0;1.0;1.0;1.0;1.0;0.33;0.0;0.33;0.22;0.0;0.0;1.0;0.3333333333333333;0.25;0.0;0.66;0.30333333333333334;0.1111111111111111;0.3333333333333333;0.3333333333333333;0.25925925925925924;0.0;0.5;0.25;0.25;1.0;1.0;1.0;1.0;1.0;1.0;1.0;1.0;1.0;1.0;1.0;1.0;1;0;0;0;0;7;4;7;4;4;4;3;2;6;3;4;6;5;8;6;6;3;5;1;540;117000;4700;6;6;1;6;7;7;6;7;1;1;9;6;5;6;5;9;7;2;4;1;2;1;3;5;5;6;4
"1-5-0 (2020-11-16)";"doi.org/10.14281/18241.1";2018;410;"KOR";732;"ROK";410070937;20180110;201712;201801;15.57;16.41;44;1;410011;410001;8;5;1;1;937;2390;"ko";2;1;1.0;0.8032128514056225;41453.815261044176;1;2;1;2;1;2;2;1;2;1;2;1;1;2;1;2;2;1;1;1;2;1;2;2;2;2;2;1;3;1;3;2;2;1;1;1;2;1;3;2;1;2;2;1;1;2;1;1;2;2;8;8;9;4;4;4;4;4;1;2;1;2;2;3;3;3;1;2;2;2;1;1;2;1;2;1;2;1;1;1;2;2;2;2;1;1;2;2;1;2;1;2;1;7;2;1;1;1;0;0;0;0;0;0;0;0;0;0;0;8;8;9;8;8;1;7;1;2;1;2;1;1;2;7;4;2;2;2;2;0;2;2;1;3;2;4;2;3;4;4;4;4;1;2;1;3;3;2;2;3;4;4;1;2;1;1;2;2;1;2;3;8;7;8;8;9;8;8;1;1;1;1;2;2;2;1;1;1;1;8;1;1;1;1;1;1;1;1;5;7;1;1;1;1;1;1;1;1;1;4;4;4;2;2;1;1;2;1;3;2;5;2;2;3;2;3;2;3;3;3;3;3;3;3;2;1;410001;410001;410001;2;1;2;1;2;1;2;1;2;1;2;2;1;2;2;2;5;7;7;8;8;3;8;8;8;9;8;8;8;2;2;2;1;2;1;2;1;1968;49;4;2;1;1;1;410;410;410;1;4;1;2390;1;2;6;3;6;3;2;1;2;1;1;1;3;3;5;1;1;1;2;8;3;2;20000000;410004;3;2;0;0.15138888888888888;0.19277777777777777;0.36203703703703705;0.22574074074074074;0.0;0.33;0.33;0.22;0.33;0.0;0.16666666666666666;0.16555555555555557;0.0;0.0;0.0;0.0;0.33;0.0;0.33;0.22;1.0;0.0;1.0;0.6666666666666666;0.25;0.66;0.0;0.30333333333333334;0.0;0.0;0.4444444444444444;0.14814814814814814;0.66;0.0;0.33;0.33;1.0;1.0;1.0;1.0;1.0;1.0;1.0;1.0;1.0;1.0;1.0;1.0;0;1;0;1;1;8;7;7;8;7;7;8;7;8;8;8;9;9;9;8;7;1;4;2;600;50000;0;9;8;1;9;8;8;8;8;1;1;6;7;6;7;6;6;6;2;2;2;1;2;2;7;8;6;4
"1-5-0 (2020-11-16)";"doi.org/10.14281/18241.1";2018;410;"KOR";732;"ROK";410070938;20180110;201712;201801;16.0;16.24;23;1;410028;410004;8;5;2;1;938;2390;"ko";3;1;1.0;0.8032128514056225;41453.815261044176;1;2;2;3;1;3;1;2;1;1;2;1;1;2;2;2;2;1;2;1;2;1;2;1;2;2;3;2;3;3;3;3;3;3;1;1;5;2;2;1;1;1;1;3;3;3;1;3;3;2;6;5;5;4;4;4;4;4;1;2;1;3;2;4;3;3;3;3;3;2;3;3;3;3;3;4;3;2;2;3;2;2;2;2;2;2;2;2;2;2;3;2;2;7;3;1;2;0;0;0;0;0;0;0;0;0;0;0;0;6;6;4;5;5;2;3;2;2;2;2;2;2;4;8;2;2;2;2;1;1;1;2;1;3;3;3;4;4;4;4;3;3;1;1;2;2;1;2;2;3;4;4;2;2;2;1;4;3;1;1;2;8;8;5;4;3;8;2;2;2;2;2;3;3;7;8;3;2;2;3;1;1;1;1;1;1;1;1;5;4;1;1;1;1;1;1;1;1;1;3;3;3;4;3;5;1;5;1;1;1;1;1;3;3;3;3;2;2;3;3;3;3;3;3;1;1;-2;-2;-2;2;3;3;3;2;2;4;4;2;2;1;2;3;4;2;4;4;9;2;8;9;1;9;9;2;10;9;9;8;2;2;2;2;2;3;3;2;1982;35;3;2;1;1;1;410;410;410;1;4;1;2390;1;2;6;3;6;3;3;2;3;2;1;1;3;3;4;2;2;1;3;5;2;0;100000020;410004;1;1;0;0.5525000000000001;0.7750000000000001;0.2720370370370371;0.37740740740740747;1.0;0.33;0.66;0.6633333333333334;0.66;1.0;1.0;0.8866666666666667;0.0;0.0;0.0;0.0;0.66;0.66;0.66;0.66;0.0;0.0;1.0;0.3333333333333333;0.5;0.66;0.66;0.6066666666666668;0.0;0.0;0.4444444444444444;0.14814814814814814;0.0;0.0;0.0;0.0;1.0;1.0;1.0;1.0;1.0;1.0;1.0;1.0;1.0;1.0;1.0;1.0;0;0;0;0;1;4;6;5;7;3;5;3;2;4;7;7;6;4;6;5;2;1;5;3;550;35000;4000;6;4;1;7;6;6;8;3;1;1;5;7;5;3;2;5;6;2;5;2;3;2;3;5;3;2;4
"1-5-0 (2020-11-16)";"doi.org/10.14281/18241.1";2018;410;"KOR";732;"ROK";410070939;20180110;201712;201801;16.01;16.22;21;1;410041;410007;8;5;2;1;939;2390;"ko";2;1;1.0;0.8032128514056225;41453.815261044176;1;2;2;3;3;2;1;2;2;2;1;1;2;1;2;2;1;1;2;1;2;1;2;1;2;2;2;3;2;3;2;2;2;1;2;1;3;3;4;3;2;3;2;3;2;1;1;3;2;2;8;7;5;4;4;4;4;4;1;2;2;2;2;3;2;3;2;2;3;3;3;3;3;4;4;4;3;2;2;3;2;2;2;3;2;2;2;1;1;2;2;2;2;7;3;1;2;2;0;0;0;0;0;0;0;0;0;0;0;8;7;3;4;8;1;8;2;3;3;4;4;1;2;7;3;2;2;1;0;0;0;2;2;3;2;4;4;4;4;4;4;4;1;2;2;2;2;2;2;1;2;1;2;2;1;3;2;2;1;3;2;8;8;7;8;4;8;8;1;1;1;1;2;3;2;3;2;1;1;8;2;3;1;1;2;1;1;1;5;3;1;2;1;1;1;2;1;2;1;2;2;2;3;3;5;2;5;3;3;2;3;3;3;3;2;3;3;3;3;3;3;3;3;3;2;2;-2;-2;-2;2;3;3;3;2;2;3;3;3;2;1;2;3;3;2;3;3;8;5;8;8;4;7;7;5;8;8;6;6;3;2;2;2;2;3;3;2;1996;21;1;1;1;1;1;410;410;410;1;4;2;2390;6;0;3;2;-3;-3;3;2;3;2;6;-3;-3;-3;4;-3;2;2;3;2;1;2;20000000;410004;4;2;0;0.5672222222222223;0.5261111111111112;0.4312037037037037;0.28074074074074074;1.0;0.33;0.33;0.5533333333333333;0.33;1.0;0.16666666666666666;0.49888888888888894;1.0;0.0;1.0;0.6666666666666666;0.33;0.66;0.66;0.55;0.0;1.0;0.0;0.3333333333333333;0.25;0.33;0.66;0.41333333333333333;0.0;0.0;0.4444444444444444;0.14814814814814814;0.66;1.0;0.8300000000000001;0.8300000000000001;1.0;1.0;1.0;1.0;1.0;1.0;1.0;1.0;1.0;1.0;1.0;1.0;1;1;0;1;1;7;8;5;6;4;5;4;3;3;4;3;8;5;6;8;8;-3;-3;3;380;45000;3000;-3;4;1;-3;-3;-3;8;2;1;3;4;2;3;2;4;4;2;3;7;2;3;1;3;3;2;4;-3
"1-5-0 (2020-11-16)";"doi.org/10.14281/18241.1";2018;410;"KOR";732;"ROK";410070940;20180110;201712;201801;16.02;16.37;35;1;410041;410007;8;5;2;1;940;2390;"ko";1;1;1.0;0.8032128514056225;41453.815261044176;1;3;3;3;1;4;1;2;1;1;2;1;1;2;2;2;2;1;2;1;2;2;2;2;2;2;3;3;3;4;4;4;4;2;1;1;5;2;3;4;3;4;4;4;2;3;3;3;2;3;9;4;2;4;4;4;4;4;3;2;1;3;3;3;3;3;4;1;2;2;3;2;2;2;3;3;3;3;1;2;2;2;2;2;1;1;1;1;1;1;1;1;1;5;3;1;2;0;0;0;0;0;0;0;0;0;0;0;0;8;3;7;6;7;1;5;2;3;3;3;2;3;4;5;2;2;0;2;0;2;0;2;2;3;3;4;4;4;4;4;4;4;2;2;2;1;2;2;2;2;2;3;1;2;1;2;4;3;1;1;2;5;4;8;5;3;10;1;2;2;2;2;4;4;7;8;3;2;2;5;3;3;1;1;1;5;5;5;7;7;5;6;1;1;3;1;5;1;10;3;4;4;4;2;5;1;5;1;4;1;5;1;2;3;2;3;2;2;3;2;3;2;3;3;1;1;410002;410002;410002;1;4;1;4;2;2;4;4;1;2;2;2;3;4;3;4;3;7;1;10;8;1;9;2;1;10;10;6;6;3;2;1;1;1;2;3;2;1969;48;4;2;1;1;1;410;410;410;1;4;1;2390;1;2;3;2;6;3;2;1;3;2;1;1;3;2;6;2;2;1;3;6;2;0;100000020;410004;1;1;0;0.5541666666666667;0.8316666666666668;0.4137962962962963;0.6609259259259259;1.0;0.33;0.66;0.6633333333333334;1.0;1.0;1.0;1.0;1.0;0.0;0.0;0.3333333333333333;0.0;0.33;0.33;0.22;0.0;0.0;1.0;0.3333333333333333;0.75;0.66;1.0;0.8033333333333333;0.4444444444444444;0.4444444444444444;0.6666666666666666;0.5185185185185185;0.0;0.0;0.0;0.0;1.0;1.0;1.0;1.0;1.0;1.0;1.0;1.0;1.0;1.0;1.0;1.0;0;0;0;0;1;5;3;2;5;3;5;3;2;3;4;3;5;2;3;7;3;1;4;3;550;50000;15000;4;5;1;4;4;5;8;1;1;2;3;5;6;1;2;2;4;2;4;1;4;2;3;7;1;4;4
"1-5-0 (2020-11-16)";"doi.org/10.14281/18241.1";2018;410;"KOR";732;"ROK";410070941;20180110;201712;201801;16.06;16.35;30;1;410044;410010;7;4;3;1;941;2390;"ko";2;1;1.0;0.8032128514056225;41453.815261044176;1;3;2;3;2;3;2;1;1;2;1;2;1;2;2;1;2;1;2;1;2;1;2;1;2;2;3;4;4;3;4;3;2;1;2;1;3;3;3;3;2;3;4;3;2;2;3;2;3;3;5;4;4;4;4;4;4;4;1;2;2;4;4;4;4;4;3;3;3;2;3;3;2;2;3;4;3;3;3;3;2;3;3;2;2;2;2;3;3;2;3;3;2;4;3;1;3;0;0;0;0;0;0;0;0;0;0;0;0;6;4;2;3;7;2;7;3;3;2;3;2;1;3;4;4;2;1;1;1;2;1;1;1;3;3;3;3;4;3;3;4;4;2;2;2;1;1;2;2;2;3;3;1;1;2;1;3;1;4;4;2;5;4;7;5;4;6;4;2;2;2;2;3;4;7;8;3;2;2;4;2;1;1;1;2;1;1;1;1;1;1;1;1;1;1;1;3;1;3;2;4;4;3;3;5;2;5;1;5;1;5;2;3;3;3;3;3;3;3;3;3;3;3;3;1;1;410008;410008;410008;2;2;3;2;2;2;4;1;3;3;2;2;1;4;1;4;6;8;3;8;9;3;8;8;4;10;7;8;6;2;2;2;2;1;2;3;2;1977;40;3;2;1;1;1;410;410;410;1;5;1;2390;1;3;3;2;6;3;3;2;3;2;5;1;-3;5;3;-3;2;2;3;3;1;0;100000020;410004;3;2;1;0.5666666666666667;0.6916666666666668;0.5129166666666667;0.31833333333333336;0.5;0.33;0.66;0.49666666666666676;0.66;1.0;1.0;0.8866666666666667;0.0;0.0;1.0;0.3333333333333333;0.66;0.66;0.33;0.5499999999999999;1.0;1.0;1.0;1.0;0.25;1.0;0.66;0.6366666666666667;0.0;0.0;0.0;0.0;0.33;0.5;0.41500000000000004;0.41500000000000004;1.0;1.0;1.0;1.0;1.0;1.0;1.0;1.0;1.0;1.0;1.0;1.0;1;0;1;0;1;4;4;5;4;5;4;4;4;5;3;4;5;5;4;6;2;-3;-3;3;380;19000;2500;-3;2;2;-3;-3;-3;5;3;1;1;2;1;6;4;7;2;1;3;3;2;2;2;1;6;4;7;4
"1-5-0 (2020-11-16)";"doi.org/10.14281/18241.1";2018;410;"KOR";732;"ROK";410070942;20180110;201712;201801;16.17;16.41;24;1;410026;410002;8;5;2;1;942;2390;"ko";3;1;1.0;0.8032128514056225;41453.815261044176;1;2;2;3;3;3;1;2;1;1;2;2;1;1;2;2;2;1;2;1;2;1;2;1;2;1;2;2;2;3;3;3;2;1;1;1;4;2;4;2;2;3;2;3;2;2;2;1;2;2;6;6;2;4;4;4;1;4;1;2;1;2;2;3;3;4;3;2;2;2;3;2;2;3;3;3;3;3;3;3;2;3;3;3;4;4;3;3;3;3;3;3;3;5;3;3;2;0;0;0;0;0;0;0;0;0;0;0;0;7;4;3;4;7;2;7;2;2;2;2;2;2;3;6;2;2;2;2;0;1;2;1;2;2;3;4;3;4;4;4;3;4;2;2;2;3;3;1;2;3;3;4;2;2;2;1;2;3;1;1;4;8;8;5;3;8;8;2;2;2;2;2;3;3;7;8;3;2;2;8;2;4;1;1;1;1;1;4;6;5;2;2;1;1;2;1;1;1;6;2;3;3;2;2;5;1;2;1;5;5;5;2;2;3;3;3;3;3;3;3;3;3;3;3;1;1;410002;410002;410002;2;3;2;3;3;3;3;3;2;2;2;4;4;4;1;4;8;6;1;9;7;1;8;4;3;9;8;7;7;2;2;2;2;3;4;4;1;1942;75;6;3;1;1;1;410;410;410;1;2;1;2390;1;3;3;2;2;1;1;1;1;1;4;2;-3;8;9;-3;2;3;5;2;1;7;70000000;410004;0;1;1;0.4425;0.5533333333333333;0.2607407407407407;0.3548148148148148;0.0;0.33;0.33;0.22;0.66;1.0;1.0;0.8866666666666667;1.0;0.0;0.0;0.3333333333333333;0.33;0.33;0.33;0.33;0.0;0.0;1.0;0.3333333333333333;0.25;0.33;0.66;0.41333333333333333;0.0;0.3333333333333333;0.5555555555555556;0.2962962962962963;0.0;0.0;0.0;0.0;1.0;1.0;1.0;1.0;1.0;1.0;1.0;1.0;1.0;1.0;1.0;1.0;0;0;0;0;0;7;6;4;6;4;5;3;4;4;4;4;7;3;7;5;7;-3;-3;5;90;12000;0;-3;2;1;-3;-3;-3;7;3;1;1;5;4;6;3;4;4;4;3;1;3;2;2;2;7;2;5;4
"1-5-0 (2020-11-16)";"doi.org/10.14281/18241.1";2018;410;"KOR";732;"ROK";410070943;20180110;201712;201801;16.23;16.51;28;1;410041;410007;8;5;2;1;943;2390;"ko";2;1;1.0;0.8032128514056225;41453.815261044176;1;2;2;3;2;4;1;2;1;1;1;1;2;2;2;2;2;1;2;1;2;1;2;2;2;2;1;2;1;1;2;2;2;1;1;1;2;1;4;2;1;1;2;2;2;3;2;3;2;1;9;8;6;4;4;4;4;4;3;1;2;1;2;3;4;4;3;3;2;3;3;3;3;2;2;3;2;2;3;3;2;2;2;2;2;2;1;1;1;1;2;1;2;2;2;3;2;0;1;0;0;0;0;0;0;0;0;0;0;7;5;6;3;7;1;8;3;3;3;3;3;2;1;8;3;2;1;2;1;1;0;1;2;3;2;4;4;4;4;4;4;4;1;2;2;1;1;2;2;4;4;4;1;1;1;3;1;2;4;1;3;6;4;3;6;3;8;2;2;2;2;2;4;4;7;8;3;1;2;9;4;3;2;2;2;4;3;6;5;3;3;3;2;1;2;1;2;1;2;3;4;4;4;2;4;2;4;1;4;1;2;2;2;2;2;2;1;2;2;2;2;2;2;2;4;4;410002;410002;410002;2;2;3;3;3;4;3;4;1;1;1;1;3;4;1;3;4;7;3;3;5;2;2;7;5;4;9;7;6;1;2;2;1;2;3;3;2;1997;20;1;1;1;1;1;410;410;410;1;4;2;2390;6;0;3;2;-3;-3;3;2;3;2;2;-3;5;-3;3;2;2;2;3;4;2;0;100000020;410004;4;3;0;0.7758333333333334;0.7216666666666667;0.548611111111111;0.2638888888888889;1.0;0.33;0.0;0.44333333333333336;1.0;1.0;1.0;1.0;1.0;1.0;1.0;1.0;0.66;0.66;0.66;0.66;0.0;1.0;1.0;0.6666666666666666;0.25;0.0;0.0;0.08333333333333333;0.3333333333333333;0.5555555555555556;0.4444444444444444;0.4444444444444444;1.0;1.0;1.0;1.0;1.0;1.0;1.0;1.0;1.0;1.0;1.0;1.0;1.0;1.0;1.0;1.0;1;1;1;0;1;5;8;5;5;3;5;3;3;3;4;3;7;2;6;3;8;2;2;3;450;30000;0;5;3;1;4;5;5;8;2;1;3;4;6;8;3;4;4;4;2;1;4;1;3;2;8;3;4;-3
"1-5-0 (2020-11-16)";"doi.org/10.14281/18241.1";2018;410;"KOR";732;"ROK";410070944;20180110;201712;201801;16.36;16.57;21;1;410044;410010;7;4;3;1;944;2390;"ko";2;1;1.0;0.8032128514056225;41453.815261044176;2;2;2;2;1;3;1;2;1;1;2;1;2;1;2;2;2;1;2;1;2;1;2;1;2;2;3;4;3;2;3;3;3;3;2;1;3;3;3;2;3;4;3;3;1;1;3;2;2;3;7;5;5;4;4;4;4;4;1;1;2;3;2;3;4;3;3;4;3;3;2;3;2;2;3;3;3;3;2;3;2;2;3;3;2;2;3;3;2;2;2;3;3;7;3;1;2;0;0;0;0;0;0;0;0;0;0;0;0;4;6;3;5;6;1;7;2;3;3;2;3;2;2;6;2;1;2;1;1;2;2;1;1;3;2;3;4;3;3;4;4;4;2;2;2;1;1;2;2;2;3;3;1;1;1;3;1;3;2;1;4;4;6;5;7;5;7;4;2;2;2;2;4;4;7;8;3;1;2;7;6;2;1;1;1;1;1;1;1;1;1;4;1;1;1;1;1;1;3;3;4;4;2;2;5;1;2;1;1;1;5;1;3;3;3;3;3;3;3;3;3;3;3;3;1;1;410001;410001;410001;1;2;2;2;1;2;3;4;3;2;3;2;1;3;2;4;8;9;3;7;7;3;8;7;3;6;7;8;7;2;2;2;1;1;2;3;1;1966;51;4;3;1;1;1;410;410;410;1;4;1;2390;1;2;6;3;6;3;3;2;3;2;1;1;3;4;3;2;1;2;3;5;2;0;100000020;410004;2;2;1;0.595;0.6916666666666668;0.37375;0.24833333333333338;0.5;0.33;0.66;0.49666666666666676;0.66;1.0;1.0;0.8866666666666667;1.0;0.0;0.0;0.3333333333333333;1.0;0.66;0.33;0.6633333333333333;0.0;0.0;1.0;0.3333333333333333;0.5;0.66;0.33;0.49666666666666676;0.0;0.0;0.0;0.0;0.33;1.0;0.665;0.665;1.0;1.0;1.0;1.0;1.0;1.0;1.0;1.0;1.0;1.0;1.0;1.0;1;0;1;0;0;6;6;6;8;6;7;7;6;7;7;6;5;5;6;6;4;1;7;3;650;37000;3000;7;4;1;5;8;7;7;4;1;1;5;2;5;9;3;5;2;3;2;3;4;2;2;5;9;3;4
"1-5-0 (2020-11-16)";"doi.org/10.14281/18241.1";2018;410;"KOR";732;"ROK";410070945;20180110;201712;201801;16.37;17.1;33;1;410041;410007;8;5;2;1;945;2390;"ko";2;1;1.0;0.8032128514056225;41453.815261044176;2;2;1;2;2;2;1;1;1;2;1;2;2;1;2;2;2;1;2;1;2;1;2;2;2;2;3;3;2;2;1;2;2;1;1;1;2;1;2;2;1;2;2;2;2;3;1;3;2;3;5;7;4;4;4;4;4;4;1;2;2;2;2;4;4;4;3;3;3;3;3;3;3;3;3;3;3;3;3;3;3;3;3;3;3;3;3;3;3;3;3;3;3;7;3;3;2;0;0;0;0;0;0;0;0;0;0;0;0;7;4;7;3;6;2;7;2;2;2;2;2;2;4;7;4;2;2;1;1;1;1;1;1;2;2;4;2;4;4;4;4;4;2;2;2;1;3;2;2;2;3;3;1;1;1;1;2;1;3;1;4;8;7;7;7;8;8;3;2;2;2;2;3;3;7;8;3;2;2;3;3;5;3;5;4;5;6;6;2;7;3;3;3;2;2;5;2;2;5;3;3;3;2;2;1;1;1;1;5;1;5;1;2;2;1;2;2;2;2;2;3;3;3;3;1;1;410002;410002;410002;2;3;1;3;2;3;3;4;2;3;1;2;4;4;1;3;2;8;5;9;2;2;8;8;9;8;8;7;8;2;2;1;1;1;2;2;1;1956;61;5;3;1;1;1;410;410;410;1;2;1;2390;1;2;3;2;2;1;1;1;1;1;3;5;4;-5;10;2;1;2;3;4;2;0;100000020;410004;0;1;2;0.7750000000000001;0.7200000000000001;0.418425925925926;0.3368518518518519;1.0;0.33;0.66;0.6633333333333334;0.33;1.0;1.0;0.7766666666666667;1.0;1.0;1.0;1.0;0.66;0.66;0.66;0.66;1.0;1.0;1.0;1.0;0.25;0.33;0.33;0.3033333333333334;0.4444444444444444;0.5555555555555556;0.1111111111111111;0.3703703703703704;0.0;0.0;0.0;0.0;1.0;1.0;1.0;1.0;1.0;1.0;1.0;1.0;1.0;1.0;1.0;1.0;0;0;0;0;0;6;6;6;7;3;5;3;3;7;5;6;5;6;3;8;5;4;1;3;200;40000;8000;6;5;1;6;6;10;6;3;1;4;5;2;8;2;5;5;2;2;1;1;2;1;1;9;2;5;4
"1-5-0 (2020-11-16)";"doi.org/10.14281/18241.1";2018;410;"KOR";732;"ROK";410070946;20180110;201712;201801;16.43;17.03;20;1;410041;410007;8;5;2;1;946;2390;"ko";2;1;1.0;0.8032128514056225;41453.815261044176;1;2;2;3;3;3;1;1;2;1;2;1;2;2;2;2;1;1;2;1;2;1;2;1;2;2;2;3;2;3;2;3;3;3;2;1;3;3;4;3;3;2;3;3;2;1;1;3;3;2;7;7;5;4;4;4;4;4;1;2;2;2;2;3;3;3;3;2;3;3;3;3;3;2;3;4;2;3;2;3;2;3;2;2;1;1;1;2;2;2;2;1;2;4;3;1;1;0;0;0;0;0;0;0;0;0;0;0;0;8;7;3;5;6;1;8;2;3;3;4;4;1;2;8;3;2;2;0;0;0;0;1;2;3;2;4;4;4;4;4;4;4;1;1;2;2;2;2;2;1;2;1;2;2;1;3;2;2;3;3;2;8;7;5;8;7;8;3;2;2;2;2;3;3;7;8;3;1;1;5;1;2;1;2;2;1;1;1;6;3;1;1;1;1;2;3;2;1;1;2;2;2;2;2;5;1;5;2;5;2;5;3;3;3;3;3;3;3;3;3;3;3;3;3;1;1;-2;-2;-2;2;3;3;3;2;2;3;3;2;2;1;3;3;3;2;3;7;8;5;8;8;4;8;7;4;8;8;6;7;3;2;2;2;2;3;3;2;1961;56;5;3;1;1;1;410;410;410;1;3;1;2390;1;1;3;2;3;2;1;1;1;1;1;3;5;6;5;2;2;2;3;5;2;0;100000020;410004;4;2;0;0.7475;0.72;0.4612962962962963;0.34092592592592597;1.0;0.33;0.33;0.5533333333333333;0.66;1.0;1.0;0.8866666666666667;1.0;1.0;1.0;1.0;0.33;0.66;0.66;0.55;1.0;0.0;0.0;0.3333333333333333;0.5;0.33;0.66;0.49666666666666676;0.0;0.0;0.5555555555555556;0.1851851851851852;0.66;1.0;0.8300000000000001;0.8300000000000001;1.0;1.0;1.0;1.0;1.0;1.0;1.0;1.0;1.0;1.0;1.0;1.0;1;1;0;1;1;4;7;6;7;4;5;4;3;4;7;4;5;4;6;8;5;2;4;3;480;38000;2500;6;4;1;6;5;4;8;6;1;1;6;3;4;3;5;6;2;3;4;2;3;1;3;4;3;5;4
"1-5-0 (2020-11-16)";"doi.org/10.14281/18241.1";2018;410;"KOR";732;"ROK";410070947;20180110;201712;201801;16.45;19.4;174;1;410028;410004;8;5;2;1;947;2390;"ko";2;2;1.0;0.8032128514056225;41453.815261044176;1;2;2;2;2;3;1;1;1;1;1;2;2;2;2;2;2;1;2;1;2;1;2;2;2;2;3;2;2;3;2;2;4;2;3;3;4;2;3;4;3;3;3;2;2;3;3;3;2;2;7;7;7;4;4;4;4;4;1;2;2;2;2;4;4;4;3;2;3;3;3;3;2;2;4;2;2;2;3;3;3;3;3;2;3;3;2;3;3;4;3;2;3;5;2;3;2;0;0;0;0;0;0;0;0;0;0;0;0;3;3;4;3;3;1;8;4;4;4;4;4;2;3;5;3;2;0;2;0;2;0;0;2;3;3;2;2;2;3;3;2;2;2;2;2;2;3;2;2;2;3;3;1;2;1;2;1;3;1;1;2;6;4;5;3;5;8;6;2;2;2;2;3;3;7;8;3;1;1;6;1;2;1;1;1;1;1;3;4;4;3;4;1;2;2;2;2;1;6;3;3;3;2;2;5;1;3;2;5;2;5;1;3;3;3;3;3;2;3;3;3;3;3;3;1;1;410001;410001;410001;2;3;2;3;3;2;3;2;3;2;2;2;2;3;3;4;7;6;7;6;7;3;8;7;2;7;7;7;7;3;3;2;2;2;4;4;1;1963;54;4;3;1;1;1;410;410;410;1;4;1;2390;1;2;3;2;3;2;1;1;1;1;1;1;4;4;8;2;1;2;3;4;2;0;100000020;410004;1;1;1;0.6083333333333334;0.8300000000000001;0.4412962962962963;0.38259259259259265;1.0;0.66;0.66;0.7733333333333334;0.66;1.0;1.0;0.8866666666666667;1.0;0.0;0.0;0.3333333333333333;0.33;0.66;0.33;0.44;1.0;1.0;1.0;1.0;0.75;0.33;0.66;0.5800000000000001;0.0;0.2222222222222222;0.3333333333333333;0.1851851851851852;0.0;0.0;0.0;0.0;1.0;1.0;1.0;1.0;1.0;1.0;1.0;1.0;1.0;1.0;1.0;1.0;0;0;0;0;1;7;7;6;4;3;4;4;4;3;3;3;7;3;2;3;4;4;1;3;450;25000;5000;8;4;1;8;8;8;7;4;1;1;3;3;3;7;2;2;2;2;2;4;4;4;4;3;6;3;4
"1-5-0 (2020-11-16)";"doi.org/10.14281/18241.1";2018;410;"KOR";732;"ROK";410070948;20180110;201712;201801;17.04;17.4;35;1;410028;410004;8;5;2;1;948;2390;"ko";2;1;1.0;0.8032128514056225;41453.815261044176;1;2;2;1;1;1;2;2;1;1;1;2;2;1;1;2;2;1;2;1;1;1;2;1;2;2;2;2;3;3;2;3;2;1;1;1;4;2;4;2;2;2;2;2;3;3;1;1;2;2;9;7;5;4;4;4;4;4;1;2;1;2;2;3;3;3;2;3;4;4;4;4;2;2;4;4;3;2;2;2;2;2;2;3;2;2;2;3;3;3;3;3;3;5;3;1;2;2;0;0;0;0;0;0;0;0;0;0;0;8;3;7;3;3;1;7;2;2;3;2;4;3;2;6;3;2;1;2;1;1;1;1;1;3;2;4;3;3;4;3;3;3;1;1;2;2;2;2;2;2;2;2;1;2;1;2;4;3;1;1;2;8;5;7;5;7;8;9;1;1;1;1;2;1;2;2;1;1;1;5;5;3;2;2;2;1;1;3;5;5;1;4;1;4;2;2;1;1;5;4;4;4;1;1;5;1;5;1;4;1;2;3;2;2;2;2;2;2;2;2;1;1;2;2;1;1;5;5;5;2;3;1;3;4;3;3;3;1;3;1;2;3;3;2;3;8;7;5;9;5;5;6;3;4;8;8;8;7;2;2;1;1;1;4;4;2;1977;40;3;2;1;1;1;410;410;410;2;3;1;2390;1;1;5;3;6;3;3;2;3;2;5;1;-3;3;3;-3;2;2;4;4;2;2;20000000;410004;1;1;0;0.4847222222222223;0.13777777777777778;0.35305555555555557;0.37277777777777776;0.0;0.33;0.33;0.22;0.0;0.0;0.16666666666666666;0.05555555555555555;1.0;1.0;1.0;1.0;0.66;1.0;0.33;0.6633333333333334;0.0;1.0;1.0;0.6666666666666666;0.25;0.66;0.66;0.5233333333333333;0.0;0.2222222222222222;0.4444444444444444;0.2222222222222222;0.0;0.0;0.0;0.0;1.0;1.0;1.0;1.0;1.0;1.0;1.0;1.0;1.0;1.0;1.0;1.0;0;0;0;0;1;5;4;7;5;3;3;4;5;8;8;8;7;5;5;6;4;-3;-3;3;350;23000;0;-3;2;1;-3;-3;-3;7;3;1;1;3;2;2;1;4;3;1;3;2;1;4;1;3;1;1;5;4
"1-5-0 (2020-11-16)";"doi.org/10.14281/18241.1";2018;410;"KOR";732;"ROK";410070949;20180110;201712;201801;17.04;17.27;23;1;410044;410010;7;4;3;1;949;2390;"ko";2;1;1.0;0.8032128514056225;41453.815261044176;1;1;2;2;1;3;1;2;1;2;2;1;2;1;2;1;2;1;2;1;2;1;2;1;2;2;2;3;3;4;3;3;2;1;2;1;3;3;3;2;4;3;2;3;1;2;1;2;2;2;7;7;6;4;4;4;4;4;1;2;2;2;2;3;3;4;3;3;2;3;4;3;2;2;3;2;2;2;2;3;2;3;1;2;3;3;2;2;3;3;2;3;3;7;3;1;2;0;0;0;0;0;0;0;0;0;0;0;0;4;6;3;4;6;1;7;2;2;2;3;2;2;2;3;4;0;2;1;1;1;2;2;1;2;2;3;3;3;4;4;3;3;2;2;2;1;1;2;2;2;2;2;2;2;2;3;1;3;4;2;4;5;4;7;8;3;4;4;2;2;2;2;4;4;7;8;2;2;2;3;3;1;1;1;3;1;1;3;4;3;1;3;1;1;1;1;1;3;3;3;3;3;3;3;5;1;2;1;2;1;5;1;3;3;3;3;3;3;3;2;3;3;3;3;1;1;410002;410002;410002;2;3;2;2;3;1;2;4;3;2;2;1;2;4;2;4;3;8;3;8;8;4;9;7;4;7;7;8;7;2;3;1;2;1;3;4;2;1984;33;2;2;1;1;1;410;410;410;1;3;1;2390;1;1;6;3;6;3;6;3;6;3;1;1;4;3;4;3;2;2;3;3;1;0;100000020;410004;3;2;1;0.5666666666666667;0.6916666666666668;0.4550462962962963;0.41092592592592597;0.5;0.66;0.33;0.49666666666666676;0.66;1.0;1.0;0.8866666666666667;0.0;0.0;1.0;0.3333333333333333;0.66;0.66;0.33;0.5499999999999999;0.0;0.0;1.0;0.3333333333333333;0.25;0.66;1.0;0.6366666666666667;0.0;0.2222222222222222;0.3333333333333333;0.1851851851851852;0.33;1.0;0.665;0.665;1.0;1.0;1.0;1.0;1.0;1.0;1.0;1.0;1.0;1.0;1.0;1.0;1;0;1;1;0;7;7;5;6;7;4;4;3;4;4;4;7;6;6;7;4;4;1;3;500;14000;2800;8;3;2;8;9;8;8;3;1;2;3;1;9;4;5;3;1;2;1;2;2;1;2;9;4;5;4
"1-5-0 (2020-11-16)";"doi.org/10.14281/18241.1";2018;410;"KOR";732;"ROK";410070950;20180110;201712;201801;17.04;17.45;41;1;410011;410001;8;5;1;1;950;2390;"ko";3;1;1.0;0.8032128514056225;41453.815261044176;1;1;1;3;2;2;1;1;2;1;1;2;2;1;2;2;2;1;2;1;2;1;2;2;2;2;3;3;3;4;3;2;3;3;1;1;2;1;3;3;2;1;2;2;2;3;1;3;2;2;8;9;6;4;4;4;3;4;3;2;1;1;1;4;2;3;2;2;2;2;3;2;1;2;2;3;3;2;2;1;2;2;1;2;2;2;2;1;2;2;1;2;2;8;3;2;2;0;0;0;0;0;0;0;0;0;0;0;0;9;4;2;6;7;2;9;4;3;4;4;4;3;4;8;3;2;1;1;0;1;1;2;1;3;3;3;4;4;4;4;3;4;1;1;2;1;1;2;2;1;1;2;1;1;2;1;3;3;4;1;2;9;10;6;4;7;6;8;1;1;1;1;3;3;2;2;1;1;1;4;3;2;4;3;2;5;4;2;7;6;6;6;4;4;3;6;6;4;8;3;4;4;3;3;5;1;5;1;3;1;4;2;3;3;3;3;2;3;3;3;2;3;3;3;1;1;410002;410002;410002;2;2;2;2;2;3;3;2;2;2;1;2;2;4;2;3;7;9;6;9;8;4;7;9;4;9;10;8;7;2;1;1;1;1;3;3;2;1981;36;3;2;1;1;1;410;410;410;1;4;1;2390;1;2;5;3;6;3;3;2;3;2;5;1;-3;3;3;-3;2;1;3;5;2;2;20000000;410004;3;2;2;0.4847222222222222;0.35944444444444446;0.6356018518518519;0.5637037037037037;1.0;0.0;0.66;0.5533333333333333;0.33;0.0;0.16666666666666666;0.16555555555555557;1.0;1.0;1.0;1.0;0.33;0.33;0.0;0.22;1.0;1.0;1.0;1.0;0.5;0.66;1.0;0.7200000000000001;0.4444444444444444;0.1111111111111111;0.6666666666666666;0.4074074074074074;0.33;0.5;0.41500000000000004;0.41500000000000004;1.0;1.0;1.0;1.0;1.0;1.0;1.0;1.0;1.0;1.0;1.0;1.0;1;0;1;0;1;8;5;7;6;4;6;3;3;1;5;4;7;2;4;7;8;-3;-3;2;380;25000;6500;-3;4;2;-3;-3;-3;9;3;1;1;6;4;8;3;5;5;5;2;1;3;3;1;2;9;3;5;4
"1-5-0 (2020-11-16)";"doi.org/10.14281/18241.1";2018;410;"KOR";732;"ROK";410070951;20180110;201712;201801;17.07;17.5;43;1;410041;410007;8;5;2;1;951;2390;"ko";1;1;1.0;0.8032128514056225;41453.815261044176;1;1;2;3;1;4;1;1;1;1;1;2;2;2;2;2;2;1;2;1;2;1;2;2;2;2;3;3;3;4;3;3;2;1;1;1;4;2;5;2;3;2;2;4;2;2;3;3;2;2;8;8;5;4;4;4;4;4;1;2;1;3;3;3;4;4;4;1;2;3;3;3;2;2;3;3;3;3;2;3;3;2;2;2;1;1;1;1;1;1;1;1;1;7;3;1;2;0;1;0;0;0;0;0;0;0;0;0;0;9;3;7;5;3;1;5;2;2;3;2;2;2;4;4;2;1;0;2;0;2;1;2;2;3;3;4;4;4;4;4;4;4;2;2;2;2;3;2;2;2;3;3;1;2;1;2;3;3;1;1;3;5;4;6;4;3;10;1;1;2;2;2;4;4;7;8;3;2;2;3;3;3;1;1;1;2;7;5;8;8;5;7;1;3;3;1;3;1;8;3;4;4;4;2;5;1;1;1;2;1;5;1;2;3;2;3;2;2;2;2;3;3;3;3;2;2;410002;410002;410002;1;4;1;4;2;1;4;4;1;1;2;2;3;4;3;4;3;8;1;10;7;1;10;1;1;7;10;7;7;2;2;1;1;2;2;3;1;1970;47;4;2;1;1;1;410;410;410;1;4;1;2390;1;2;6;3;6;3;3;2;3;2;1;1;2;3;6;2;1;2;3;5;2;0;100000020;410004;2;1;1;0.5816666666666667;0.8316666666666668;0.5827777777777778;0.5405555555555556;1.0;0.33;0.66;0.6633333333333334;1.0;1.0;1.0;1.0;1.0;0.0;0.0;0.3333333333333333;0.0;0.66;0.33;0.33;1.0;1.0;1.0;1.0;0.25;0.66;1.0;0.6366666666666667;0.1111111111111111;0.4444444444444444;0.7777777777777778;0.4444444444444445;0.0;0.5;0.25;0.25;1.0;1.0;1.0;1.0;1.0;1.0;1.0;1.0;1.0;1.0;1.0;1.0;1;0;0;0;1;8;5;4;6;6;7;4;3;7;5;7;9;4;9;5;4;1;3;3;600;38000;10000;7;4;1;7;8;8;8;5;1;2;2;5;6;1;3;2;4;2;3;2;4;2;3;8;1;3;4
"1-5-0 (2020-11-16)";"doi.org/10.14281/18241.1";2018;410;"KOR";732;"ROK";410070952;20180110;201712;201801;17.14;18.08;53;1;410011;410001;8;5;1;1;952;2390;"ko";2;1;1.0;0.8032128514056225;41453.815261044176;1;1;2;2;1;3;1;2;2;2;1;1;2;1;2;1;2;1;2;1;2;1;1;1;2;2;1;2;1;2;2;1;2;1;1;1;2;1;2;1;2;1;2;1;1;1;1;1;2;2;8;9;8;4;4;4;4;4;1;1;1;3;2;3;2;2;2;1;2;1;2;1;2;1;2;1;1;1;2;1;2;1;2;2;1;1;2;1;2;1;2;1;2;8;3;1;2;0;0;0;0;0;0;0;0;0;1;0;0;7;8;7;8;8;1;6;2;1;2;1;2;1;2;7;4;2;2;1;2;1;2;1;2;1;2;4;4;4;4;4;3;4;2;1;2;4;4;2;2;3;4;4;1;1;2;3;2;2;3;2;3;8;9;8;8;8;9;8;2;2;2;2;3;3;7;8;3;1;1;8;1;1;1;1;1;1;1;1;5;6;1;3;1;1;1;1;1;1;1;4;4;4;3;2;5;1;5;1;2;2;2;1;3;3;3;3;2;3;2;3;2;3;2;3;1;1;410001;410001;410001;2;1;2;1;2;1;2;1;2;1;2;1;2;1;2;2;3;7;8;8;7;8;8;7;8;7;7;8;8;2;2;1;2;1;2;2;1;1981;36;3;2;1;1;1;410;410;410;1;3;2;2390;1;1;5;3;5;3;3;2;3;2;1;1;3;3;4;2;1;1;3;6;2;0;100000020;410004;4;2;1;0.27666666666666667;0.49833333333333335;0.4595370370370371;0.17074074074074075;0.0;0.33;0.0;0.11;0.66;1.0;1.0;0.8866666666666667;0.0;0.0;0.0;0.0;0.0;0.0;0.33;0.11;0.0;1.0;1.0;0.6666666666666666;0.25;0.0;0.33;0.19333333333333336;0.0;0.0;0.4444444444444444;0.14814814814814814;0.66;1.0;0.8300000000000001;0.8300000000000001;1.0;1.0;1.0;1.0;1.0;1.0;1.0;1.0;1.0;1.0;1.0;1.0;1;1;0;1;1;8;7;8;8;8;8;9;8;9;8;9;9;8;8;9;8;1;3;3;350;10000;0;9;6;2;8;9;9;8;9;1;1;6;5;6;7;5;5;5;2;3;2;1;2;1;6;7;6;4
"1-5-0 (2020-11-16)";"doi.org/10.14281/18241.1";2018;410;"KOR";732;"ROK";410070953;20180110;201712;201801;17.18;17.53;35;1;410041;410007;8;5;2;1;953;2390;"ko";2;1;1.0;0.8032128514056225;41453.815261044176;2;1;2;3;3;1;2;1;1;1;1;1;2;2;2;2;2;1;2;1;2;2;2;1;2;2;1;3;3;3;3;3;2;1;2;1;3;3;2;4;2;2;2;4;2;3;1;3;2;1;8;6;5;4;4;4;4;4;1;2;2;3;2;4;3;3;2;3;3;3;3;2;2;2;3;3;3;3;3;3;3;2;2;2;2;2;2;2;2;2;2;2;2;8;3;1;2;2;0;0;0;0;0;0;0;0;0;0;0;3;3;3;4;7;2;8;2;2;2;2;2;2;2;8;3;2;0;1;1;1;1;1;1;2;2;4;2;4;4;4;4;2;2;2;2;3;3;2;2;2;3;2;1;1;1;1;2;3;1;1;3;8;7;7;4;2;9;7;1;1;1;1;2;2;1;1;1;1;1;5;3;5;1;4;1;8;6;7;8;7;7;6;1;1;1;4;4;3;6;4;4;4;3;3;5;2;5;1;1;1;1;1;3;3;3;3;3;3;3;3;3;3;3;3;4;4;-2;-2;-2;2;3;3;3;2;3;3;3;2;2;2;2;4;4;1;3;6;3;4;10;3;1;10;8;5;10;9;6;6;2;2;2;2;2;3;3;2;1996;21;1;1;1;1;1;410;410;410;1;4;2;2390;6;0;3;2;-3;-3;6;3;6;3;6;-3;-3;-3;3;-3;2;2;3;6;2;2;20000000;410004;1;1;1;0.38749999999999996;0.22166666666666668;0.5660185185185185;0.6320370370370371;1.0;0.33;0.0;0.44333333333333336;0.0;0.0;0.0;0.0;1.0;1.0;0.0;0.6666666666666666;0.66;0.33;0.33;0.44;1.0;1.0;1.0;1.0;0.25;0.66;0.66;0.5233333333333333;0.7777777777777778;0.6666666666666666;0.7777777777777778;0.7407407407407408;0.0;0.0;0.0;0.0;1.0;1.0;1.0;1.0;1.0;1.0;1.0;1.0;1.0;1.0;1.0;1.0;0;0;0;0;1;6;6;6;8;4;7;5;5;5;5;5;8;5;8;3;5;-3;-3;2;500;40000;5000;-3;6;1;-3;-3;-3;6;5;2;1;8;3;5;5;5;5;5;3;4;2;2;2;2;5;5;5;-3
"1-5-0 (2020-11-16)";"doi.org/10.14281/18241.1";2018;410;"KOR";732;"ROK";410070954;20180110;201712;201801;17.2;17.41;21;1;410011;410001;8;5;1;1;954;2390;"ko";2;1;1.0;0.8032128514056225;41453.815261044176;1;2;2;4;2;4;1;1;2;1;2;1;2;1;2;2;2;1;2;1;2;1;2;2;2;2;1;3;2;4;3;3;3;3;1;1;2;1;4;3;2;2;3;2;1;2;1;1;2;1;6;7;6;4;4;4;4;4;3;2;1;3;2;4;4;4;3;4;3;3;4;2;2;1;3;2;2;3;2;1;2;3;3;4;2;2;2;3;2;2;3;2;2;4;3;1;2;0;1;2;0;0;1;0;0;0;0;0;0;4;3;4;7;5;1;6;3;3;2;3;2;2;3;6;2;0;1;2;0;1;1;2;2;3;2;4;4;4;4;4;2;4;1;2;2;1;1;2;2;1;3;3;1;2;1;2;1;1;4;1;2;8;6;7;5;4;7;4;2;2;2;2;4;4;6;8;3;1;1;4;4;3;5;2;3;4;5;6;7;5;4;6;4;2;3;1;3;6;6;4;4;4;3;2;5;2;5;1;5;1;1;1;1;2;2;2;1;3;3;2;1;2;3;3;4;4;410010;410010;410010;2;3;3;2;2;1;3;4;1;2;2;1;2;4;4;4;2;4;3;9;3;2;9;2;1;8;10;9;8;2;3;1;3;3;4;4;1;1999;18;1;1;1;1;1;410;410;410;1;5;2;2390;6;0;3;2;-3;-3;5;3;5;3;6;-3;-3;-3;1;-3;2;1;2;6;2;0;100000020;410004;2;2;2;0.6794444444444444;0.5822222222222223;0.49004629629629626;0.5642592592592592;0.0;0.66;0.0;0.22;1.0;1.0;0.8333333333333334;0.9444444444444445;1.0;1.0;1.0;1.0;1.0;0.33;0.33;0.5533333333333333;1.0;0.0;1.0;0.6666666666666666;0.5;0.33;1.0;0.61;0.3333333333333333;0.5555555555555556;0.6666666666666666;0.5185185185185185;0.33;0.0;0.165;0.165;1.0;1.0;1.0;1.0;1.0;1.0;1.0;1.0;1.0;1.0;1.0;1.0;0;0;1;0;1;7;6;4;7;4;4;5;4;6;5;4;8;3;5;7;6;-3;-3;2;610;94000;0;-3;6;1;-3;-3;-3;8;4;1;2;6;5;8;5;6;7;6;2;8;1;3;2;2;8;5;5;-3
"1-5-0 (2020-11-16)";"doi.org/10.14281/18241.1";2018;410;"KOR";732;"ROK";410070955;20180110;201712;201801;17.3;17.5;20;1;410028;410004;8;5;2;1;955;2390;"ko";2;1;1.0;0.8032128514056225;41453.815261044176;1;2;2;2;3;4;1;2;1;1;2;1;1;2;2;2;2;1;2;1;2;1;2;2;2;2;2;2;2;3;2;2;2;1;2;1;3;3;3;1;1;1;1;3;2;3;1;1;2;2;8;8;5;4;4;4;4;4;1;1;1;2;2;3;3;4;3;2;3;2;3;3;3;3;3;4;3;2;3;3;2;2;2;2;3;3;2;2;3;3;3;2;2;6;3;1;2;0;0;0;0;0;0;0;0;0;0;0;0;5;6;5;6;6;2;5;2;3;3;2;2;2;3;7;3;2;2;2;1;2;1;2;2;2;2;4;4;4;4;4;4;4;1;2;2;3;3;2;2;2;3;4;2;2;1;1;4;3;1;1;2;10;10;8;5;3;9;1;2;2;2;2;3;4;7;8;3;2;2;2;1;1;1;1;1;1;1;4;6;5;1;1;1;1;1;1;1;1;1;4;4;4;2;2;1;1;5;1;5;2;5;2;3;3;3;3;3;2;3;3;3;3;3;3;1;1;-2;-2;-2;2;3;3;4;3;3;4;4;3;2;2;3;3;3;3;3;8;9;5;7;8;2;8;7;4;9;8;8;8;2;2;2;2;2;2;3;1;1945;72;6;3;1;1;1;410;410;410;1;2;1;2390;1;0;3;2;2;1;1;1;1;1;4;5;-3;-5;9;-3;2;3;3;3;1;0;100000020;410004;1;1;0;0.4425;0.61;0.2607407407407407;0.3548148148148148;0.0;0.33;0.33;0.22;1.0;1.0;1.0;1.0;0.0;0.0;0.0;0.0;0.33;0.66;0.66;0.55;0.0;0.0;1.0;0.3333333333333333;0.25;0.33;0.66;0.41333333333333333;0.0;0.3333333333333333;0.5555555555555556;0.2962962962962963;0.0;0.0;0.0;0.0;1.0;1.0;1.0;1.0;1.0;1.0;1.0;1.0;1.0;1.0;1.0;1.0;0;0;0;0;1;8;6;6;7;3;5;3;3;5;4;4;8;3;7;6;3;-3;-3;3;120;47000;0;-3;4;1;-3;-3;-3;8;6;1;1;5;6;3;7;4;5;4;3;2;2;3;2;2;3;7;5;4
"1-5-0 (2020-11-16)";"doi.org/10.14281/18241.1";2018;410;"KOR";732;"ROK";410070956;20180110;201712;201801;17.46;18.08;21;1;410041;410007;8;5;2;1;956;2390;"ko";2;1;1.0;0.8032128514056225;41453.815261044176;1;1;2;1;1;4;1;1;2;1;2;1;2;1;2;2;2;1;2;1;2;1;2;2;2;2;2;3;2;1;2;2;2;1;2;1;1;1;4;3;2;2;2;2;2;1;2;3;2;2;10;7;5;4;4;4;4;4;1;2;1;2;2;3;3;3;3;2;3;2;2;3;3;2;3;3;2;2;3;3;2;2;2;2;2;2;1;1;1;1;1;1;1;4;2;3;2;0;1;0;0;0;0;0;0;0;0;0;0;2;3;6;4;5;1;6;2;3;2;2;3;2;2;9;3;1;1;1;1;2;1;2;2;3;2;4;4;4;4;4;4;4;1;2;2;1;1;2;2;3;2;4;2;2;1;4;3;3;1;1;3;8;3;6;4;2;9;6;2;2;2;2;4;4;7;8;3;2;2;8;3;1;1;3;1;3;4;5;6;6;4;8;2;2;1;2;4;2;3;1;3;4;2;2;2;1;2;1;3;1;2;2;1;2;2;2;2;2;2;2;1;1;2;2;1;1;410002;410002;410002;2;4;2;3;4;2;3;4;1;1;1;3;3;4;1;4;3;7;3;8;6;3;8;4;3;8;8;7;7;2;1;1;1;1;2;2;1;1983;34;2;2;1;1;1;410;410;410;1;3;1;2390;1;1;6;3;6;3;3;2;3;2;1;1;3;3;6;2;1;2;3;5;2;0;100000020;410004;2;1;2;0.5816666666666667;0.7216666666666667;0.37935185185185183;0.3003703703703704;1.0;0.0;0.33;0.44333333333333336;1.0;1.0;1.0;1.0;0.0;1.0;0.0;0.3333333333333333;0.33;0.66;0.66;0.55;1.0;0.0;1.0;0.6666666666666666;0.25;0.33;0.0;0.19333333333333336;0.2222222222222222;0.4444444444444444;0.5555555555555556;0.40740740740740744;0.0;0.5;0.25;0.25;1.0;1.0;1.0;1.0;1.0;1.0;1.0;1.0;1.0;1.0;1.0;1.0;1;0;0;0;1;7;8;5;7;4;4;5;4;7;4;4;7;3;6;4;5;1;4;3;400;28000;5000;7;5;1;7;7;6;7;3;1;3;5;5;7;2;2;4;4;2;1;4;3;2;2;7;2;2;4
"1-5-0 (2020-11-16)";"doi.org/10.14281/18241.1";2018;410;"KOR";732;"ROK";410070957;20180110;201712;201801;18.02;18.3;28;1;410011;410001;8;5;1;1;957;2390;"ko";3;1;1.0;0.8032128514056225;41453.815261044176;1;2;2;3;3;2;2;2;2;1;1;1;1;2;1;2;2;1;1;1;1;1;2;1;2;1;2;1;3;3;3;2;2;1;1;1;3;3;3;2;3;2;2;2;2;1;1;2;2;2;8;7;7;4;4;4;4;4;1;2;1;2;2;3;3;3;2;2;2;2;2;2;2;2;3;4;2;2;2;2;2;2;2;2;2;2;1;1;2;1;2;2;1;7;3;1;2;2;1;0;0;0;0;0;0;0;0;0;0;7;5;5;6;6;2;7;2;2;2;2;2;2;3;6;2;2;2;1;0;1;0;1;1;2;2;3;2;2;3;4;4;3;1;2;2;2;4;1;2;2;4;4;1;2;1;3;1;2;3;2;3;7;6;4;4;5;5;7;1;1;1;1;2;3;1;2;1;1;1;6;2;3;1;2;2;3;2;3;5;5;3;5;1;2;2;2;2;2;3;4;4;4;2;2;5;1;5;1;5;1;5;5;2;2;2;2;1;2;3;3;1;2;2;2;1;1;-2;-2;-2;2;3;2;3;2;2;3;3;2;2;2;1;2;4;2;4;5;6;5;5;5;3;4;3;4;3;3;4;4;2;2;2;2;2;3;3;2;1957;60;5;3;1;1;1;410;410;410;1;2;1;2390;1;0;3;2;5;3;1;1;2;1;5;1;-3;4;4;-3;2;1;2;7;2;1;10100000;410004;4;2;-1;0.45666666666666667;0.24833333333333335;0.5790740740740741;0.4098148148148148;0.5;0.33;0.33;0.3866666666666667;0.33;0.0;0.0;0.11;1.0;1.0;1.0;1.0;0.33;0.33;0.33;0.33;0.0;1.0;1.0;0.6666666666666666;0.25;0.66;0.66;0.5233333333333333;0.2222222222222222;0.2222222222222222;0.4444444444444444;0.2962962962962963;0.66;1.0;0.8300000000000001;0.8300000000000001;1.0;1.0;1.0;1.0;1.0;1.0;1.0;1.0;1.0;1.0;1.0;1.0;1;1;0;1;1;7;4;5;6;2;2;3;4;5;3;5;8;5;6;6;7;-3;-3;2;500;100000;0;-3;7;1;-3;-3;-3;8;6;1;2;6;5;2;1;3;3;4;2;4;2;2;1;2;4;1;3;4
"1-5-0 (2020-11-16)";"doi.org/10.14281/18241.1";2018;410;"KOR";732;"ROK";410070958;20180110;201712;201801;18.04;18.45;41;1;410041;410007;8;5;2;1;958;2390;"ko";2;1;1.0;0.8032128514056225;41453.815261044176;2;3;3;2;1;3;1;1;2;1;1;2;2;1;2;2;2;1;2;1;2;1;2;2;2;2;3;4;2;3;1;3;2;1;1;1;3;3;3;2;2;2;2;2;2;3;1;3;2;2;8;7;8;4;4;4;4;4;1;2;2;3;3;4;4;4;3;4;4;3;4;3;3;3;4;4;4;3;3;3;3;3;3;3;3;3;3;3;3;3;3;3;3;5;3;1;2;0;0;0;0;0;0;0;0;0;0;0;0;3;4;2;2;8;2;8;2;4;2;2;2;2;4;9;3;2;2;2;1;1;2;1;1;2;2;4;2;4;4;4;4;4;2;2;2;3;3;2;2;3;3;3;1;1;1;1;2;1;3;1;3;8;2;9;8;2;8;7;2;2;2;2;3;3;7;8;3;2;2;5;2;2;3;2;2;3;2;2;2;2;3;4;2;2;2;2;1;2;5;3;3;3;2;3;1;1;2;1;5;1;5;1;2;2;2;2;2;2;2;2;2;2;2;2;1;1;-2;-2;-2;2;3;3;3;2;3;3;3;1;2;2;3;3;4;1;2;7;5;2;10;5;1;10;8;5;10;9;9;9;2;2;2;2;2;3;3;1;1965;52;4;3;1;1;1;410;410;410;1;4;1;2390;1;2;3;2;3;2;1;1;1;1;1;1;4;4;9;2;1;2;3;6;2;0;100000020;410004;1;1;2;0.8308333333333334;0.7750000000000001;0.39037037037037037;0.28074074074074074;1.0;0.33;0.66;0.6633333333333334;0.66;1.0;1.0;0.8866666666666667;1.0;1.0;1.0;1.0;1.0;0.66;0.66;0.7733333333333334;1.0;1.0;1.0;1.0;0.25;0.33;0.66;0.41333333333333333;0.2222222222222222;0.1111111111111111;0.1111111111111111;0.14814814814814814;0.0;0.0;0.0;0.0;1.0;1.0;1.0;1.0;1.0;1.0;1.0;1.0;1.0;1.0;1.0;1.0;0;0;0;0;1;5;4;3;7;4;6;2;2;1;3;3;5;3;9;2;8;4;1;2;500;50000;15000;8;6;1;8;7;10;7;2;1;5;5;5;5;5;7;5;3;2;3;2;2;2;2;5;5;7;4
"1-5-0 (2020-11-16)";"doi.org/10.14281/18241.1";2018;410;"KOR";732;"ROK";410070959;20180110;201712;201801;18.04;18.46;42;1;410011;410001;8;5;1;1;959;2390;"ko";3;1;1.0;0.8032128514056225;41453.815261044176;1;1;1;2;1;2;1;1;2;1;1;2;2;1;2;2;2;1;2;1;2;1;2;2;2;2;3;4;3;4;3;2;3;3;1;1;2;1;3;3;3;1;2;3;2;3;1;3;1;2;7;8;7;4;4;4;4;4;1;2;1;1;2;4;3;3;3;2;3;2;3;3;1;2;3;3;4;2;2;3;2;2;2;2;2;2;2;2;2;2;1;2;2;9;3;1;2;0;0;0;0;0;0;0;0;0;0;0;0;8;6;4;3;6;2;8;3;4;3;4;3;4;3;9;3;2;1;1;1;1;2;2;2;2;2;3;4;4;4;4;4;4;1;1;2;1;1;2;2;1;2;1;1;1;2;1;3;3;2;1;2;9;7;8;8;4;9;9;1;1;1;1;3;3;4;5;1;1;1;3;4;2;3;2;1;3;2;3;8;5;4;8;3;3;2;4;3;2;8;3;3;3;2;2;2;1;5;1;2;1;2;1;2;2;2;3;2;3;3;3;2;2;3;2;1;1;-2;-2;-2;2;3;2;2;2;2;3;3;2;2;1;2;2;4;2;3;5;8;7;9;8;3;7;9;4;9;7;8;9;1;1;1;1;1;2;3;2;1989;28;2;1;1;1;1;410;410;410;1;4;2;2390;6;0;5;3;-3;-3;3;2;6;3;1;-3;3;-3;3;2;2;1;2;6;2;7;70000000;410004;3;2;2;0.45666666666666667;0.41500000000000004;0.6356018518518519;0.5637037037037038;1.0;0.0;0.66;0.5533333333333333;0.33;0.0;0.5;0.27666666666666667;1.0;1.0;0.0;0.6666666666666666;0.33;0.66;0.0;0.33;1.0;1.0;1.0;1.0;0.5;0.66;1.0;0.7200000000000001;0.2222222222222222;0.2222222222222222;0.7777777777777778;0.40740740740740744;0.33;0.5;0.41500000000000004;0.41500000000000004;1.0;1.0;1.0;1.0;1.0;1.0;1.0;1.0;1.0;1.0;1.0;1.0;1;0;1;0;1;9;6;5;6;3;8;2;2;2;4;6;8;5;5;8;8;1;4;2;650;45000;17000;8;6;1;9;8;6;8;4;2;2;5;4;6;3;5;5;4;3;6;3;3;1;3;6;3;5;-3
"1-5-0 (2020-11-16)";"doi.org/10.14281/18241.1";2018;410;"KOR";732;"ROK";410070960;20180110;201712;201801;18.23;18.43;20;1;410011;410001;8;5;1;1;960;2390;"ko";2;1;1.0;0.8032128514056225;41453.815261044176;1;1;1;2;2;3;2;1;1;1;2;1;2;1;2;2;2;1;1;1;1;2;2;2;2;2;1;3;2;4;3;2;2;1;1;1;3;3;4;3;2;1;3;2;2;2;1;2;1;1;7;8;5;4;4;4;4;4;1;1;1;2;2;3;4;4;2;3;2;3;4;2;3;2;2;3;2;3;2;2;1;3;2;2;3;3;2;3;4;4;4;2;3;3;3;1;2;0;1;2;0;0;0;0;1;1;1;0;0;5;7;7;4;7;1;7;3;2;3;2;3;2;3;4;2;0;2;2;1;0;1;1;2;3;2;4;4;4;4;4;4;4;1;1;2;2;1;2;2;2;3;4;1;2;1;2;1;1;3;1;4;7;4;6;6;7;6;4;2;2;2;2;4;4;6;8;3;1;1;4;5;6;4;3;4;3;4;5;5;3;4;5;3;1;2;1;1;6;7;3;3;4;2;1;5;1;1;1;5;1;1;1;1;1;1;2;1;2;3;2;1;2;3;3;3;2;410002;410002;410002;2;3;3;3;2;1;3;4;2;3;2;2;2;4;4;4;3;4;2;9;3;2;8;2;1;9;8;7;8;3;2;1;2;1;3;3;1;1979;38;3;2;1;1;1;410;410;410;1;3;1;2390;1;1;5;3;5;3;3;2;3;2;1;1;5;5;3;2;1;1;2;5;2;0;100000020;410004;0;1;2;0.6644444444444444;0.553888888888889;0.3909259259259259;0.44851851851851854;0.5;0.33;0.0;0.27666666666666667;0.66;1.0;0.8333333333333334;0.8311111111111112;1.0;1.0;1.0;1.0;0.66;0.33;0.66;0.5499999999999999;1.0;0.0;1.0;0.6666666666666666;0.25;0.33;1.0;0.5266666666666667;0.2222222222222222;0.4444444444444444;0.4444444444444444;0.3703703703703704;0.0;0.0;0.0;0.0;1.0;1.0;1.0;1.0;1.0;1.0;1.0;1.0;1.0;1.0;1.0;1.0;0;0;0;0;0;7;6;4;7;4;6;4;3;4;4;6;8;4;8;6;5;1;5;2;490;62000;3000;6;5;2;7;6;6;6;6;1;5;6;6;8;4;5;7;6;1;1;3;2;2;2;8;4;5;4
"1-5-0 (2020-11-16)";"doi.org/10.14281/18241.1";2018;410;"KOR";732;"ROK";410070961;20180110;201712;201801;18.27;18.48;21;1;410028;410004;8;5;2;1;961;2390;"ko";3;1;1.0;0.8032128514056225;41453.815261044176;1;2;2;2;1;4;1;2;2;1;2;1;1;1;2;2;2;1;2;1;2;1;2;2;2;2;2;2;2;4;3;2;3;3;2;1;3;3;3;2;2;2;2;4;2;3;1;2;3;2;5;5;3;4;4;4;4;4;3;2;1;3;2;3;3;3;3;2;3;2;3;3;3;3;3;3;3;2;2;3;2;2;2;2;3;3;2;2;2;3;2;2;2;5;3;1;2;0;0;0;0;0;0;0;0;0;0;0;0;4;7;3;3;3;1;6;2;3;3;2;2;3;4;6;2;2;2;2;1;2;2;2;1;2;2;4;4;4;4;4;4;4;1;2;2;2;1;2;2;3;4;4;2;2;1;1;4;3;1;1;2;8;8;7;5;7;7;1;2;2;2;2;3;4;7;8;3;2;2;5;1;1;1;1;1;1;1;5;5;4;1;1;1;1;1;1;1;1;1;3;3;3;2;2;1;1;3;1;1;1;1;1;3;3;3;3;2;2;3;3;3;3;3;3;1;1;410002;410002;410002;1;3;3;3;2;2;3;3;3;2;1;2;3;4;3;4;4;9;5;10;9;3;9;10;2;10;10;8;7;2;2;1;2;2;2;3;1;1978;39;3;2;1;1;1;410;410;410;1;3;1;2390;1;1;6;3;6;3;3;2;3;2;1;5;3;-5;4;2;1;1;3;4;2;0;100000020;410004;1;1;1;0.4841666666666667;0.6933333333333334;0.3099074074074074;0.45314814814814813;0.5;0.33;0.33;0.3866666666666667;1.0;1.0;1.0;1.0;0.0;0.0;0.0;0.0;0.33;0.66;0.66;0.55;0.0;0.0;1.0;0.3333333333333333;0.5;0.33;1.0;0.61;0.0;0.4444444444444444;0.4444444444444444;0.2962962962962963;0.0;0.0;0.0;0.0;1.0;1.0;1.0;1.0;1.0;1.0;1.0;1.0;1.0;1.0;1.0;1.0;0;0;0;0;1;3;4;4;5;3;5;3;3;5;5;5;5;2;4;7;2;1;4;3;300;43000;5000;3;4;1;4;4;5;7;3;1;1;3;3;8;3;3;3;3;2;1;2;2;2;2;8;2;4;4
"1-5-0 (2020-11-16)";"doi.org/10.14281/18241.1";2018;410;"KOR";732;"ROK";410070962;20180110;201712;201801;18.35;18.59;24;1;410028;410004;8;5;2;1;962;2390;"ko";2;1;1.0;0.8032128514056225;41453.815261044176;1;2;2;2;1;3;1;1;2;1;2;2;1;1;2;2;2;1;1;1;2;1;2;1;2;2;2;2;2;3;3;3;2;1;1;1;2;1;2;2;2;2;1;2;3;3;2;1;2;2;7;7;7;4;4;4;4;4;1;2;1;2;2;3;2;2;2;2;3;3;3;3;2;2;3;4;2;2;2;2;2;2;2;2;3;3;2;2;3;3;2;2;3;7;3;1;2;0;0;0;0;0;0;0;0;0;0;0;0;9;4;7;3;4;1;7;2;2;3;3;3;3;3;7;3;2;1;2;1;2;2;1;2;4;2;4;4;4;4;4;4;4;1;1;2;2;3;2;2;3;3;2;1;2;2;4;2;1;3;1;2;8;7;7;4;7;7;5;1;2;2;2;3;3;7;8;3;2;1;7;4;3;1;2;2;1;1;5;5;5;1;3;1;4;2;2;1;2;4;4;4;4;3;3;5;1;5;1;5;1;4;1;2;3;3;3;2;2;2;3;2;3;3;3;1;1;-2;-2;-2;2;3;2;2;3;2;2;3;2;2;2;3;3;2;2;4;5;7;2;10;5;6;9;4;3;8;8;7;7;3;2;2;2;1;3;4;1;1965;52;4;3;1;1;1;410;410;410;1;4;1;2390;1;2;5;3;5;3;1;1;1;1;5;1;-3;3;4;-3;2;1;2;7;2;0;100000020;410004;1;1;2;0.6366666666666666;0.5533333333333333;0.3440740740740741;0.3548148148148148;0.0;0.33;0.33;0.22;0.66;1.0;1.0;0.8866666666666667;1.0;1.0;1.0;1.0;0.33;0.66;0.33;0.44;1.0;0.0;1.0;0.6666666666666666;0.25;0.33;0.66;0.41333333333333333;0.0;0.4444444444444444;0.4444444444444444;0.2962962962962963;0.0;0.0;0.0;0.0;1.0;1.0;1.0;1.0;1.0;1.0;1.0;1.0;1.0;1.0;1.0;1.0;0;0;0;0;1;8;5;7;7;5;5;4;5;7;7;6;8;4;7;5;7;-3;-3;2;700;80000;15000;-3;5;1;-3;-3;-3;8;6;1;1;4;2;2;2;3;2;1;4;1;2;3;1;3;5;2;3;4
"1-5-0 (2020-11-16)";"doi.org/10.14281/18241.1";2018;410;"KOR";732;"ROK";410070963;20180110;201712;201801;18.36;19.03;27;1;410026;410002;8;5;2;1;963;2390;"ko";2;1;1.0;0.8032128514056225;41453.815261044176;1;2;1;3;3;3;1;1;2;1;2;1;2;1;2;2;2;1;2;1;2;2;2;1;2;2;2;3;3;3;3;4;4;2;1;1;4;2;2;4;3;2;2;4;2;1;1;3;2;2;6;6;5;4;4;4;4;4;1;2;1;3;2;4;3;3;3;3;3;3;3;3;3;3;3;4;3;3;3;3;3;3;3;3;3;3;3;3;3;3;3;3;3;9;3;1;2;0;0;0;0;0;0;0;0;0;0;0;2;7;6;3;5;7;1;4;2;2;2;2;2;2;3;7;3;2;0;2;0;2;2;2;2;2;2;4;4;4;4;4;4;3;2;2;2;1;1;2;2;4;2;4;1;2;1;1;3;3;4;2;3;8;9;7;3;4;7;1;2;2;2;2;4;4;7;8;3;2;2;4;1;2;1;1;1;5;1;5;6;5;1;6;1;1;1;1;1;1;7;2;4;4;4;3;5;2;5;1;2;1;1;2;2;3;2;3;3;3;3;3;3;3;3;3;3;3;-2;-2;-2;2;4;2;4;3;2;4;4;2;2;1;4;3;4;1;4;4;7;1;10;7;1;7;4;1;10;9;7;7;2;2;2;2;3;4;4;2;1997;20;1;1;1;1;1;410;410;410;1;4;2;2390;6;0;3;2;-3;-3;3;2;5;3;6;-3;-3;-3;3;-3;2;2;3;4;2;0;100000020;410004;4;2;2;0.6083333333333333;0.72;0.563287037037037;0.5857407407407408;1.0;0.33;0.33;0.5533333333333333;0.66;1.0;1.0;0.8866666666666667;1.0;0.0;0.0;0.3333333333333333;0.66;0.66;0.66;0.66;1.0;0.0;1.0;0.6666666666666666;0.75;0.66;0.66;0.6900000000000001;0.4444444444444444;0.4444444444444444;0.5555555555555556;0.48148148148148145;0.33;0.5;0.41500000000000004;0.41500000000000004;1.0;1.0;1.0;1.0;1.0;1.0;1.0;1.0;1.0;1.0;1.0;1.0;1;0;1;1;1;6;5;3;5;3;4;3;3;3;3;5;6;4;7;4;8;-3;-3;3;500;20000;3000;-3;4;1;-3;-3;-3;7;1;1;1;5;5;5;2;2;2;2;1;1;3;2;3;2;6;2;3;-3
"1-5-0 (2020-11-16)";"doi.org/10.14281/18241.1";2018;410;"KOR";732;"ROK";410070964;20180110;201712;201801;18.5;19.2;30;1;410011;410001;8;5;1;1;964;2390;"ko";3;1;1.0;0.8032128514056225;41453.815261044176;1;2;2;3;2;4;2;2;2;1;1;1;1;1;2;2;2;1;1;1;1;1;2;1;2;2;2;2;3;3;2;2;2;1;1;1;3;3;4;2;3;2;2;2;2;1;1;2;2;2;7;7;7;4;4;4;4;4;1;2;1;3;2;4;4;4;2;2;2;2;2;2;2;2;3;4;2;2;2;2;2;2;2;2;2;2;1;2;1;1;1;1;1;5;3;2;2;0;0;0;0;0;0;0;0;0;0;0;0;8;6;6;6;6;2;3;2;2;2;3;2;3;3;7;2;2;1;1;1;0;0;1;0;2;2;3;2;4;4;4;3;2;1;2;2;2;2;2;2;1;3;4;1;1;1;3;1;2;3;2;3;5;5;5;6;5;5;3;2;2;2;2;4;4;7;8;3;2;2;3;2;1;1;1;2;2;2;3;5;6;2;6;1;1;3;3;1;2;3;4;4;4;3;3;5;1;5;1;4;1;3;3;2;2;2;2;2;2;2;2;2;2;2;2;1;1;-2;-2;-2;2;3;2;3;2;2;3;2;2;2;2;1;2;4;2;4;4;4;7;5;5;6;6;5;6;5;5;5;6;2;2;2;2;2;3;3;1;1992;25;2;1;1;1;1;410;410;410;1;4;2;2390;6;0;6;3;-3;-3;3;2;6;3;1;-3;3;-3;3;2;2;1;2;7;2;0;100000020;410004;4;2;1;0.5125;0.6933333333333334;0.5698148148148148;0.39129629629629625;0.5;0.33;0.33;0.3866666666666667;1.0;1.0;1.0;1.0;0.0;0.0;1.0;0.3333333333333333;0.33;0.33;0.33;0.33;0.0;1.0;1.0;0.6666666666666666;0.25;0.66;0.66;0.5233333333333333;0.1111111111111111;0.2222222222222222;0.4444444444444444;0.25925925925925924;0.66;1.0;0.8300000000000001;0.8300000000000001;1.0;1.0;1.0;1.0;1.0;1.0;1.0;1.0;1.0;1.0;1.0;1.0;1;1;0;1;1;7;6;6;7;5;2;3;3;2;3;3;8;4;3;3;5;1;5;2;650;0;0;6;7;1;7;7;6;6;1;2;2;5;6;5;1;3;4;5;2;1;2;2;1;2;7;1;4;-3
"1-5-0 (2020-11-16)";"doi.org/10.14281/18241.1";2018;410;"KOR";732;"ROK";410070965;20180110;201712;201801;18.56;19.34;39;1;410041;410007;8;5;2;1;965;2390;"ko";2;1;1.0;0.8032128514056225;41453.815261044176;2;1;2;3;3;3;1;1;1;1;2;2;2;1;2;2;2;1;2;1;2;2;2;2;2;2;3;3;2;3;2;3;4;2;2;1;3;3;3;2;2;1;2;2;2;3;1;3;2;2;4;4;3;4;4;4;4;4;1;2;2;2;2;4;3;3;3;4;3;2;3;2;2;2;3;3;3;3;3;3;3;3;3;3;2;2;2;2;2;2;2;2;2;8;2;3;2;0;0;0;0;0;0;0;0;0;0;0;0;8;2;8;3;7;2;8;2;3;2;2;2;2;4;9;3;2;2;1;1;1;1;1;1;2;2;4;2;4;4;4;4;4;2;2;2;2;2;2;2;2;2;2;2;1;1;1;2;3;1;1;3;8;8;2;5;2;9;3;2;2;2;2;3;3;4;5;2;1;1;5;5;5;2;2;3;2;2;3;8;3;5;5;2;1;2;2;3;2;2;3;4;4;3;2;5;1;5;1;5;1;5;1;3;3;3;3;3;3;3;3;3;3;3;3;1;1;-2;-2;-2;2;3;3;3;3;3;3;3;2;2;1;2;3;4;1;3;7;6;2;10;5;1;10;2;2;10;10;6;6;2;2;2;2;2;3;3;2;1963;54;4;3;1;1;1;410;410;410;1;4;1;2390;1;2;3;2;3;2;2;1;2;1;5;1;-3;4;9;-3;2;2;3;5;2;0;100000020;410004;1;1;2;0.7341666666666667;0.6916666666666668;0.4042592592592593;0.47518518518518527;1.0;0.33;0.66;0.6633333333333334;0.66;1.0;0.5;0.7200000000000001;1.0;1.0;1.0;1.0;1.0;0.33;0.33;0.5533333333333333;1.0;0.0;1.0;0.6666666666666666;0.75;0.33;0.66;0.5800000000000001;0.1111111111111111;0.2222222222222222;0.7777777777777778;0.3703703703703704;0.0;0.0;0.0;0.0;1.0;1.0;1.0;1.0;1.0;1.0;1.0;1.0;1.0;1.0;1.0;1.0;0;0;0;0;1;5;3;5;7;5;6;2;2;5;3;5;6;5;8;3;7;-3;-3;2;500;35000;7000;4;5;1;5;5;5;7;3;1;2;5;7;5;5;5;5;7;3;5;2;1;2;3;5;5;5;4
"1-5-0 (2020-11-16)";"doi.org/10.14281/18241.1";2018;410;"KOR";732;"ROK";410070966;20180110;201712;201801;19.08;19.34;27;1;410026;410002;8;5;2;1;966;2390;"ko";2;1;1.0;0.8032128514056225;41453.815261044176;1;2;2;3;2;4;1;2;1;1;2;1;2;1;2;2;2;1;2;1;2;2;2;1;2;2;2;2;2;3;3;3;4;2;2;1;4;2;2;4;3;2;2;2;2;1;1;3;2;2;7;7;8;4;4;4;4;4;1;2;1;2;2;3;3;3;3;3;4;3;3;3;3;3;3;4;3;3;3;3;3;3;3;3;4;4;3;3;3;3;3;3;3;10;3;1;2;0;0;0;0;0;0;0;0;0;0;0;2;8;7;5;4;8;1;4;2;2;2;2;2;2;4;7;2;2;0;2;1;2;1;2;2;3;2;4;4;4;4;4;4;4;2;2;2;2;1;2;2;4;4;4;2;2;1;1;3;3;1;3;2;7;8;7;3;4;8;1;2;2;2;2;4;4;7;7;2;2;2;4;1;3;1;1;1;5;1;6;6;5;1;7;7;1;1;1;1;1;9;2;4;4;3;2;5;1;2;1;2;1;2;3;1;2;1;2;2;3;3;1;2;2;3;3;1;1;410002;410002;410002;2;4;2;4;2;2;3;4;2;2;1;4;3;4;1;4;4;8;1;10;7;1;8;4;2;10;8;5;5;3;2;2;2;2;3;3;2;1974;43;3;2;1;1;1;410;410;410;1;4;1;2390;1;2;6;3;6;3;2;1;3;2;1;3;4;4;4;2;2;1;2;5;2;7;70000000;410004;3;1;1;0.6366666666666666;0.7766666666666666;0.420462962962963;0.5492592592592593;1.0;0.33;0.33;0.5533333333333333;1.0;1.0;1.0;1.0;1.0;0.0;0.0;0.3333333333333333;0.66;0.66;0.66;0.66;0.0;0.0;1.0;0.3333333333333333;0.75;0.33;0.66;0.5800000000000001;0.4444444444444444;0.5555555555555556;0.5555555555555556;0.5185185185185185;0.0;0.5;0.25;0.25;1.0;1.0;1.0;1.0;1.0;1.0;1.0;1.0;1.0;1.0;1.0;1.0;1;0;0;1;1;8;5;4;5;2;2;2;2;3;3;5;8;5;4;8;6;1;2;2;1000;80000;10000;8;5;1;8;8;8;9;6;1;5;3;9;8;2;2;2;2;2;1;3;2;3;2;10;1;2;4
"1-5-0 (2020-11-16)";"doi.org/10.14281/18241.1";2018;410;"KOR";732;"ROK";410070967;20180110;201712;201801;19.14;19.37;23;1;410011;410001;8;5;1;1;967;2390;"ko";3;1;1.0;0.8032128514056225;41453.815261044176;1;1;1;2;1;1;2;1;1;2;2;2;1;2;1;1;2;1;2;1;1;1;2;2;2;2;1;2;1;2;1;1;2;1;1;1;2;1;1;2;1;2;1;2;1;1;1;1;2;2;7;8;7;4;4;4;4;4;1;1;1;2;1;2;1;2;2;1;2;1;2;1;2;1;2;1;2;1;2;1;1;2;1;2;1;1;2;1;2;1;1;2;1;8;3;1;2;0;0;0;0;0;0;0;0;0;0;0;0;7;8;7;8;8;2;7;2;1;2;1;2;2;2;8;4;2;2;1;2;1;2;2;2;2;2;4;4;4;4;4;4;4;1;1;1;3;3;2;2;3;4;3;2;1;1;3;2;2;3;2;1;8;9;8;8;9;8;8;2;2;2;2;2;2;7;8;3;2;1;9;1;2;1;2;1;2;2;1;6;3;1;3;3;2;1;2;1;1;2;4;4;4;3;2;5;1;2;1;2;2;1;2;2;3;2;2;3;2;3;2;2;3;2;3;2;2;410002;410002;410002;2;1;1;1;2;1;2;1;2;1;2;2;1;2;1;1;8;8;9;8;8;7;8;7;8;8;7;8;8;2;2;1;2;1;1;2;1;1970;47;4;2;1;1;1;410;410;410;1;4;2;2390;1;2;6;3;6;3;2;1;2;1;1;1;3;3;9;1;1;2;3;7;2;0;100000020;410004;3;2;0;0.38833333333333336;0.3883333333333333;0.47805555555555557;0.20777777777777778;0.0;0.33;0.0;0.11;0.0;1.0;1.0;0.6666666666666666;1.0;1.0;0.0;0.6666666666666666;0.0;0.0;0.33;0.11;1.0;0.0;1.0;0.6666666666666666;0.25;0.0;0.33;0.19333333333333336;0.1111111111111111;0.0;0.5555555555555556;0.22222222222222224;0.66;1.0;0.8300000000000001;0.8300000000000001;1.0;1.0;1.0;1.0;1.0;1.0;1.0;1.0;1.0;1.0;1.0;1.0;1;1;0;1;0;8;7;8;8;8;7;8;7;7;7;8;8;8;9;8;9;1;4;3;550;30000;0;8;6;1;9;8;8;7;8;1;1;7;6;7;6;6;5;5;2;1;2;1;2;2;8;7;6;4
"1-5-0 (2020-11-16)";"doi.org/10.14281/18241.1";2018;410;"KOR";732;"ROK";410070968;20180110;201712;201801;19.16;19.36;20;1;410011;410001;8;5;1;1;968;2390;"ko";2;1;1.0;0.8032128514056225;41453.815261044176;1;2;2;3;2;3;1;1;2;2;1;1;2;1;2;2;2;1;2;1;1;1;2;2;2;2;1;3;2;3;4;3;3;3;2;1;3;3;4;3;2;3;2;3;1;1;1;2;2;2;7;6;6;4;4;4;4;4;1;1;1;2;2;3;4;4;3;3;3;2;3;2;1;1;3;3;2;2;3;2;3;2;2;3;4;4;3;2;2;3;3;1;1;7;3;2;2;0;0;2;0;0;1;0;0;0;2;1;0;8;7;3;6;4;1;6;2;2;2;3;3;2;3;6;3;2;1;1;2;1;0;1;2;3;2;4;4;4;4;4;3;4;1;1;2;1;1;2;2;1;3;3;1;2;1;2;3;1;3;2;1;6;7;6;4;2;7;3;2;2;2;2;3;4;6;8;2;1;1;4;2;4;3;2;3;4;3;6;5;3;2;5;3;2;2;1;2;3;7;3;4;4;3;2;5;1;2;1;5;1;1;1;1;2;2;2;1;3;3;2;1;2;3;3;3;3;410008;410008;410008;1;3;3;3;1;1;3;4;2;3;2;1;2;4;3;4;4;3;2;7;3;2;8;2;1;9;9;8;8;3;3;1;2;2;3;3;2;1992;25;2;1;1;1;1;410;410;410;1;4;2;2390;6;0;5;3;-3;-3;3;2;6;3;1;-3;3;-3;1;2;2;1;2;6;2;0;100000020;410004;2;1;2;0.6369444444444445;0.608888888888889;0.5477777777777778;0.4705555555555556;0.5;0.66;0.0;0.3866666666666667;0.66;1.0;0.8333333333333334;0.8311111111111112;1.0;1.0;1.0;1.0;0.66;0.33;0.0;0.33;1.0;1.0;1.0;1.0;0.5;0.33;0.66;0.49666666666666676;0.3333333333333333;0.5555555555555556;0.4444444444444444;0.4444444444444444;0.0;0.5;0.25;0.25;1.0;1.0;1.0;1.0;1.0;1.0;1.0;1.0;1.0;1.0;1.0;1.0;1;0;0;1;0;5;5;5;6;4;5;4;3;5;3;4;7;5;7;5;7;1;5;2;560;118000;0;5;6;1;6;6;5;7;5;1;2;6;6;5;4;7;6;5;3;3;2;3;2;2;7;5;8;-3
"1-5-0 (2020-11-16)";"doi.org/10.14281/18241.1";2018;410;"KOR";732;"ROK";410070969;20180110;201712;201801;19.26;19.53;27;1;410041;410007;8;5;2;1;969;2390;"ko";2;1;1.0;0.8032128514056225;41453.815261044176;1;1;2;2;1;2;2;1;1;1;1;2;1;2;2;2;2;1;2;1;2;1;2;1;2;2;2;2;2;4;3;2;2;1;1;1;2;1;1;2;3;2;2;2;2;2;1;1;2;2;6;5;6;4;4;4;4;4;3;2;2;1;2;2;3;2;2;2;3;2;3;2;2;2;3;3;3;3;2;2;2;2;2;1;1;1;1;2;2;1;1;1;1;6;1;2;2;0;0;0;0;0;0;0;0;0;0;0;0;7;6;7;6;7;2;7;3;2;2;3;3;2;3;6;3;1;1;2;2;2;1;1;2;2;2;4;4;4;3;4;4;4;1;2;2;2;2;1;1;3;4;4;2;1;2;2;1;1;4;1;4;5;7;5;5;6;5;5;1;1;1;1;3;2;2;4;2;1;1;6;3;3;3;3;4;3;2;7;6;4;1;8;2;2;2;4;1;2;4;2;3;3;2;2;3;1;5;1;5;1;5;2;3;3;2;2;2;2;3;3;3;2;2;3;2;2;8;8;8;2;3;2;1;2;2;3;2;2;3;1;3;3;4;3;3;4;7;6;5;7;7;6;7;6;5;9;7;7;3;2;1;1;1;2;2;2;1968;49;4;2;1;1;1;410;410;410;1;4;1;2390;1;2;3;2;3;2;1;1;1;1;1;1;5;4;10;2;2;2;3;6;2;2;20000000;410004;1;2;1;0.5122222222222222;0.35944444444444446;0.5432870370370371;0.5040740740740741;0.0;0.33;0.33;0.22;0.33;1.0;0.16666666666666666;0.49888888888888894;1.0;1.0;1.0;1.0;0.33;0.33;0.33;0.33;1.0;1.0;1.0;1.0;0.25;0.33;1.0;0.5266666666666667;0.2222222222222222;0.6666666666666666;0.5555555555555556;0.48148148148148157;0.33;0.0;0.165;0.165;1.0;1.0;1.0;1.0;1.0;1.0;1.0;1.0;1.0;1.0;1.0;1.0;0;0;1;0;0;6;6;5;6;5;6;5;5;6;6;5;5;5;6;4;6;4;1;3;450;38000;3500;5;5;1;6;5;5;5;3;1;1;3;2;3;1;2;2;2;2;1;3;3;3;2;5;2;3;4
"1-5-0 (2020-11-16)";"doi.org/10.14281/18241.1";2018;410;"KOR";732;"ROK";410070970;20180110;201712;201801;19.3;20.21;51;1;410011;410001;8;5;1;1;970;2390;"ko";2;1;1.0;0.8032128514056225;41453.815261044176;1;1;2;2;1;3;1;1;2;1;1;1;2;2;2;2;2;1;2;1;2;1;2;2;1;2;3;4;1;4;2;3;2;1;1;1;3;3;4;2;1;2;2;2;2;3;1;2;2;2;4;7;8;4;4;4;4;4;3;2;1;1;1;4;3;3;3;3;3;2;3;4;2;2;4;3;4;2;2;3;2;3;3;4;3;3;2;2;2;3;2;3;2;5;3;1;2;0;0;0;0;0;0;0;0;0;0;0;0;9;7;6;4;7;2;9;4;3;4;4;3;3;4;8;3;2;1;1;1;1;2;2;2;2;2;4;4;4;4;4;4;4;2;2;2;1;1;2;2;1;1;1;1;1;1;1;3;3;2;1;4;9;8;3;8;6;8;4;2;2;2;2;4;4;4;5;3;2;2;4;3;2;3;2;3;5;3;4;8;4;5;7;3;2;3;6;4;3;8;4;4;4;2;2;1;1;1;1;3;1;4;2;3;3;3;3;3;3;3;3;3;3;3;3;2;2;-2;-2;-2;2;3;2;1;2;3;2;3;2;3;1;2;3;4;2;3;5;8;4;8;9;3;7;9;4;7;8;9;7;2;1;1;1;1;3;3;1;1967;50;4;3;1;1;1;410;410;410;1;4;1;2390;1;2;5;3;5;3;3;2;3;2;3;5;6;-5;6;2;1;2;3;4;2;0;100000020;410004;2;2;1;0.6925000000000001;0.5533333333333335;0.5875462962962963;0.46759259259259256;0.5;0.0;0.66;0.3866666666666667;0.66;1.0;0.5;0.7200000000000001;1.0;1.0;1.0;1.0;0.66;1.0;0.33;0.6633333333333334;1.0;1.0;1.0;1.0;0.25;0.0;1.0;0.4166666666666667;0.4444444444444444;0.3333333333333333;0.7777777777777778;0.5185185185185185;0.33;0.5;0.41500000000000004;0.41500000000000004;1.0;1.0;1.0;1.0;1.0;1.0;1.0;1.0;1.0;1.0;1.0;1.0;1;0;1;0;0;8;5;6;4;3;8;3;2;4;4;7;7;3;7;4;7;2;3;3;420;36000;15000;8;5;1;7;9;8;8;3;2;1;5;4;5;3;5;5;4;3;6;3;2;3;2;5;3;5;4
"1-5-0 (2020-11-16)";"doi.org/10.14281/18241.1";2018;410;"KOR";732;"ROK";410070971;20180110;201712;201801;19.38;19.59;21;1;410028;410004;8;5;2;1;971;2390;"ko";2;2;1.0;0.8032128514056225;41453.815261044176;1;2;2;3;2;4;1;2;1;1;2;2;1;1;2;2;2;1;2;1;2;1;2;1;2;2;2;3;3;4;3;3;3;3;1;1;4;2;3;1;1;2;2;4;2;3;1;3;3;2;5;5;4;4;4;4;4;4;1;2;1;3;2;4;4;4;2;2;3;3;3;3;3;3;4;4;3;2;3;3;2;2;3;2;3;3;2;2;3;3;3;2;2;5;3;1;2;0;0;0;0;0;0;0;0;0;0;0;0;7;8;3;3;3;2;4;2;2;2;2;2;3;4;7;3;2;2;2;2;2;2;2;2;1;3;3;4;4;4;4;3;3;1;2;2;1;1;2;2;3;4;4;2;2;2;1;4;3;1;1;2;9;9;5;5;6;8;3;2;2;2;2;3;3;6;8;3;2;2;3;1;1;1;1;1;1;1;1;5;5;1;1;1;3;1;1;1;1;1;2;3;3;4;3;5;1;5;1;1;1;1;1;3;3;3;3;2;1;3;2;3;3;3;3;1;1;-2;-2;-2;2;3;3;3;3;3;4;3;3;3;2;2;3;4;3;4;5;10;2;9;10;1;8;8;2;10;10;8;8;2;2;1;2;2;3;4;2;1970;47;4;2;1;1;1;410;410;410;1;4;1;2390;1;2;5;3;6;3;3;2;3;2;5;1;-3;3;4;-3;2;1;3;5;2;0;100000020;410004;1;1;1;0.5119444444444445;0.7488888888888889;0.3003703703703704;0.4340740740740741;1.0;0.33;0.33;0.5533333333333333;1.0;1.0;0.8333333333333334;0.9444444444444445;0.0;0.0;0.0;0.0;0.33;0.66;0.66;0.55;0.0;0.0;1.0;0.3333333333333333;0.5;0.66;1.0;0.7200000000000001;0.0;0.0;0.4444444444444444;0.14814814814814814;0.0;0.0;0.0;0.0;1.0;1.0;1.0;1.0;1.0;1.0;1.0;1.0;1.0;1.0;1.0;1.0;0;0;0;0;1;3;6;5;7;4;6;3;3;4;4;6;3;3;4;5;2;-3;-3;3;380;38500;0;4;5;1;5;5;5;7;3;1;1;7;5;5;4;4;7;5;2;4;2;3;1;2;5;4;4;4
"1-5-0 (2020-11-16)";"doi.org/10.14281/18241.1";2018;410;"KOR";732;"ROK";410070972;20180110;201712;201801;19.5;20.14;24;1;410043;410009;7;4;3;1;972;2390;"ko";2;1;1.0;0.8032128514056225;41453.815261044176;1;3;2;2;2;4;1;2;2;1;2;1;1;1;2;2;2;1;2;1;1;2;2;1;2;2;2;3;4;4;4;4;5;2;2;1;5;2;3;4;4;4;5;5;2;1;1;3;1;1;3;7;9;4;4;4;4;4;1;2;2;4;3;4;4;4;3;4;4;4;4;4;4;1;3;4;4;4;4;4;4;3;4;4;4;4;4;4;4;4;3;3;3;10;2;1;2;0;0;0;0;1;0;0;0;0;0;0;0;5;3;3;6;10;1;10;3;4;4;4;4;4;2;10;2;0;0;2;1;2;0;2;2;3;3;3;2;3;3;4;3;2;2;1;2;1;3;2;2;2;2;2;1;2;2;1;2;1;2;1;2;8;8;6;3;7;8;1;2;2;2;2;4;4;7;3;2;2;2;8;2;2;2;1;1;10;1;10;10;10;10;10;1;1;1;1;2;2;2;1;4;3;1;2;5;5;5;1;5;1;2;5;1;2;2;2;2;2;1;1;1;1;2;2;1;1;410002;410002;410002;3;3;4;1;4;4;1;3;2;2;1;3;4;4;1;4;6;10;1;10;10;1;6;6;5;8;10;10;10;2;1;2;2;2;4;4;2;1997;20;1;1;1;1;1;410;410;410;1;4;2;2390;6;0;3;2;-3;-3;3;2;3;2;1;-3;5;-3;6;2;2;1;2;6;2;0;100000020;410004;2;2;1;0.6941666666666666;0.7216666666666667;0.6245833333333334;1.0;1.0;0.0;0.33;0.44333333333333336;1.0;1.0;1.0;1.0;1.0;0.0;0.0;0.3333333333333333;1.0;1.0;1.0;1.0;0.0;0.0;1.0;0.3333333333333333;1.0;1.0;1.0;1.0;1.0;1.0;1.0;1.0;0.33;0.0;0.165;0.165;1.0;1.0;1.0;1.0;1.0;1.0;1.0;1.0;1.0;1.0;1.0;1.0;0;0;1;0;1;8;10;1;10;2;2;1;1;2;1;1;10;1;4;5;10;1;8;1;1500;20000;8000;2;5;1;2;2;1;10;8;2;2;1;1;10;1;1;1;1;1;1;3;3;2;1;10;1;1;-3
"1-5-0 (2020-11-16)";"doi.org/10.14281/18241.1";2018;410;"KOR";732;"ROK";410070973;20180110;201712;201801;19.51;20.26;35;1;410041;410007;8;5;2;1;973;2390;"ko";1;1;1.0;0.8032128514056225;41453.815261044176;1;2;1;3;3;1;1;1;2;1;1;2;2;1;2;2;2;1;2;1;2;2;2;2;2;2;4;3;3;3;2;3;3;3;2;1;4;2;4;3;2;2;3;3;2;3;1;3;2;2;5;7;7;4;4;4;4;4;2;2;2;2;2;3;3;3;1;3;2;2;2;2;2;2;2;2;2;2;1;2;1;1;1;1;2;2;2;2;2;2;2;2;2;9;3;1;2;2;0;0;0;0;0;0;0;0;0;0;0;8;1;8;2;7;2;8;3;3;3;3;3;2;4;9;4;2;2;1;1;2;2;2;2;2;2;4;3;4;4;4;4;4;2;2;2;2;3;2;2;2;2;2;1;1;1;1;2;1;2;1;4;7;6;2;5;2;8;8;1;1;1;1;2;2;2;2;1;1;1;6;3;5;2;2;2;5;5;5;6;5;5;5;1;5;2;2;4;2;5;3;3;3;3;3;5;1;5;1;5;5;5;1;3;3;3;3;3;3;3;3;3;3;3;3;2;2;-2;-2;-2;2;3;3;3;2;3;3;3;2;2;2;3;3;4;1;3;3;6;5;9;5;1;10;8;5;7;7;7;7;2;2;1;1;1;2;2;2;1958;59;5;3;1;1;1;410;410;410;1;2;1;2390;1;2;2;1;3;2;1;1;1;1;5;3;-3;4;9;-3;2;2;2;7;2;1;10100000;410004;1;2;2;0.5680555555555555;0.41611111111111115;0.5632870370370371;0.5440740740740742;1.0;0.33;1.0;0.7766666666666667;0.0;0.0;0.16666666666666666;0.05555555555555555;1.0;1.0;1.0;1.0;0.66;0.33;0.33;0.44;1.0;1.0;1.0;1.0;0.5;0.66;0.66;0.6066666666666668;0.4444444444444444;0.4444444444444444;0.5555555555555556;0.48148148148148145;0.33;0.0;0.165;0.165;1.0;1.0;1.0;1.0;1.0;1.0;1.0;1.0;1.0;1.0;1.0;1.0;0;0;1;0;0;6;5;5;7;5;6;2;2;5;5;5;7;5;9;2;6;-3;-3;2;300;50000;5000;-3;7;1;-3;-3;-3;6;3;1;2;5;2;8;2;5;5;2;2;1;1;1;2;2;8;2;5;4
"1-5-0 (2020-11-16)";"doi.org/10.14281/18241.1";2018;410;"KOR";732;"ROK";410070974;20180110;201712;201801;20.05;20.43;38;1;410028;410004;8;5;2;1;974;2390;"ko";2;1;1.0;0.8032128514056225;41453.815261044176;2;2;2;4;4;4;1;1;1;1;1;2;2;2;2;2;2;1;2;1;2;1;2;2;2;2;3;2;3;3;3;3;4;2;3;3;4;2;5;2;4;2;3;4;2;3;1;3;2;2;9;6;7;4;4;4;4;4;1;2;2;2;2;3;3;3;4;3;4;3;3;3;2;2;3;4;3;3;3;3;3;3;3;2;3;3;2;3;3;3;3;3;3;8;1;1;1;2;2;2;2;2;2;2;2;2;2;2;2;3;3;3;5;8;1;9;3;3;3;3;3;2;2;4;2;1;1;0;1;0;0;1;0;2;2;2;2;2;2;3;2;2;2;2;2;3;3;2;2;4;4;4;1;2;1;1;3;2;1;2;1;7;7;8;8;7;7;7;2;2;2;2;3;3;7;8;3;2;2;3;2;2;2;2;3;3;5;5;3;3;3;5;2;3;3;3;4;3;6;3;3;3;3;2;5;2;5;2;5;2;5;2;3;3;3;3;3;3;3;3;3;3;3;3;1;1;-2;-2;-2;2;2;2;3;2;2;2;3;2;2;2;3;2;4;4;4;7;7;2;7;7;7;7;7;7;8;8;7;7;3;3;4;4;4;4;4;1;1958;59;5;3;1;1;1;410;410;410;1;4;1;2390;1;2;3;2;3;2;1;1;1;1;1;1;4;5;9;2;1;1;3;4;2;0;100000020;410004;3;2;1;0.8308333333333333;0.8866666666666667;0.6415740740740741;0.49314814814814817;1.0;0.66;0.66;0.7733333333333334;1.0;1.0;1.0;1.0;1.0;1.0;1.0;1.0;0.66;0.66;0.33;0.5499999999999999;1.0;1.0;1.0;1.0;0.75;0.66;0.66;0.6900000000000001;0.2222222222222222;0.4444444444444444;0.2222222222222222;0.2962962962962963;0.66;0.5;0.5800000000000001;0.5800000000000001;1.0;1.0;1.0;1.0;1.0;1.0;1.0;1.0;1.0;1.0;1.0;1.0;1;1;0;1;0;6;8;8;8;4;3;3;3;2;7;7;6;2;5;5;7;4;1;3;500;30000;5000;8;4;1;7;8;7;8;3;1;1;5;5;6;6;4;4;4;3;2;2;2;3;3;5;5;5;4
"1-5-0 (2020-11-16)";"doi.org/10.14281/18241.1";2018;410;"KOR";732;"ROK";410070975;20180110;201712;201801;20.09;20.3;21;1;410041;410007;8;5;2;1;975;2390;"ko";2;1;1.0;0.8032128514056225;41453.815261044176;2;2;2;2;2;3;1;2;2;2;1;1;2;1;2;2;1;1;2;1;2;1;2;1;2;2;2;3;2;3;3;2;2;1;2;1;4;2;4;3;2;3;3;3;2;2;1;3;3;2;8;6;5;4;4;4;4;4;1;2;1;2;2;3;2;3;3;2;3;3;3;3;3;3;4;4;2;3;2;3;2;2;3;3;2;2;2;1;2;2;2;1;2;4;3;1;2;0;0;0;0;0;0;0;0;0;0;0;0;8;5;3;6;8;1;8;2;3;3;4;4;1;2;8;3;2;2;0;0;0;1;1;2;3;2;4;4;4;4;4;4;4;1;1;2;2;2;2;2;1;1;2;2;2;1;3;2;2;1;2;3;7;8;7;7;5;8;4;2;2;2;2;3;3;7;8;3;1;1;8;2;3;1;3;1;2;1;1;5;3;1;1;2;2;1;4;2;2;1;3;3;2;3;2;5;1;5;2;5;3;5;3;3;3;3;3;3;3;3;3;3;3;3;3;1;1;410002;410002;410002;2;3;3;3;3;3;3;3;2;2;1;3;3;3;2;3;4;8;4;7;8;7;7;8;7;8;8;5;6;2;2;2;2;2;3;3;2;1978;39;3;2;1;1;1;410;410;410;1;4;2;2390;6;0;3;2;-3;-3;3;2;3;2;1;-3;3;-3;4;2;2;3;3;4;2;0;100000020;410004;4;2;0;0.6641666666666666;0.72;0.44046296296296295;0.2992592592592593;1.0;0.33;0.33;0.5533333333333333;0.66;1.0;1.0;0.8866666666666667;1.0;1.0;0.0;0.6666666666666666;0.33;0.66;0.66;0.55;0.0;1.0;0.0;0.3333333333333333;0.25;0.33;0.66;0.41333333333333333;0.1111111111111111;0.0;0.4444444444444444;0.1851851851851852;0.66;1.0;0.8300000000000001;0.8300000000000001;1.0;1.0;1.0;1.0;1.0;1.0;1.0;1.0;1.0;1.0;1.0;1.0;1;1;0;1;1;5;6;5;6;3;5;4;3;3;4;3;6;5;5;7;7;1;5;3;430;48000;2000;7;4;1;7;6;5;7;3;1;1;4;2;6;3;5;4;2;2;1;2;3;1;3;6;3;5;-3
"1-5-0 (2020-11-16)";"doi.org/10.14281/18241.1";2018;410;"KOR";732;"ROK";410070976;20180110;201712;201801;20.09;20.5;41;1;410041;410007;8;5;2;1;976;2390;"ko";3;1;1.0;0.8032128514056225;41453.815261044176;1;1;1;3;2;4;2;1;1;1;1;2;2;1;2;2;2;1;2;2;2;1;2;1;2;2;2;3;2;2;2;1;1;1;2;1;1;1;3;2;1;2;2;3;2;1;1;1;3;2;10;5;5;4;4;4;4;4;3;2;2;2;2;3;3;3;3;4;3;3;2;3;3;2;3;4;4;3;2;3;2;2;3;3;3;3;2;2;2;2;2;2;2;3;2;3;2;0;0;0;0;0;0;0;0;0;0;0;0;3;8;5;5;7;1;9;2;3;4;4;4;4;4;9;4;2;2;1;2;2;1;2;2;3;1;4;4;4;4;4;4;4;2;2;2;1;1;2;2;3;4;4;1;2;1;4;3;1;3;2;1;9;5;7;7;2;8;2;2;2;2;2;4;4;7;8;3;2;2;7;3;2;3;3;3;5;5;5;6;6;4;4;2;1;1;4;2;3;1;2;4;4;3;3;4;2;4;1;4;1;1;3;2;2;2;2;2;2;3;3;2;2;2;2;2;2;-2;-2;-2;2;3;2;2;4;3;2;4;2;2;1;3;3;4;1;4;3;7;4;7;5;2;7;4;4;6;8;5;7;3;2;1;2;1;2;2;1;1992;25;2;1;1;1;1;410;410;410;1;4;2;2390;6;0;5;3;-3;-3;3;2;3;2;1;-3;3;-3;3;2;2;2;3;5;2;0;100000020;410004;2;1;2;0.7483333333333333;0.61;0.48787037037037034;0.35074074074074074;0.0;0.33;0.33;0.22;1.0;1.0;1.0;1.0;1.0;1.0;1.0;1.0;1.0;0.66;0.66;0.7733333333333334;1.0;1.0;1.0;1.0;0.0;0.33;0.33;0.22;0.4444444444444444;0.4444444444444444;0.5555555555555556;0.48148148148148145;0.0;0.5;0.25;0.25;1.0;1.0;1.0;1.0;1.0;1.0;1.0;1.0;1.0;1.0;1.0;1.0;1;0;0;1;0;5;5;4;7;5;5;4;3;3;3;2;6;4;5;8;4;1;4;3;450;30000;5000;5;5;1;5;6;6;5;1;1;2;3;5;7;1;4;4;5;2;1;4;1;2;1;7;2;3;-3
"1-5-0 (2020-11-16)";"doi.org/10.14281/18241.1";2018;410;"KOR";732;"ROK";410070977;20180110;201712;201801;20.25;20.5;25;1;410011;410001;8;5;1;1;977;2390;"ko";1;1;1.0;0.8032128514056225;41453.815261044176;1;1;2;2;1;2;1;2;2;1;1;2;2;1;1;2;2;1;2;1;2;2;2;2;2;2;2;3;2;3;2;2;2;1;1;1;3;3;3;2;3;2;2;3;2;2;1;1;2;2;7;7;6;4;4;4;4;4;3;1;1;2;1;3;3;3;1;3;1;2;3;1;1;1;3;3;1;2;1;1;2;2;3;2;3;3;2;2;3;2;2;1;1;4;3;3;2;2;2;2;0;0;0;1;0;0;2;0;0;8;3;8;4;8;1;6;2;2;1;2;1;2;2;6;4;2;1;1;1;0;1;0;1;2;2;4;4;4;4;4;4;4;2;2;2;2;2;2;2;2;3;4;2;1;1;2;3;3;4;1;2;7;7;6;4;4;6;7;1;1;1;1;3;4;2;2;1;1;1;4;4;5;4;3;2;4;3;3;4;2;3;2;3;1;3;1;1;4;5;4;4;4;1;1;1;1;1;1;5;1;2;1;1;2;2;2;1;2;3;2;1;2;3;3;2;2;410009;410009;410009;1;3;2;3;1;2;4;4;2;2;2;2;2;4;3;4;5;4;3;8;3;2;7;2;2;9;8;8;7;2;2;1;2;1;4;3;1;1969;48;4;2;1;2;1;410;-2;410;1;3;1;2390;1;1;6;3;6;3;3;2;3;2;1;1;2;3;3;2;1;1;1;6;2;1;10100000;410004;3;2;0;0.40138888888888885;0.19277777777777777;0.4478240740740741;0.3548148148148148;0.0;0.33;0.33;0.22;0.33;0.0;0.16666666666666666;0.16555555555555557;1.0;1.0;1.0;1.0;0.66;0.0;0.0;0.22;0.0;1.0;1.0;0.6666666666666666;0.25;0.33;0.66;0.41333333333333333;0.3333333333333333;0.2222222222222222;0.3333333333333333;0.2962962962962963;0.33;0.5;0.41500000000000004;0.41500000000000004;1.0;1.0;1.0;1.0;1.0;1.0;1.0;1.0;1.0;1.0;1.0;1.0;1;0;1;0;1;6;7;5;6;4;7;4;3;6;3;4;7;6;6;8;7;1;5;1;600;148000;11000;6;6;1;8;7;7;8;7;1;1;8;6;6;5;5;8;7;2;4;2;3;2;3;6;5;5;4
"1-5-0 (2020-11-16)";"doi.org/10.14281/18241.1";2018;410;"KOR";732;"ROK";410070978;20180110;201712;201801;20.27;20.51;24;1;410028;410004;8;5;2;1;978;2390;"ko";3;1;1.0;0.8032128514056225;41453.815261044176;1;1;1;3;1;3;1;2;1;1;2;1;2;1;2;2;2;1;2;1;2;1;2;1;2;2;2;3;4;3;3;3;2;1;1;1;3;3;3;2;2;2;2;3;3;3;1;2;2;2;6;5;5;4;4;4;4;4;1;2;1;3;2;4;3;3;2;3;3;2;3;3;3;3;3;3;3;2;3;3;2;3;3;3;3;3;3;2;2;3;3;1;2;3;3;1;2;0;0;0;0;0;0;0;0;0;0;0;0;4;6;3;4;4;2;7;2;2;3;2;2;2;3;7;3;2;2;2;2;1;1;2;2;1;3;3;3;4;4;4;3;3;1;1;2;2;2;2;2;2;2;3;2;2;2;1;4;2;3;1;2;8;8;7;5;6;7;3;2;2;2;2;4;4;7;8;3;2;2;4;1;1;1;1;1;1;1;1;6;3;1;1;1;1;1;1;1;1;2;2;3;4;3;3;2;1;5;1;5;1;5;1;3;3;3;3;2;1;3;3;3;3;3;3;1;1;-2;-2;-2;2;2;3;4;4;2;4;4;3;2;1;2;2;4;4;3;5;10;1;9;10;1;10;9;3;10;9;9;7;2;2;1;2;2;3;4;2;1974;43;3;2;1;1;1;410;410;410;1;4;1;2390;1;2;5;3;6;3;3;2;5;3;1;1;5;3;6;2;2;1;3;5;2;0;100000020;410004;2;2;1;0.4833333333333334;0.6366666666666667;0.3712962962962963;0.41092592592592597;0.5;0.33;0.33;0.3866666666666667;0.66;1.0;1.0;0.8866666666666667;0.0;0.0;0.0;0.0;0.66;0.66;0.66;0.66;0.0;0.0;1.0;0.3333333333333333;0.25;1.0;0.66;0.6366666666666667;0.0;0.0;0.5555555555555556;0.1851851851851852;0.66;0.0;0.33;0.33;1.0;1.0;1.0;1.0;1.0;1.0;1.0;1.0;1.0;1.0;1.0;1.0;0;1;0;0;1;5;5;5;6;5;6;4;4;5;6;5;6;4;6;5;3;1;2;3;450;35000;5000;8;5;1;8;8;7;8;4;1;1;3;3;3;7;3;3;3;2;2;2;3;1;2;3;7;4;4
"1-5-0 (2020-11-16)";"doi.org/10.14281/18241.1";2018;410;"KOR";732;"ROK";410070979;20180110;201712;201801;20.28;20.51;23;1;410045;410011;7;4;3;1;979;2390;"ko";2;1;1.0;0.8032128514056225;41453.815261044176;1;2;2;3;3;4;1;2;2;1;1;2;1;1;2;2;2;1;2;1;1;1;2;1;1;2;3;2;3;4;4;3;4;2;1;1;3;3;2;4;3;3;3;4;2;2;1;3;3;2;4;4;4;4;4;4;4;4;1;2;1;1;1;3;3;3;4;4;2;2;3;2;1;2;2;3;2;3;2;3;2;2;2;2;2;2;2;2;2;2;2;2;2;8;3;1;2;0;0;1;0;0;0;0;0;0;0;0;0;7;5;2;3;3;1;5;2;3;2;2;2;2;4;7;4;2;1;1;1;0;2;1;1;1;1;4;4;4;4;4;3;4;1;1;2;1;1;1;1;2;2;3;1;1;2;3;1;3;2;1;2;10;10;6;3;4;9;1;2;2;2;2;4;4;7;8;3;1;2;4;2;2;2;2;2;5;2;6;7;7;5;5;1;3;3;2;2;2;5;3;4;4;2;2;5;1;5;1;1;1;1;5;2;2;2;2;2;2;3;3;2;1;2;2;1;1;410002;410002;410002;1;3;3;3;2;2;4;4;1;1;1;1;1;4;3;4;3;8;1;8;8;1;6;2;2;10;9;8;7;2;2;2;2;3;3;3;2;1985;32;2;2;1;1;1;410;410;410;1;5;1;2390;1;3;5;3;6;3;3;2;3;2;5;1;-3;3;3;-3;2;3;5;3;1;0;100000020;410004;3;2;1;0.7766666666666667;0.8316666666666668;0.6726388888888889;0.6794444444444445;1.0;0.33;0.66;0.6633333333333334;1.0;1.0;1.0;1.0;1.0;1.0;1.0;1.0;1.0;0.33;0.0;0.44333333333333336;0.0;1.0;1.0;0.6666666666666666;0.75;0.66;1.0;0.8033333333333333;0.4444444444444444;0.5555555555555556;0.6666666666666666;0.5555555555555556;0.33;1.0;0.665;0.665;1.0;1.0;1.0;1.0;1.0;1.0;1.0;1.0;1.0;1.0;1.0;1.0;1;0;1;0;1;5;3;3;6;3;7;3;3;3;4;5;7;6;7;7;4;-3;-3;5;300;25000;8000;-3;3;2;-3;-3;-3;6;1;1;3;1;6;8;1;2;1;6;1;1;3;1;2;3;8;1;3;4
"1-5-0 (2020-11-16)";"doi.org/10.14281/18241.1";2018;410;"KOR";732;"ROK";410070980;20180110;201712;201801;20.33;21.05;33;1;410041;410007;8;5;2;1;980;2390;"ko";2;1;1.0;0.8032128514056225;41453.815261044176;1;2;2;3;3;2;2;1;1;1;1;2;2;1;2;2;2;1;2;1;2;2;2;2;2;2;3;3;3;3;1;3;3;3;1;1;4;2;4;2;1;1;2;2;3;2;1;2;3;2;5;2;2;4;4;4;4;4;2;2;2;2;2;3;3;3;1;3;3;3;3;3;3;3;3;4;4;3;3;3;3;3;3;3;3;3;3;3;3;3;3;3;3;2;2;2;3;2;0;0;0;0;0;0;0;0;0;0;0;8;2;3;5;4;2;8;2;4;2;2;2;2;4;9;3;2;2;2;2;0;2;1;1;3;2;4;3;4;4;4;4;4;2;1;2;3;3;2;2;2;2;2;1;1;1;1;2;1;3;1;2;7;7;5;8;3;8;8;1;1;1;1;2;2;1;1;1;1;1;5;3;4;2;2;3;5;5;5;5;2;2;4;1;1;2;2;2;3;3;2;4;3;3;3;5;1;5;1;5;2;5;1;3;3;3;3;3;3;3;3;3;3;3;3;2;2;-2;-2;-2;2;4;3;3;3;2;3;3;4;2;1;3;3;4;1;2;8;7;7;8;5;2;9;4;3;7;8;7;6;2;3;3;3;3;3;3;2;1957;60;5;3;1;1;1;410;410;410;1;3;1;2390;1;3;2;1;3;2;1;1;2;1;5;3;-3;4;10;-3;2;2;3;5;2;2;20000000;410004;1;1;2;0.5941666666666667;0.3583333333333334;0.5127777777777778;0.5255555555555556;0.5;0.66;0.66;0.6066666666666668;0.33;0.0;0.0;0.11;1.0;1.0;1.0;1.0;0.66;0.66;0.66;0.66;1.0;1.0;1.0;1.0;0.5;0.66;0.66;0.6066666666666668;0.4444444444444444;0.4444444444444444;0.4444444444444444;0.4444444444444444;0.0;0.0;0.0;0.0;1.0;1.0;1.0;1.0;1.0;1.0;1.0;1.0;1.0;1.0;1.0;1.0;0;0;0;0;1;3;2;2;5;2;5;1;1;2;5;5;5;5;2;7;5;-3;-3;3;350;25000;5000;-3;4;2;-3;-3;-3;6;2;1;1;5;5;5;7;5;5;5;3;2;3;3;2;3;5;7;5;4
"1-5-0 (2020-11-16)";"doi.org/10.14281/18241.1";2018;410;"KOR";732;"ROK";410070981;20180110;201712;201801;21.0;21.2;20;1;410041;410007;8;5;2;1;981;2390;"ko";2;1;1.0;0.8032128514056225;41453.815261044176;1;2;2;3;3;3;1;2;2;1;1;2;2;1;2;2;1;1;2;1;2;1;2;1;2;2;2;3;2;3;2;2;3;3;2;1;4;2;3;3;2;3;3;3;2;1;1;3;2;1;7;7;5;4;4;4;4;4;1;2;1;2;2;3;2;3;3;2;3;3;3;3;3;2;3;4;2;2;3;3;2;2;2;2;1;1;2;2;2;1;1;2;2;7;3;1;2;0;0;0;0;0;0;0;0;0;0;0;0;8;4;3;5;7;1;8;2;2;3;4;4;1;2;8;3;2;2;0;0;0;0;1;2;3;2;4;4;4;4;4;4;4;2;2;2;2;2;2;2;1;2;1;2;2;1;3;2;2;1;3;2;7;8;7;7;4;8;4;2;2;2;2;3;3;7;8;3;1;1;7;2;3;1;3;2;2;1;2;6;3;1;1;1;1;1;1;1;2;1;3;2;2;3;2;5;2;5;2;5;3;5;3;3;3;2;3;3;3;3;3;3;3;3;3;2;2;-2;-2;-2;2;3;3;3;3;2;3;3;2;2;2;3;3;3;2;3;3;8;4;7;7;5;8;7;4;7;8;7;5;2;2;2;2;2;3;3;2;1996;21;1;1;1;1;1;410;410;410;1;4;2;2390;6;0;3;2;-3;-3;3;2;3;2;6;-3;-3;-3;4;-3;2;2;3;4;2;0;100000020;410004;4;2;0;0.7475;0.72;0.47981481481481486;0.37796296296296306;1.0;0.33;0.33;0.5533333333333333;0.66;1.0;1.0;0.8866666666666667;1.0;1.0;1.0;1.0;0.33;0.66;0.66;0.55;0.0;1.0;0.0;0.3333333333333333;0.5;0.33;0.66;0.49666666666666676;0.1111111111111111;0.1111111111111111;0.5555555555555556;0.2592592592592593;0.66;1.0;0.8300000000000001;0.8300000000000001;1.0;1.0;1.0;1.0;1.0;1.0;1.0;1.0;1.0;1.0;1.0;1.0;1;1;0;1;1;6;8;5;6;4;5;4;3;4;4;3;7;4;5;8;5;-3;-3;3;300;37000;3000;-3;3;1;-3;-3;-3;8;2;1;1;5;3;6;4;5;5;3;2;1;2;2;1;3;6;3;5;-3
"1-5-0 (2020-11-16)";"doi.org/10.14281/18241.1";2018;410;"KOR";732;"ROK";410070982;20180110;201712;201801;21.04;21.31;27;1;410011;410001;8;5;1;1;982;2390;"ko";2;1;1.0;0.8032128514056225;41453.815261044176;1;1;2;2;2;2;1;2;1;1;1;2;1;2;2;2;2;1;2;1;2;1;2;1;2;2;2;4;3;2;2;2;2;1;3;3;2;1;3;2;3;3;2;3;2;2;2;2;2;2;7;8;7;1;2;1;2;2;3;2;1;1;2;4;3;2;2;1;2;2;3;2;2;3;2;3;2;2;3;2;2;2;3;2;2;2;3;2;2;3;2;2;2;7;1;1;2;0;0;0;0;0;0;0;0;0;0;0;0;7;6;7;7;6;1;6;2;1;2;1;2;1;2;6;2;1;0;1;0;1;1;0;1;2;2;2;1;2;1;2;2;2;1;1;2;2;2;2;2;2;2;3;2;1;2;2;3;1;3;1;2;7;7;7;8;7;8;8;1;2;2;2;2;3;7;8;3;1;2;5;3;4;3;2;1;2;2;1;2;2;2;1;2;2;2;1;2;1;1;3;2;3;2;2;1;2;2;1;3;1;2;2;3;3;3;3;3;3;3;3;3;2;3;3;1;1;410001;410001;410001;2;3;2;2;3;2;2;3;2;2;1;2;1;2;1;2;8;6;8;7;7;7;7;8;7;8;7;8;8;2;2;1;2;1;2;2;1;1957;60;5;3;1;1;1;410;410;410;1;3;1;2390;1;1;3;2;3;2;1;1;1;1;1;1;5;4;9;2;1;1;3;6;2;0;100000020;410004;2;1;0;0.5125000000000001;0.5816666666666668;0.3510185185185185;0.24370370370370373;0.5;0.33;0.33;0.3866666666666667;0.33;1.0;1.0;0.7766666666666667;1.0;1.0;0.0;0.6666666666666666;0.0;0.33;0.33;0.22;0.0;1.0;1.0;0.6666666666666666;0.25;0.66;0.33;0.4133333333333334;0.1111111111111111;0.0;0.1111111111111111;0.07407407407407407;0.0;0.5;0.25;0.25;1.0;1.0;1.0;1.0;1.0;1.0;1.0;1.0;1.0;1.0;1.0;1.0;1;0;0;0;1;7;7;6;7;7;6;7;6;7;7;6;7;7;7;6;7;4;4;3;600;20000;0;8;6;1;7;8;7;7;6;1;1;5;2;8;3;2;3;1;1;2;2;3;2;3;8;5;3;4
"1-5-0 (2020-11-16)";"doi.org/10.14281/18241.1";2018;410;"KOR";732;"ROK";410070983;20180110;201712;201801;21.1;21.31;21;1;410028;410004;8;5;2;1;983;2390;"ko";2;1;1.0;0.8032128514056225;41453.815261044176;2;2;2;2;2;3;1;1;1;1;1;2;2;2;2;2;2;1;2;1;2;1;2;1;2;2;3;2;3;3;2;3;4;2;2;1;3;3;3;2;2;2;3;2;2;3;3;3;2;3;7;7;7;4;4;4;4;4;1;1;4;4;4;4;4;4;2;2;2;3;3;2;2;2;3;3;2;2;3;3;3;2;2;2;3;3;3;3;2;3;2;2;3;8;2;1;1;2;2;2;2;2;2;2;2;2;2;2;2;7;7;7;6;6;2;7;4;4;4;4;4;2;2;7;3;0;0;0;0;0;0;0;0;3;3;4;4;4;4;4;4;4;2;2;2;4;4;2;2;4;4;4;1;1;1;1;2;2;3;1;3;7;8;7;7;7;8;7;2;2;2;2;3;3;7;8;3;2;2;7;7;8;8;2;2;3;3;4;3;3;3;4;4;3;3;2;3;3;4;3;3;3;2;1;5;2;3;2;5;2;3;3;3;3;3;3;3;3;3;3;3;3;3;3;2;2;410002;410002;410002;3;3;3;3;2;3;2;2;3;3;2;4;4;3;3;4;7;7;7;7;7;8;8;7;7;8;8;7;8;2;2;3;3;2;3;3;1;1981;36;3;2;1;1;1;410;410;410;1;4;1;2390;1;3;6;3;6;3;3;2;3;2;1;1;3;3;9;1;2;1;3;7;2;0;100000020;410004;2;2;1;0.7200000000000001;0.7750000000000001;0.5698148148148148;0.4746296296296296;1.0;0.33;0.66;0.6633333333333334;0.66;1.0;1.0;0.8866666666666667;1.0;1.0;1.0;1.0;0.33;0.33;0.33;0.33;1.0;1.0;1.0;1.0;0.75;0.66;0.66;0.6900000000000001;0.2222222222222222;0.3333333333333333;0.2222222222222222;0.25925925925925924;0.66;0.0;0.33;0.33;1.0;1.0;1.0;1.0;1.0;1.0;1.0;1.0;1.0;1.0;1.0;1.0;0;1;0;0;1;7;7;7;8;8;7;7;6;6;7;6;7;6;6;6;8;1;2;3;350;15000;0;8;7;2;8;7;8;7;7;1;1;3;3;6;5;4;3;3;2;1;3;2;2;2;6;5;4;4
"1-5-0 (2020-11-16)";"doi.org/10.14281/18241.1";2018;410;"KOR";732;"ROK";410070984;20180110;201712;201801;21.15;21.5;35;1;410041;410007;8;5;2;1;984;2390;"ko";2;1;1.0;0.8032128514056225;41453.815261044176;1;3;2;3;3;3;1;1;1;1;2;1;2;2;2;2;2;1;2;1;2;2;2;2;2;2;3;3;2;3;3;2;4;2;3;3;4;2;3;2;2;1;2;1;3;2;1;3;2;2;7;8;7;4;4;4;4;4;1;2;2;2;2;3;3;3;3;3;3;3;3;2;2;2;3;3;3;2;3;3;3;3;2;2;2;2;2;2;2;2;2;2;2;8;3;3;2;0;0;0;0;0;0;0;0;0;0;0;0;3;2;3;3;3;2;8;2;2;2;2;2;2;4;4;3;2;2;1;1;0;0;1;1;2;3;4;2;4;4;4;4;4;2;2;2;3;3;2;2;2;3;3;1;1;1;1;2;3;1;1;4;6;4;3;5;3;7;5;2;2;2;2;3;3;7;8;3;1;2;5;3;2;2;2;2;3;2;2;2;3;2;2;2;3;2;2;2;3;3;2;3;3;3;3;5;1;5;1;5;1;5;1;3;3;2;3;3;3;3;3;3;3;3;3;2;2;-2;-2;-2;2;3;3;4;2;3;3;3;2;2;2;3;3;3;1;3;7;5;2;8;3;1;9;5;3;10;9;8;9;2;3;2;2;2;3;3;2;1970;47;4;2;1;1;1;410;410;410;1;4;1;2390;1;2;3;2;5;3;1;1;3;2;5;3;-3;4;4;-3;2;2;2;7;2;0;100000020;410004;0;1;1;0.775;0.8300000000000001;0.34870370370370374;0.3640740740740741;1.0;0.66;0.66;0.7733333333333334;0.66;1.0;1.0;0.8866666666666667;1.0;1.0;1.0;1.0;0.66;0.33;0.33;0.44;1.0;0.0;1.0;0.6666666666666666;0.75;0.33;0.66;0.5800000000000001;0.2222222222222222;0.1111111111111111;0.1111111111111111;0.14814814814814814;0.0;0.0;0.0;0.0;1.0;1.0;1.0;1.0;1.0;1.0;1.0;1.0;1.0;1.0;1.0;1.0;0;0;0;0;0;6;7;7;8;8;6;2;2;4;7;8;8;6;8;3;3;-3;-3;2;600;50000;9000;-3;7;1;-3;-3;-3;8;6;1;4;8;5;5;5;5;5;5;3;4;2;2;2;2;5;5;5;4
"1-5-0 (2020-11-16)";"doi.org/10.14281/18241.1";2018;410;"KOR";732;"ROK";410070985;20180110;201712;201801;9.37;10.02;26;1;410011;410001;8;5;1;1;985;2390;"ko";2;1;1.0;0.8032128514056225;41453.815261044176;1;1;2;3;2;3;1;2;1;1;1;2;1;2;2;2;2;1;2;1;2;1;2;1;2;2;1;3;2;3;2;2;2;1;2;1;3;3;2;3;2;3;2;3;1;2;2;3;2;2;7;7;6;4;4;4;4;4;3;2;1;2;3;3;2;2;1;1;2;1;1;2;2;2;3;2;3;2;3;2;2;2;2;2;2;2;1;1;1;2;2;2;2;7;1;1;2;0;0;0;0;0;0;0;0;0;0;0;0;7;6;7;6;7;1;6;4;3;3;2;2;1;3;6;3;1;2;1;0;1;2;1;1;3;3;3;2;3;2;3;2;3;1;1;2;1;2;2;2;2;3;2;2;1;2;1;3;1;3;1;4;6;7;3;7;6;7;7;1;1;2;2;2;3;7;8;3;2;2;4;2;2;3;2;3;2;2;2;2;2;2;1;2;2;1;2;1;2;1;2;2;1;2;2;2;1;2;1;3;1;2;2;3;3;3;3;3;3;3;3;3;3;3;3;1;1;410008;410008;410008;2;1;1;2;2;2;1;2;1;2;2;2;3;3;2;3;4;6;8;7;7;7;9;7;6;8;8;8;7;1;2;2;1;2;1;2;2;1957;60;5;3;1;1;1;410;410;410;1;3;1;2390;1;1;3;2;3;2;1;1;1;1;1;1;4;4;9;2;1;1;3;5;2;0;100000020;410004;1;1;0;0.6375000000000001;0.665;0.3602777777777778;0.26222222222222225;1.0;0.33;0.0;0.44333333333333336;0.66;1.0;1.0;0.8866666666666667;1.0;1.0;1.0;1.0;0.0;0.33;0.33;0.22;0.0;1.0;1.0;0.6666666666666666;0.25;0.33;0.66;0.41333333333333333;0.1111111111111111;0.1111111111111111;0.1111111111111111;0.1111111111111111;0.0;0.5;0.25;0.25;1.0;1.0;1.0;1.0;1.0;1.0;1.0;1.0;1.0;1.0;1.0;1.0;1;0;0;0;0;7;7;6;7;6;7;6;7;8;7;8;6;7;7;8;7;4;1;3;500;25000;0;6;5;1;7;6;7;7;7;1;1;2;2;5;2;8;2;2;2;3;2;2;3;3;5;2;8;4
"1-5-0 (2020-11-16)";"doi.org/10.14281/18241.1";2018;410;"KOR";732;"ROK";410070986;20180110;201712;201801;21.56;22.29;33;1;410041;410007;8;5;2;1;986;2390;"ko";2;1;1.0;0.8032128514056225;41453.815261044176;1;2;3;3;1;3;1;1;2;1;1;1;2;2;2;2;2;1;2;1;2;1;2;2;2;2;3;3;3;3;2;3;3;3;3;3;4;2;3;3;4;3;3;3;3;3;1;3;2;2;6;5;5;4;4;4;4;4;1;2;2;2;2;3;3;3;3;4;4;3;3;2;2;2;3;3;3;3;3;3;3;3;3;3;2;2;2;2;2;2;2;2;2;8;3;3;2;0;0;0;0;0;0;0;0;0;0;0;0;3;2;3;3;6;2;8;2;2;2;2;2;2;4;7;3;2;2;2;1;1;1;1;1;2;2;4;2;4;4;4;4;4;2;2;2;3;3;2;2;3;3;3;1;1;1;1;2;3;1;1;4;7;6;6;7;5;8;2;2;2;2;2;3;3;7;8;3;1;2;5;3;2;2;2;2;3;2;2;3;2;2;3;3;1;2;2;2;3;3;2;3;3;3;3;5;1;5;1;5;1;1;1;3;2;2;3;2;3;2;2;3;3;3;3;2;2;-2;-2;-2;2;3;3;3;2;3;3;3;1;1;2;3;3;3;2;2;4;7;9;8;3;1;10;7;5;9;8;8;7;2;3;1;1;1;2;2;2;1980;37;3;2;1;1;1;410;410;410;1;4;2;2390;1;2;6;3;6;3;3;2;3;2;1;1;3;3;3;2;2;1;3;5;2;0;100000020;410004;0;1;1;0.8033333333333333;0.8300000000000001;0.447962962962963;0.395925925925926;1.0;0.66;0.66;0.7733333333333334;0.66;1.0;1.0;0.8866666666666667;1.0;1.0;1.0;1.0;1.0;0.33;0.33;0.5533333333333333;1.0;1.0;1.0;1.0;0.5;0.66;0.66;0.6066666666666668;0.2222222222222222;0.1111111111111111;0.2222222222222222;0.1851851851851852;0.0;0.0;0.0;0.0;1.0;1.0;1.0;1.0;1.0;1.0;1.0;1.0;1.0;1.0;1.0;1.0;0;0;0;0;0;6;7;8;8;7;6;2;2;5;4;4;7;5;8;3;7;1;5;2;500;20000;0;8;6;2;6;7;7;7;3;1;4;5;2;7;2;5;5;3;3;1;2;1;2;2;7;2;5;4
"1-5-0 (2020-11-16)";"doi.org/10.14281/18241.1";2018;410;"KOR";732;"ROK";410070987;20180111;201712;201801;20.51;21.23;32;1;410047;410013;7;4;3;1;987;2390;"ko";3;1;1.0;0.8032128514056225;41453.815261044176;1;1;2;2;1;1;1;1;1;1;1;2;2;2;2;2;2;1;2;1;2;1;2;1;2;2;2;2;2;3;2;2;3;3;1;1;3;3;4;2;2;1;1;3;2;3;3;3;2;1;7;7;5;4;4;4;4;4;3;2;1;2;2;3;3;3;3;2;3;3;3;2;2;4;4;4;2;3;3;3;2;2;3;3;3;3;2;2;2;3;3;2;2;6;2;2;3;0;0;0;0;0;0;0;0;0;1;0;0;4;4;5;5;6;2;4;2;2;2;2;3;3;3;6;3;2;2;2;0;1;1;1;1;2;3;3;2;4;4;4;2;3;1;2;2;2;1;2;2;1;2;2;1;2;1;1;2;3;1;1;2;6;6;4;5;4;7;5;2;2;2;2;4;4;7;7;3;1;1;5;1;1;1;2;2;2;2;2;4;3;2;2;3;1;2;1;2;2;2;4;4;3;2;2;5;1;5;2;5;2;5;5;2;3;3;3;2;3;3;3;2;3;3;3;1;1;410002;410002;410002;2;3;2;2;2;2;2;4;1;1;2;2;3;4;2;4;5;7;1;8;7;2;8;8;3;8;9;6;6;2;2;2;2;2;3;3;2;1962;55;5;3;1;1;1;410;410;410;1;4;1;2390;1;2;3;2;5;3;1;1;1;1;5;1;-3;6;9;-3;2;2;3;5;2;0;100000020;410004;1;1;1;0.5541666666666667;0.61;0.420462962962963;0.34092592592592597;1.0;0.33;0.33;0.5533333333333333;0.0;1.0;1.0;0.6666666666666666;0.0;1.0;1.0;0.6666666666666666;0.33;0.33;0.33;0.33;1.0;1.0;1.0;1.0;0.5;0.33;0.66;0.49666666666666676;0.1111111111111111;0.1111111111111111;0.3333333333333333;0.1851851851851852;0.0;0.0;0.0;0.0;1.0;1.0;1.0;1.0;1.0;1.0;1.0;1.0;1.0;1.0;1.0;1.0;0;0;0;0;1;6;7;5;5;4;5;4;3;4;4;4;7;4;5;5;5;-3;-3;3;400;15000;2000;6;4;1;5;5;6;8;5;2;1;5;5;6;2;3;4;4;2;1;3;2;2;1;7;2;4;4
"1-5-0 (2020-11-16)";"doi.org/10.14281/18241.1";2018;410;"KOR";732;"ROK";410070988;20180111;201712;201801;9.5;10.1;20;1;410045;410011;6;3;4;1;988;2390;"ko";1;1;1.0;0.8032128514056225;41453.815261044176;1;2;2;2;2;2;1;1;2;1;2;1;1;2;2;2;2;1;2;1;2;2;2;2;2;2;1;2;3;3;3;2;4;2;1;1;4;2;3;2;3;2;2;3;2;3;1;2;2;2;7;7;8;4;4;4;4;4;1;1;1;1;1;2;2;2;1;2;2;2;2;1;1;2;2;2;2;2;2;2;1;1;1;1;2;2;2;2;2;2;2;2;2;8;3;1;2;2;2;1;0;1;1;0;0;1;1;0;0;7;4;3;3;3;1;3;2;2;2;1;2;1;4;7;4;2;2;1;2;1;2;0;1;1;1;4;4;4;4;4;4;4;2;2;2;2;3;2;2;3;2;4;1;1;2;3;2;2;3;2;1;9;9;7;3;3;10;7;1;1;1;1;4;4;3;2;1;1;2;6;2;3;2;2;1;5;1;4;6;5;3;5;1;2;4;2;2;1;4;2;4;4;2;3;1;1;1;4;3;3;4;4;2;2;2;2;1;2;2;1;1;1;2;2;1;1;410002;410002;410002;1;4;4;4;1;1;4;4;1;1;1;2;2;4;2;4;5;8;3;10;9;1;5;1;1;10;10;9;9;2;2;2;2;2;2;2;2;1955;62;5;3;1;1;1;410;410;410;1;2;1;2390;1;2;6;3;6;3;3;2;3;2;5;3;-3;1;3;-3;2;1;2;7;2;7;70000000;410004;3;2;1;0.3186111111111111;0.24888888888888888;0.6577777777777778;0.5672222222222223;0.5;0.33;0.0;0.27666666666666667;0.33;0.0;0.3333333333333333;0.22111111111111112;1.0;1.0;0.0;0.6666666666666666;0.33;0.0;0.0;0.11;1.0;0.0;1.0;0.6666666666666666;0.75;0.66;0.66;0.6900000000000001;0.4444444444444444;0.3333333333333333;0.5555555555555556;0.4444444444444444;0.66;1.0;0.8300000000000001;0.8300000000000001;1.0;1.0;1.0;1.0;1.0;1.0;1.0;1.0;1.0;1.0;1.0;1.0;1;1;0;1;0;8;7;7;8;5;8;3;3;3;6;5;8;7;7;6;7;-3;-3;2;700;150000;13000;-3;7;1;-3;-3;-3;8;9;1;1;2;4;6;2;3;2;4;1;1;3;2;2;2;6;2;3;4
"1-5-0 (2020-11-16)";"doi.org/10.14281/18241.1";2018;410;"KOR";732;"ROK";410070989;20180111;201712;201801;10.06;10.33;27;1;410026;410002;8;5;2;1;989;2390;"ko";2;1;1.0;0.8032128514056225;41453.815261044176;1;2;2;2;2;4;2;1;1;1;2;1;2;1;2;2;2;1;2;1;2;1;2;1;2;2;2;2;3;3;3;3;4;2;2;1;4;2;4;4;4;2;2;2;2;2;1;2;2;2;7;7;6;4;4;4;4;4;1;2;1;2;2;3;3;3;3;3;3;3;3;2;3;3;3;3;3;3;3;3;2;3;3;2;3;3;2;2;3;3;3;2;3;9;3;3;2;0;0;0;0;0;0;0;0;0;0;0;1;8;7;4;5;8;2;4;2;3;2;2;2;2;0;8;3;2;1;2;1;2;2;2;2;2;2;4;4;4;4;4;4;4;2;2;2;3;3;2;2;3;3;4;2;2;1;1;2;3;1;1;2;7;8;6;3;8;8;1;2;2;2;2;4;4;7;8;3;2;2;7;1;1;1;1;1;2;1;6;6;5;2;8;1;1;1;1;1;1;8;3;3;3;3;2;5;1;2;1;2;1;5;2;2;2;1;3;2;3;2;2;2;2;3;3;1;1;410002;410002;410002;2;3;2;3;2;2;3;3;2;2;1;4;2;4;1;4;7;7;1;10;7;1;7;5;3;9;8;6;6;3;2;2;2;2;3;3;1;1965;52;4;3;1;1;1;410;410;410;1;6;1;2390;1;4;3;2;3;2;1;1;1;1;3;2;6;5;8;2;1;2;3;5;2;0;100000020;410004;1;1;2;0.48416666666666663;0.6933333333333334;0.4410185185185185;0.5487037037037037;0.5;0.33;0.33;0.3866666666666667;1.0;1.0;1.0;1.0;0.0;0.0;0.0;0.0;0.66;0.33;0.66;0.5499999999999999;1.0;0.0;1.0;0.6666666666666666;0.75;0.66;0.66;0.6900000000000001;0.1111111111111111;0.5555555555555556;0.5555555555555556;0.40740740740740744;0.0;0.0;0.0;0.0;1.0;1.0;1.0;1.0;1.0;1.0;1.0;1.0;1.0;1.0;1.0;1.0;0;0;0;0;1;6;5;5;5;3;2;3;3;4;3;3;6;3;3;8;6;4;1;3;700;80000;10000;8;5;1;7;7;9;8;5;1;4;4;1;5;1;5;4;2;1;1;3;2;2;3;6;2;5;4
"1-5-0 (2020-11-16)";"doi.org/10.14281/18241.1";2018;410;"KOR";732;"ROK";410070990;20180111;201712;201801;10.07;10.43;36;1;410041;410007;8;5;2;1;990;2390;"ko";3;1;1.0;0.8032128514056225;41453.815261044176;1;2;2;2;2;1;1;1;2;1;2;2;2;1;1;2;2;1;2;1;2;1;2;2;2;2;1;2;2;1;2;2;2;1;1;1;2;1;5;1;2;2;1;2;2;3;1;2;2;2;8;7;8;4;4;4;4;4;3;1;1;1;1;3;4;4;1;4;3;2;2;1;2;2;3;2;1;2;2;2;1;1;2;1;1;1;1;1;1;1;1;1;1;5;2;3;2;2;1;0;0;0;0;0;0;0;0;0;0;8;7;4;3;2;1;8;3;4;3;3;4;4;0;8;4;2;2;1;1;1;1;1;1;3;1;4;4;4;4;4;4;4;1;1;2;2;2;2;2;2;4;4;1;2;2;3;1;3;1;3;2;9;8;3;6;3;6;10;1;1;1;1;1;1;1;1;1;1;1;9;7;3;2;2;2;1;1;1;1;1;1;2;2;1;1;1;1;1;1;1;3;3;3;3;5;1;2;5;5;5;5;4;2;2;2;2;3;3;3;3;3;3;3;3;1;1;-2;-2;-2;2;4;3;2;2;2;3;4;2;1;1;2;3;4;1;1;7;7;7;6;6;2;6;5;6;7;7;7;8;2;2;2;2;1;2;3;2;1948;69;6;3;1;1;1;410;410;410;1;3;1;2390;1;1;3;2;3;2;0;1;0;1;1;1;6;6;9;2;2;3;5;4;2;9;90000000;410004;3;1;1;0.43;0.13833333333333334;0.33999999999999997;0.09666666666666668;0.5;0.33;0.0;0.27666666666666667;0.0;0.0;0.0;0.0;1.0;1.0;1.0;1.0;1.0;0.0;0.33;0.44333333333333336;1.0;0.0;1.0;0.6666666666666666;0.25;0.33;0.0;0.19333333333333336;0.0;0.0;0.0;0.0;0.0;1.0;0.5;0.5;1.0;1.0;1.0;1.0;1.0;1.0;1.0;1.0;1.0;1.0;1.0;1.0;1;0;0;1;1;8;8;7;8;8;5;4;5;6;5;6;8;3;5;5;7;5;2;5;250;10000;1500;8;4;1;8;7;8;8;8;1;1;3;3;4;2;2;2;2;4;3;2;4;2;3;6;3;4;4
"1-5-0 (2020-11-16)";"doi.org/10.14281/18241.1";2018;410;"KOR";732;"ROK";410070991;20180111;201712;201801;10.39;10.59;20;1;410011;410001;8;5;1;1;991;2390;"ko";2;1;1.0;0.8032128514056225;41453.815261044176;1;2;1;2;1;1;1;2;2;2;1;1;2;2;1;1;2;2;2;1;1;1;2;1;2;2;1;2;1;1;2;1;2;1;1;1;2;1;1;2;1;2;1;2;2;1;1;1;2;1;7;8;8;4;4;4;4;4;1;2;1;3;2;3;2;2;2;1;1;2;1;2;1;2;1;2;1;2;1;2;1;1;2;1;2;2;1;2;1;2;1;2;1;8;3;1;2;0;0;0;0;0;0;0;0;0;0;0;0;8;7;8;7;8;2;5;1;2;2;2;1;2;2;6;2;0;0;1;0;0;1;0;0;2;2;4;3;4;3;4;4;4;1;2;2;3;3;2;2;4;4;4;1;1;2;3;4;2;1;2;3;7;8;7;8;9;8;7;2;2;2;2;3;3;7;8;3;2;1;7;2;1;1;1;2;2;1;1;2;4;1;2;1;1;1;1;1;1;1;4;4;4;3;2;5;1;4;1;2;2;1;2;3;2;3;3;3;3;3;3;3;2;3;3;1;1;410001;410001;410001;2;1;2;1;2;1;2;1;2;1;2;1;2;1;2;1;4;7;8;7;8;7;8;7;8;7;8;8;7;2;2;2;1;1;2;1;1;1990;27;2;1;1;1;1;410;410;410;1;3;2;2390;6;0;6;3;-3;-3;3;2;3;2;1;-3;3;-3;3;1;1;2;2;7;2;0;100000020;410004;4;2;-1;0.305;0.3883333333333333;0.4135185185185185;0.07870370370370369;0.0;0.33;0.0;0.11;0.0;1.0;1.0;0.6666666666666666;0.0;0.0;1.0;0.3333333333333333;0.0;0.33;0.0;0.11;0.0;1.0;1.0;0.6666666666666666;0.25;0.0;0.0;0.08333333333333333;0.1111111111111111;0.0;0.1111111111111111;0.07407407407407407;0.66;1.0;0.8300000000000001;0.8300000000000001;1.0;1.0;1.0;1.0;1.0;1.0;1.0;1.0;1.0;1.0;1.0;1.0;1;1;0;1;1;7;7;8;8;7;8;7;8;8;7;8;9;7;8;8;8;1;4;2;600;50000;0;7;8;1;8;7;8;7;8;1;1;6;6;7;7;6;6;5;2;2;2;1;2;1;7;8;7;-3
"1-5-0 (2020-11-16)";"doi.org/10.14281/18241.1";2018;410;"KOR";732;"ROK";410070992;20180111;201712;201801;10.41;11.03;22;1;410026;410002;8;5;2;1;992;2390;"ko";2;1;1.0;0.8032128514056225;41453.815261044176;1;2;2;2;2;4;1;1;1;1;2;1;2;2;2;2;2;1;2;1;2;2;2;1;2;1;2;2;2;3;3;4;2;1;1;1;2;1;4;2;4;3;2;2;2;3;2;2;2;3;7;7;5;4;4;4;4;4;1;2;1;3;2;4;3;3;3;3;2;3;3;2;3;3;3;3;3;3;3;3;3;3;3;3;3;3;3;3;3;3;3;3;3;8;3;1;2;0;0;0;0;0;0;0;0;0;0;0;1;7;6;4;4;7;2;5;2;2;2;2;2;2;3;6;2;2;0;2;0;2;1;2;2;3;2;4;4;4;4;4;4;4;2;2;2;4;4;2;2;4;2;4;2;1;1;1;2;1;3;1;3;8;8;7;2;7;8;1;2;2;2;2;4;4;7;8;2;2;2;4;1;3;1;1;1;5;2;4;6;4;1;7;1;1;1;1;1;1;9;2;2;2;3;2;5;1;1;1;5;1;5;2;2;3;2;3;3;3;3;3;3;3;3;3;1;1;-2;-2;-2;2;4;2;3;2;2;4;4;2;2;2;4;2;4;1;4;6;7;1;10;8;1;8;4;3;9;8;5;5;3;3;2;2;2;4;4;1;1955;62;5;3;1;1;1;410;410;410;1;3;1;2390;1;2;3;2;3;2;1;1;2;1;3;5;4;-5;8;2;1;2;5;4;2;7;70000000;410004;1;1;1;0.595;0.7483333333333334;0.38111111111111107;0.4288888888888889;0.5;0.66;0.33;0.49666666666666676;1.0;1.0;1.0;1.0;1.0;0.0;0.0;0.3333333333333333;0.66;0.33;0.66;0.5499999999999999;1.0;0.0;1.0;0.6666666666666666;0.25;0.33;0.66;0.41333333333333333;0.4444444444444444;0.3333333333333333;0.5555555555555556;0.4444444444444444;0.0;0.0;0.0;0.0;1.0;1.0;1.0;1.0;1.0;1.0;1.0;1.0;1.0;1.0;1.0;1.0;0;0;0;0;1;4;5;4;5;3;3;2;2;3;3;5;5;5;4;7;7;4;1;5;400;30000;4000;9;4;1;7;7;10;7;4;1;1;4;4;5;1;3;3;3;2;1;2;2;2;3;5;1;3;4
"1-5-0 (2020-11-16)";"doi.org/10.14281/18241.1";2018;410;"KOR";732;"ROK";410070993;20180111;201712;201801;10.53;11.13;20;1;410045;410011;7;4;3;1;993;2390;"ko";3;1;1.0;0.8032128514056225;41453.815261044176;1;2;2;4;2;4;1;2;2;1;1;2;1;1;2;2;2;1;2;1;1;1;2;2;2;2;1;2;2;3;3;2;2;1;1;1;3;3;2;3;2;2;1;2;2;1;2;2;2;1;7;6;6;4;4;4;4;4;3;2;1;2;2;3;4;4;3;4;2;3;3;1;2;2;2;4;3;2;2;3;2;2;3;2;2;2;3;2;3;3;2;3;2;6;3;1;2;0;1;1;0;0;0;0;0;0;0;0;0;5;5;4;5;8;1;7;2;3;3;2;3;2;3;6;2;1;2;1;0;1;1;2;1;3;2;4;4;4;4;4;2;4;1;2;2;2;1;2;2;2;3;3;2;2;2;1;2;1;4;1;3;7;6;5;5;3;8;3;2;2;2;2;3;4;6;7;3;1;1;4;2;5;4;4;5;5;4;4;6;4;3;2;2;3;2;1;3;5;6;3;4;4;3;3;5;2;5;1;5;1;1;1;2;2;2;2;1;2;3;2;1;2;3;3;3;3;410010;410010;410010;1;3;2;3;2;2;3;4;3;2;2;1;2;4;3;4;5;4;2;9;3;3;8;3;2;8;9;9;8;2;3;1;3;3;4;4;1;1995;22;1;1;1;1;1;410;410;410;1;4;2;2390;6;0;3;2;-3;-3;5;3;5;3;6;-3;-3;-3;3;-3;2;2;3;4;2;0;100000020;410004;2;2;1;0.6936111111111112;0.6655555555555557;0.4223611111111111;0.4288888888888889;0.5;0.66;0.0;0.3866666666666667;1.0;1.0;0.8333333333333334;0.9444444444444445;1.0;1.0;1.0;1.0;1.0;0.0;0.33;0.44333333333333336;0.0;1.0;1.0;0.6666666666666666;0.25;0.33;0.66;0.41333333333333333;0.4444444444444444;0.3333333333333333;0.5555555555555556;0.4444444444444444;0.33;0.0;0.165;0.165;1.0;1.0;1.0;1.0;1.0;1.0;1.0;1.0;1.0;1.0;1.0;1.0;0;0;1;0;1;6;6;4;7;4;6;3;3;5;4;3;7;4;5;7;6;-3;-3;3;390;53000;5000;-3;4;1;-3;-3;-3;6;4;1;2;5;8;5;4;6;6;8;2;5;2;3;2;2;6;4;7;-3
"1-5-0 (2020-11-16)";"doi.org/10.14281/18241.1";2018;410;"KOR";732;"ROK";410070994;20180111;201712;201801;10.59;11.23;24;1;410042;410008;7;4;3;1;994;2390;"ko";3;2;1.0;0.8032128514056225;41453.815261044176;1;2;2;2;2;2;1;1;2;1;2;1;2;2;1;2;2;1;2;1;1;1;2;1;2;2;3;2;3;2;2;3;2;1;2;1;4;2;3;2;4;2;2;3;2;1;2;3;2;2;6;7;8;4;4;4;4;4;1;2;1;2;3;4;3;3;2;3;4;4;4;3;3;3;3;3;3;3;3;3;3;3;3;3;3;3;3;3;3;3;3;3;3;8;3;1;2;2;2;1;0;0;0;0;0;0;0;0;0;7;4;4;4;4;2;7;3;3;3;3;3;3;3;2;2;1;1;2;1;2;1;2;2;2;3;3;3;3;3;3;3;3;1;1;2;3;2;2;2;2;2;2;1;1;1;3;4;2;3;1;3;7;4;7;4;7;7;6;1;1;1;1;2;3;1;3;1;2;2;5;4;5;4;4;3;3;3;2;2;2;4;3;3;2;2;2;2;2;3;2;2;2;2;2;2;1;2;1;3;3;3;3;1;2;2;1;3;3;3;3;2;2;2;2;1;1;410002;410002;410002;3;3;3;2;3;2;2;3;3;2;1;2;2;2;2;2;6;9;5;9;8;2;9;3;3;9;3;7;7;3;2;2;2;2;3;3;2;1981;36;3;2;1;1;1;410;410;410;1;4;1;2390;1;2;6;3;6;3;6;3;6;3;1;1;3;3;3;1;2;2;2;5;2;1;10100000;410004;3;2;0;0.6083333333333334;0.3866666666666667;0.514537037037037;0.28074074074074074;1.0;0.33;0.66;0.6633333333333334;0.33;0.0;0.0;0.11;1.0;1.0;1.0;1.0;0.66;0.66;0.66;0.66;1.0;0.0;1.0;0.6666666666666666;0.25;0.66;0.33;0.4133333333333334;0.2222222222222222;0.1111111111111111;0.1111111111111111;0.14814814814814814;0.66;1.0;0.8300000000000001;0.8300000000000001;1.0;1.0;1.0;1.0;1.0;1.0;1.0;1.0;1.0;1.0;1.0;1.0;1;1;0;0;1;8;8;7;8;5;4;3;3;3;3;2;9;2;7;4;6;2;6;2;500;32000;0;8;5;1;6;7;7;7;7;1;1;8;7;10;1;1;1;4;2;1;2;2;2;2;10;1;3;4
"1-5-0 (2020-11-16)";"doi.org/10.14281/18241.1";2018;410;"KOR";732;"ROK";410070995;20180111;201712;201801;11.04;11.24;20;1;410028;410004;8;5;2;1;995;2390;"ko";3;1;1.0;0.8032128514056225;41453.815261044176;1;2;2;3;4;4;1;2;1;1;1;1;2;2;2;2;2;1;2;1;2;1;2;2;2;2;2;3;3;3;3;3;3;3;2;1;4;2;2;2;1;1;1;3;1;3;1;2;2;2;7;8;5;4;4;4;4;4;1;1;1;2;1;3;3;3;2;2;3;2;2;3;2;3;3;3;3;2;3;3;2;1;1;1;2;2;2;2;2;2;2;1;1;6;3;1;2;0;0;0;0;0;0;0;0;0;0;0;0;7;8;3;4;4;1;4;2;3;3;2;2;2;4;8;3;2;2;2;2;2;2;2;2;2;2;4;4;4;4;4;4;4;1;1;2;3;3;2;2;2;2;3;2;2;1;1;2;3;1;1;2;9;10;5;5;4;8;3;2;2;2;2;3;3;7;8;3;2;2;2;1;1;1;1;1;1;1;4;6;5;1;1;1;1;1;1;1;1;1;3;4;4;4;3;1;1;5;1;5;1;5;1;3;3;3;3;1;1;3;3;3;3;3;3;1;1;-2;-2;-2;2;2;3;3;2;2;4;4;3;2;1;2;2;4;3;4;7;10;4;9;9;1;10;10;1;10;10;8;8;2;2;1;1;2;2;3;2;1963;54;4;3;1;1;1;410;410;410;1;4;1;2390;1;2;5;3;6;3;3;2;3;2;5;1;-3;3;4;-3;2;1;3;4;2;0;100000020;410004;1;1;0;0.45666666666666667;0.6933333333333334;0.3924074074074074;0.45148148148148154;0.5;0.33;0.33;0.3866666666666667;1.0;1.0;1.0;1.0;0.0;0.0;0.0;0.0;0.33;0.66;0.33;0.44;0.0;1.0;1.0;0.6666666666666666;0.5;0.66;0.66;0.6066666666666668;0.0;0.3333333333333333;0.5555555555555556;0.2962962962962963;0.0;0.0;0.0;0.0;1.0;1.0;1.0;1.0;1.0;1.0;1.0;1.0;1.0;1.0;1.0;1.0;0;0;0;0;1;9;6;5;7;4;6;3;3;5;6;6;9;4;7;5;3;-3;-3;3;380;52000;3500;-3;4;1;-3;-3;-3;9;6;1;1;4;4;3;3;5;3;3;2;3;1;3;1;3;3;3;6;4
"1-5-0 (2020-11-16)";"doi.org/10.14281/18241.1";2018;410;"KOR";732;"ROK";410070996;20180111;201712;201801;11.06;11.26;20;1;410045;410011;6;3;4;1;996;2390;"ko";3;1;1.0;0.8032128514056225;41453.815261044176;1;3;2;3;2;2;1;2;1;1;2;2;1;1;2;2;2;1;2;1;2;2;2;1;1;2;2;2;3;3;3;3;4;2;1;1;4;2;3;2;3;2;2;3;2;3;1;2;3;2;5;5;5;4;4;4;4;4;1;2;1;1;2;3;2;3;1;3;2;2;2;2;2;3;3;3;2;2;2;2;2;2;2;2;2;2;2;2;2;2;2;2;2;5;3;1;2;2;1;1;0;0;0;0;0;0;1;0;0;6;4;3;4;4;1;4;1;2;1;1;2;1;3;6;4;2;2;1;1;0;2;0;1;1;2;4;3;4;4;4;4;4;1;2;2;2;2;2;2;3;3;4;1;1;2;3;1;3;4;3;1;8;8;5;4;5;8;7;1;1;1;1;3;2;1;1;1;1;2;3;2;2;2;1;1;4;2;5;5;2;2;2;1;1;2;2;2;2;4;2;4;4;3;3;3;1;1;2;2;1;4;3;2;2;2;2;1;2;2;2;1;1;2;2;1;1;410010;410010;410010;1;4;4;4;1;1;4;4;1;1;1;2;2;4;2;3;4;8;3;9;9;1;7;2;2;8;9;9;8;2;2;2;2;2;3;3;2;1968;49;4;2;1;1;1;410;410;410;1;3;1;2390;1;1;5;3;5;3;3;2;3;2;1;1;5;3;5;2;2;2;3;4;2;2;20000000;410004;3;2;1;0.3175;0.24833333333333335;0.5239351851851852;0.5487037037037037;0.5;0.33;0.33;0.3866666666666667;0.33;0.0;0.0;0.11;1.0;0.0;0.0;0.3333333333333333;0.66;0.33;0.33;0.44;0.0;0.0;1.0;0.3333333333333333;0.75;0.66;0.66;0.6900000000000001;0.3333333333333333;0.4444444444444444;0.4444444444444444;0.4074074074074074;0.33;1.0;0.665;0.665;1.0;1.0;1.0;1.0;1.0;1.0;1.0;1.0;1.0;1.0;1.0;1.0;1;0;1;1;0;6;5;5;6;3;8;3;3;3;3;3;7;6;5;7;6;1;5;3;500;30000;5000;5;4;1;5;7;4;6;4;1;3;1;6;5;2;2;1;6;2;5;3;2;2;2;5;2;1;4
"1-5-0 (2020-11-16)";"doi.org/10.14281/18241.1";2018;410;"KOR";732;"ROK";410070997;20180111;201712;201801;11.13;11.34;21;1;410026;410002;8;5;2;1;997;2390;"ko";2;1;1.0;0.8032128514056225;41453.815261044176;1;2;2;3;2;3;1;2;1;1;2;1;2;1;2;2;2;1;2;1;2;2;2;1;2;2;2;3;2;2;3;4;2;1;2;1;4;2;3;2;2;2;2;2;2;3;2;2;2;2;7;7;5;4;4;4;4;4;1;2;1;2;2;4;3;3;3;2;2;3;3;2;2;3;3;4;3;3;3;3;3;3;3;3;3;3;3;3;3;3;3;3;3;9;3;1;2;0;0;0;0;0;0;0;0;0;0;0;2;7;8;8;7;7;1;5;2;2;2;2;2;2;4;5;3;2;0;2;2;2;2;2;2;2;1;4;4;4;4;4;4;4;2;2;2;2;4;2;2;4;4;4;2;2;1;2;1;3;1;1;4;7;7;3;2;8;8;4;2;2;2;2;4;4;6;7;2;2;2;6;1;2;1;1;1;2;1;2;5;5;1;7;1;1;1;1;1;1;9;3;3;3;3;2;5;1;3;1;5;5;5;2;2;3;3;3;3;3;3;3;3;3;3;3;1;1;-2;-2;-2;2;4;2;3;2;2;3;4;2;2;1;4;3;4;1;4;8;8;1;10;8;1;9;4;2;10;7;6;6;3;2;2;2;2;3;3;2;1951;66;6;3;1;1;1;410;410;410;1;2;1;2390;1;2;2;1;3;2;0;1;1;1;1;1;5;6;8;2;2;1;3;5;2;7;70000000;410004;0;1;1;0.47027777777777785;0.608888888888889;0.21472222222222226;0.26277777777777783;0.5;0.33;0.33;0.3866666666666667;0.66;1.0;0.8333333333333334;0.8311111111111112;1.0;0.0;0.0;0.3333333333333333;0.33;0.33;0.33;0.33;0.0;0.0;1.0;0.3333333333333333;0.25;0.33;0.33;0.3033333333333334;0.1111111111111111;0.1111111111111111;0.4444444444444444;0.22222222222222224;0.0;0.0;0.0;0.0;1.0;1.0;1.0;1.0;1.0;1.0;1.0;1.0;1.0;1.0;1.0;1.0;0;0;0;0;0;9;7;5;7;6;3;5;5;4;4;4;9;4;7;4;8;1;2;3;350;30000;5000;8;3;1;7;6;7;8;3;1;1;3;5;5;2;2;2;2;2;1;3;2;2;2;5;1;3;4
"1-5-0 (2020-11-16)";"doi.org/10.14281/18241.1";2018;410;"KOR";732;"ROK";410070998;20180111;201712;201801;11.16;11.36;20;1;410011;410001;8;5;1;1;998;2390;"ko";2;1;1.0;0.8032128514056225;41453.815261044176;1;1;2;1;2;1;2;1;1;2;2;2;1;1;1;2;2;1;2;1;1;1;1;1;2;2;1;2;1;2;1;1;2;1;1;1;2;1;1;2;1;2;1;2;3;2;1;1;2;2;7;8;8;4;4;4;4;4;1;2;1;2;1;2;1;2;2;1;2;1;2;1;2;1;2;1;2;1;2;1;2;1;2;1;2;2;1;1;2;1;2;1;2;7;3;2;1;0;0;0;0;0;0;0;0;0;0;0;0;7;8;7;8;7;2;8;2;1;2;1;1;2;2;7;3;0;1;2;1;2;1;1;1;3;2;4;3;4;3;4;3;4;1;2;2;2;2;2;2;3;4;3;1;2;2;3;4;2;1;2;4;7;8;7;8;7;8;9;2;2;2;2;2;2;7;8;3;2;1;7;8;7;8;1;1;1;1;1;1;1;1;1;1;1;1;1;1;1;1;4;4;4;4;1;5;1;2;1;2;1;2;1;3;2;3;2;3;2;3;2;2;3;2;3;2;2;410008;410008;410008;2;1;2;1;2;1;2;1;2;1;2;2;1;2;1;1;7;7;8;8;7;8;7;8;7;8;7;8;8;2;2;2;1;1;2;1;2;1976;41;3;2;1;1;1;410;410;410;1;4;1;2390;1;4;5;3;5;3;2;1;2;1;1;1;3;3;4;1;1;2;3;6;2;0;100000020;410004;3;2;1;0.305;0.3883333333333333;0.4225;0.09666666666666668;0.0;0.33;0.0;0.11;0.0;1.0;1.0;0.6666666666666666;1.0;0.0;0.0;0.3333333333333333;0.0;0.0;0.33;0.11;1.0;0.0;1.0;0.6666666666666666;0.25;0.0;0.33;0.19333333333333336;0.0;0.0;0.0;0.0;0.66;1.0;0.8300000000000001;0.8300000000000001;1.0;1.0;1.0;1.0;1.0;1.0;1.0;1.0;1.0;1.0;1.0;1.0;1;1;0;1;0;7;7;8;7;8;8;9;8;9;8;9;8;8;9;8;7;1;5;3;450;30000;5000;8;7;1;9;8;9;8;7;1;1;6;6;7;6;6;5;6;2;3;2;1;2;1;6;7;7;4
"1-5-0 (2020-11-16)";"doi.org/10.14281/18241.1";2018;410;"KOR";732;"ROK";410070999;20180111;201712;201801;11.31;11.51;20;1;410042;410008;7;4;3;1;999;2390;"ko";3;1;1.0;0.8032128514056225;41453.815261044176;2;2;2;3;2;3;1;1;1;1;2;2;1;2;2;2;2;1;2;1;2;1;2;1;2;2;2;2;2;2;2;3;2;1;2;1;2;1;4;3;2;2;2;2;2;2;2;2;2;2;7;7;7;4;4;4;4;4;1;2;2;3;3;3;3;3;3;2;3;3;3;3;3;3;3;3;3;3;3;3;2;3;3;3;3;3;3;3;3;2;2;2;2;5;3;3;2;0;0;0;0;0;0;0;0;0;0;0;0;5;5;8;4;8;1;5;2;2;2;2;2;2;3;5;3;1;1;2;1;1;1;1;0;2;2;3;3;3;3;3;3;3;1;1;2;2;1;2;2;3;3;3;1;1;2;1;3;1;3;1;3;5;5;5;5;5;7;3;2;2;2;2;3;3;7;8;3;2;2;5;4;2;2;2;1;1;2;2;5;5;2;1;2;2;2;1;2;1;8;2;2;2;4;3;5;1;5;5;5;5;5;3;3;3;3;3;3;3;3;3;3;3;3;3;1;1;-2;-2;-2;2;3;2;2;3;2;3;3;2;2;2;2;2;3;2;3;5;5;2;9;6;5;5;7;6;8;9;9;8;2;2;2;2;3;3;3;1;1959;58;5;3;1;1;1;410;410;410;1;3;1;2390;1;2;3;2;3;2;1;1;1;1;1;5;6;-5;9;2;1;2;3;5;2;0;100000020;410004;2;1;1;0.6225;0.6366666666666667;0.35129629629629633;0.2442592592592593;0.5;0.33;0.33;0.3866666666666667;0.66;1.0;1.0;0.8866666666666667;1.0;1.0;0.0;0.6666666666666666;0.33;0.66;0.66;0.55;1.0;0.0;1.0;0.6666666666666666;0.25;0.33;0.33;0.3033333333333334;0.0;0.1111111111111111;0.4444444444444444;0.1851851851851852;0.0;0.5;0.25;0.25;1.0;1.0;1.0;1.0;1.0;1.0;1.0;1.0;1.0;1.0;1.0;1.0;1;0;0;0;1;7;7;6;7;4;5;4;3;3;3;4;7;5;5;6;5;4;1;3;100;20000;10000;7;5;1;7;6;7;7;6;1;1;6;6;8;7;6;6;6;3;1;2;2;2;2;8;7;6;4
"1-5-0 (2020-11-16)";"doi.org/10.14281/18241.1";2018;410;"KOR";732;"ROK";410071000;20180111;201712;201801;11.43;12.09;26;1;410011;410001;8;5;1;1;1000;2390;"ko";2;1;1.0;0.8032128514056225;41453.815261044176;1;2;1;2;1;1;1;2;1;2;1;1;1;2;2;2;2;1;2;1;2;1;2;1;2;2;1;2;1;2;1;2;2;1;1;1;2;1;1;2;1;2;1;2;1;2;2;2;2;2;7;8;7;4;4;3;4;4;1;2;1;2;1;2;1;2;2;1;2;1;2;1;2;1;2;1;2;1;2;1;2;1;2;1;2;2;1;2;1;2;1;2;1;7;3;2;2;0;0;0;0;0;0;0;0;0;0;0;0;7;8;7;8;7;1;7;2;1;2;1;2;2;2;8;4;2;1;2;0;1;0;1;1;1;2;4;3;4;3;4;3;3;2;2;2;3;3;2;2;3;4;4;1;1;1;3;4;2;3;2;1;7;8;7;8;8;9;8;2;2;2;2;2;2;7;8;3;2;1;7;8;8;7;8;7;8;7;8;7;8;7;8;7;8;9;8;8;9;8;4;4;4;2;2;2;1;2;1;2;1;2;2;3;2;3;3;2;3;2;2;2;3;2;2;1;1;410002;410002;410002;1;1;2;1;2;1;2;1;2;1;2;1;2;1;2;1;6;6;6;8;7;8;7;7;8;7;8;8;7;2;1;2;1;2;1;1;2;1965;52;4;3;1;1;1;410;410;410;1;4;2;2390;1;2;3;2;3;2;2;1;2;1;1;1;3;4;6;1;1;1;2;7;2;0;100000020;410004;3;2;0;0.48583333333333334;0.41666666666666663;0.6076851851851852;0.4670370370370371;0.5;0.0;0.0;0.16666666666666666;0.0;1.0;1.0;0.6666666666666666;1.0;1.0;1.0;1.0;0.0;0.0;0.33;0.11;0.0;1.0;1.0;0.6666666666666666;0.25;0.0;0.33;0.19333333333333336;0.7777777777777778;0.7777777777777778;0.6666666666666666;0.7407407407407408;0.66;1.0;0.8300000000000001;0.8300000000000001;1.0;1.0;1.0;1.0;1.0;1.0;1.0;1.0;1.0;1.0;1.0;1.0;1;1;0;1;0;6;7;8;7;8;7;8;7;8;7;8;7;7;7;7;8;1;3;2;500;50000;10000;7;7;1;8;8;7;7;7;1;1;7;6;8;7;6;7;6;2;1;1;2;1;2;8;7;6;4
"1-5-0 (2020-11-16)";"doi.org/10.14281/18241.1";2018;410;"KOR";732;"ROK";410071001;20180111;201712;201801;11.49;12.13;24;1;410045;410011;6;3;4;1;1001;2390;"ko";2;1;1.0;0.8032128514056225;41453.815261044176;1;1;2;2;2;3;1;1;1;1;1;2;2;2;2;2;2;1;2;1;2;2;2;1;2;2;2;3;2;3;3;2;2;1;2;1;4;2;4;2;3;2;2;3;2;3;1;1;2;2;5;7;7;4;4;4;4;4;1;2;1;1;2;3;3;3;2;3;3;2;2;2;1;2;4;4;2;2;2;3;2;2;2;2;2;2;2;3;3;3;2;2;2;4;3;1;2;0;1;1;0;0;0;0;0;0;0;0;0;8;6;3;3;3;1;3;2;2;1;1;2;1;0;3;3;2;2;1;1;0;0;0;1;1;1;4;4;4;4;4;4;4;1;2;2;2;2;2;2;3;3;4;1;1;1;1;2;3;2;1;3;9;9;6;3;4;9;2;2;2;2;2;4;4;7;8;3;2;2;5;2;2;2;2;2;4;1;5;6;5;3;3;2;2;3;2;2;2;4;4;4;4;2;2;1;1;1;1;3;2;5;2;2;2;3;3;1;2;3;3;2;2;3;3;1;1;410002;410002;410002;1;4;2;4;2;2;4;4;2;2;1;2;1;4;2;3;4;8;3;7;8;3;7;3;3;9;8;7;7;2;2;2;2;2;2;2;1;1969;48;4;2;1;1;1;410;410;410;1;4;1;2390;1;2;5;3;5;3;2;1;2;1;1;2;6;8;9;2;1;2;3;5;2;0;100000020;410004;2;2;1;0.6091666666666666;0.5533333333333333;0.5056944444444444;0.4288888888888889;0.0;0.33;0.33;0.22;0.66;1.0;1.0;0.8866666666666667;1.0;1.0;1.0;1.0;0.66;0.33;0.0;0.33;1.0;1.0;1.0;1.0;0.25;0.33;0.66;0.41333333333333333;0.3333333333333333;0.4444444444444444;0.5555555555555556;0.4444444444444444;0.33;0.0;0.165;0.165;1.0;1.0;1.0;1.0;1.0;1.0;1.0;1.0;1.0;1.0;1.0;1.0;0;0;1;0;1;7;7;7;7;3;6;3;3;5;5;8;7;8;7;5;7;1;4;3;500;34000;7000;8;4;1;8;8;7;7;6;1;2;1;3;6;1;1;1;3;2;1;3;2;2;3;6;2;3;4
"1-5-0 (2020-11-16)";"doi.org/10.14281/18241.1";2018;410;"KOR";732;"ROK";410071002;20180111;201712;201801;11.58;12.19;21;1;410041;410007;8;5;2;1;1002;2390;"ko";2;1;1.0;0.8032128514056225;41453.815261044176;1;2;2;3;1;3;1;1;2;1;2;2;1;1;2;2;2;1;2;1;2;1;2;2;2;2;2;3;2;4;2;3;2;1;1;1;3;3;4;2;2;3;2;2;1;2;1;2;2;2;7;6;5;4;4;4;4;4;1;1;1;2;2;3;2;3;3;3;3;2;2;1;1;1;2;3;2;1;2;2;2;3;2;3;2;2;2;3;3;2;3;2;2;7;3;1;2;0;2;2;0;0;0;0;0;1;1;0;0;3;7;3;4;7;1;7;3;2;3;2;3;3;3;4;2;2;1;1;2;1;0;1;1;3;3;4;3;4;4;4;2;4;1;1;2;1;1;2;2;2;2;3;2;2;1;2;1;3;1;4;1;6;8;6;6;3;6;3;2;2;2;2;4;4;6;8;3;1;1;5;2;5;3;3;3;4;3;5;6;5;5;6;4;3;2;2;2;6;6;4;4;4;3;2;5;1;1;1;5;1;1;1;1;2;1;2;1;2;3;3;1;1;3;3;3;3;410002;410002;410002;1;3;3;3;2;1;3;3;1;1;1;2;2;4;4;4;5;4;2;8;2;1;8;2;1;8;9;7;7;3;3;2;3;4;4;4;2;1990;27;2;1;1;1;1;410;410;410;1;4;3;2390;1;0;5;3;5;3;3;2;3;2;1;3;3;10;3;2;2;1;2;5;2;0;100000020;410004;0;1;2;0.6369444444444445;0.663888888888889;0.40944444444444444;0.4855555555555556;0.5;0.66;0.33;0.49666666666666676;0.66;1.0;0.8333333333333334;0.8311111111111112;1.0;1.0;1.0;1.0;0.66;0.0;0.0;0.22;1.0;0.0;1.0;0.6666666666666666;0.25;0.33;1.0;0.5266666666666667;0.3333333333333333;0.4444444444444444;0.5555555555555556;0.4444444444444444;0.0;0.0;0.0;0.0;1.0;1.0;1.0;1.0;1.0;1.0;1.0;1.0;1.0;1.0;1.0;1.0;0;0;0;0;0;7;6;4;6;4;5;3;2;3;3;4;6;3;8;6;6;1;4;2;480;37000;0;5;4;1;6;6;8;6;4;1;3;6;5;7;4;5;6;5;2;1;3;2;2;3;8;4;4;4
"1-5-0 (2020-11-16)";"doi.org/10.14281/18241.1";2018;410;"KOR";732;"ROK";410071003;20180111;201712;201801;12.06;12.42;36;1;410041;410007;8;5;2;1;1003;2390;"ko";2;2;1.0;0.8032128514056225;41453.815261044176;1;1;2;3;4;2;1;1;2;1;2;1;2;2;1;2;2;1;2;1;2;1;2;2;2;2;2;1;1;1;2;2;2;1;2;1;2;1;4;1;1;2;1;1;3;3;1;3;2;2;9;8;8;4;4;4;4;4;3;1;1;1;2;2;3;3;1;2;2;1;2;2;2;1;2;3;2;2;2;2;1;1;2;1;2;2;1;1;1;1;1;1;1;7;2;1;2;2;1;0;0;0;0;0;0;0;0;0;0;7;7;8;4;6;1;6;2;3;2;2;2;3;1;7;2;2;2;1;1;2;2;1;1;4;1;4;4;4;4;4;4;4;1;1;2;4;4;2;2;4;4;4;1;2;2;1;2;3;1;4;1;8;7;8;7;5;4;10;1;1;1;1;2;2;1;1;1;1;1;9;5;3;1;2;1;2;1;1;2;1;1;1;1;2;1;2;2;2;2;2;4;4;2;2;2;1;4;4;5;5;5;2;1;2;1;2;1;1;2;1;3;3;3;3;1;1;410001;410001;410001;1;4;3;4;2;2;3;4;2;1;1;1;3;3;1;2;8;8;7;8;5;6;5;8;7;6;8;6;8;1;1;1;1;2;1;2;2;1950;67;6;3;1;1;1;410;410;410;1;2;1;2390;1;2;3;2;5;3;2;1;3;2;5;3;-3;4;3;-3;2;1;3;6;2;1;10100000;410004;0;1;0;0.3875;0.27666666666666667;0.2060185185185185;0.07870370370370369;1.0;0.0;0.33;0.44333333333333336;0.33;0.0;0.0;0.11;1.0;1.0;0.0;0.6666666666666666;0.33;0.33;0.33;0.33;1.0;0.0;1.0;0.6666666666666666;0.25;0.0;0.0;0.08333333333333333;0.1111111111111111;0.0;0.1111111111111111;0.07407407407407407;0.0;0.0;0.0;0.0;1.0;1.0;1.0;1.0;1.0;1.0;1.0;1.0;1.0;1.0;1.0;1.0;0;0;0;0;0;8;8;7;8;5;7;5;5;6;7;6;7;4;4;8;7;-3;-3;2;500;30000;0;-3;7;1;-3;-3;-3;6;5;1;1;4;4;4;6;4;4;4;3;2;1;4;2;3;6;5;5;4
"1-5-0 (2020-11-16)";"doi.org/10.14281/18241.1";2018;410;"KOR";732;"ROK";410071004;20180111;201712;201801;12.18;12.41;23;1;410028;410004;8;5;2;1;1004;2390;"ko";3;1;1.0;0.8032128514056225;41453.815261044176;1;1;1;3;3;1;1;2;1;1;2;2;1;1;2;2;2;1;2;1;2;1;2;1;2;2;2;3;3;4;3;3;2;1;1;1;4;2;3;1;1;1;1;3;2;3;1;1;2;2;8;8;7;4;4;4;4;4;1;1;1;3;2;4;4;4;2;2;4;3;3;3;3;3;4;4;3;3;3;3;2;2;2;2;3;3;2;3;3;3;3;2;2;5;2;3;2;2;0;0;0;0;0;0;0;0;0;0;0;7;7;3;2;1;2;5;2;3;2;3;2;2;4;8;3;2;2;2;2;1;2;2;2;2;3;3;3;4;4;4;3;3;1;1;2;3;3;2;2;2;3;3;2;2;2;1;2;3;1;1;2;10;9;6;4;5;9;9;1;1;1;1;2;2;2;2;1;1;1;4;1;1;1;1;1;1;1;1;5;5;1;1;1;2;1;1;1;1;2;3;4;4;4;3;1;1;5;1;5;2;5;1;3;3;3;3;1;2;3;3;3;3;3;3;1;1;410001;410001;410001;3;4;3;4;3;3;3;3;2;2;2;2;2;4;3;4;7;8;5;9;10;1;10;10;2;10;9;8;7;2;2;2;2;2;3;4;2;1956;61;5;3;1;1;1;410;410;410;1;3;1;2390;1;1;3;2;3;2;1;1;1;1;5;1;-3;4;6;-3;2;2;3;3;1;2;20000000;410004;1;1;1;0.2063888888888889;0.13777777777777778;0.27953703703703703;0.3924074074074074;0.0;0.33;0.33;0.22;0.0;0.0;0.16666666666666666;0.05555555555555555;0.0;0.0;0.0;0.0;0.33;0.66;0.66;0.55;0.0;0.0;1.0;0.3333333333333333;0.25;0.66;1.0;0.6366666666666667;0.0;0.0;0.4444444444444444;0.14814814814814814;0.0;0.0;0.0;0.0;1.0;1.0;1.0;1.0;1.0;1.0;1.0;1.0;1.0;1.0;1.0;1.0;0;0;0;0;1;7;5;5;6;3;5;3;3;5;6;8;7;3;7;5;2;-3;-3;3;350;45000;7000;-3;3;1;-3;-3;-3;8;5;1;1;3;3;3;5;3;3;3;3;2;3;3;2;3;3;6;3;4
"1-5-0 (2020-11-16)";"doi.org/10.14281/18241.1";2018;410;"KOR";732;"ROK";410071005;20180111;201712;201801;12.25;12.45;20;1;410011;410001;8;5;1;1;1005;2390;"ko";2;1;1.0;0.8032128514056225;41453.815261044176;1;2;1;2;1;1;1;1;2;2;1;1;2;2;1;2;2;2;2;1;1;1;2;2;2;2;1;2;1;2;1;1;2;1;1;1;2;1;1;2;1;2;1;2;1;2;2;2;2;2;8;9;8;4;4;4;4;4;1;2;1;2;2;3;2;3;2;1;2;1;2;1;2;2;1;2;1;2;1;2;1;2;2;1;1;1;2;1;2;1;2;1;1;8;3;1;3;0;0;0;0;0;0;0;0;0;0;0;0;7;8;8;8;7;1;8;1;2;1;2;1;2;2;6;3;1;2;1;2;2;2;1;2;1;2;4;4;4;4;4;4;4;2;2;2;4;4;2;2;3;4;3;1;2;1;3;4;2;1;2;3;8;9;8;7;8;8;8;2;2;2;2;3;3;7;8;3;1;1;8;7;8;7;1;1;1;1;1;1;1;1;1;1;1;1;1;1;1;1;4;4;4;2;2;1;2;1;2;1;2;1;2;3;3;3;3;3;3;3;3;3;3;3;3;2;1;410002;410002;410002;1;2;1;2;1;1;2;1;2;1;2;2;1;2;1;2;5;7;8;7;8;8;7;7;8;8;7;8;7;2;1;2;1;1;2;1;1;1958;59;5;3;1;1;1;410;410;410;1;2;1;2390;1;0;3;2;3;2;0;1;0;1;1;5;5;-5;9;3;1;1;2;8;3;0;100000020;410004;4;2;0;0.31916666666666665;0.41666666666666663;0.5058333333333334;0.09666666666666668;0.5;0.0;0.0;0.16666666666666666;0.0;1.0;1.0;0.6666666666666666;1.0;0.0;0.0;0.3333333333333333;0.0;0.0;0.33;0.11;1.0;1.0;1.0;1.0;0.25;0.0;0.33;0.19333333333333336;0.0;0.0;0.0;0.0;0.66;1.0;0.8300000000000001;0.8300000000000001;1.0;1.0;1.0;1.0;1.0;1.0;1.0;1.0;1.0;1.0;1.0;1.0;1;1;0;1;1;7;7;8;7;8;7;8;7;8;8;9;8;8;8;9;8;3;2;2;600;80000;10000;8;8;1;9;8;8;7;8;1;1;6;7;8;7;7;6;7;2;1;1;2;1;2;8;7;7;4
"1-5-0 (2020-11-16)";"doi.org/10.14281/18241.1";2018;410;"KOR";732;"ROK";410071006;20180111;201712;201801;12.42;13.03;21;1;410042;410008;7;4;3;1;1006;2390;"ko";3;1;1.0;0.8032128514056225;41453.815261044176;1;2;2;1;1;4;1;1;2;1;1;2;2;1;2;2;2;1;2;1;1;2;2;1;2;2;2;4;4;4;4;3;5;2;2;1;5;2;2;5;3;4;4;5;2;2;2;3;2;2;4;5;5;4;4;4;4;4;3;2;2;3;3;4;4;4;4;4;3;3;3;3;2;2;3;4;3;2;2;3;2;2;2;4;3;3;3;3;3;3;3;2;2;5;3;1;2;0;0;0;0;0;0;0;0;0;0;0;0;5;5;7;4;9;1;10;3;4;3;3;3;2;2;10;4;2;2;2;0;1;1;1;2;2;2;4;4;4;4;4;4;4;1;1;2;2;3;2;2;2;2;2;1;2;1;2;1;1;3;2;4;7;7;4;4;4;8;1;2;2;2;2;4;4;7;7;3;2;1;8;2;1;1;1;1;9;1;4;9;10;6;9;1;1;1;1;1;1;7;2;2;3;2;2;2;2;2;1;1;1;1;2;1;1;2;2;2;2;1;1;1;1;1;2;1;1;410002;410002;410002;3;3;4;2;4;3;3;4;2;4;1;3;2;4;2;4;2;8;1;10;8;1;9;2;1;10;10;7;6;3;2;3;3;3;4;4;2;1992;25;2;1;1;1;1;410;410;410;1;4;2;2390;6;0;6;3;-3;-3;6;3;3;2;1;-3;3;-3;4;1;2;2;3;5;2;0;100000020;410004;1;1;2;0.5541666666666667;0.7766666666666666;0.6759259259259259;0.8518518518518519;1.0;0.33;0.33;0.5533333333333333;1.0;1.0;1.0;1.0;0.0;0.0;0.0;0.0;1.0;0.66;0.33;0.6633333333333333;1.0;1.0;1.0;1.0;1.0;1.0;1.0;1.0;0.8888888888888888;0.3333333333333333;0.8888888888888888;0.7037037037037036;0.0;0.0;0.0;0.0;1.0;1.0;1.0;1.0;1.0;1.0;1.0;1.0;1.0;1.0;1.0;1.0;0;0;0;1;0;6;5;5;6;3;4;3;3;1;1;3;6;1;3;7;7;1;5;3;400;20000;1000;5;5;1;6;5;6;5;5;1;2;1;5;10;1;1;1;1;1;1;3;3;2;2;10;1;1;-3
"1-5-0 (2020-11-16)";"doi.org/10.14281/18241.1";2018;410;"KOR";732;"ROK";410071007;20180111;201712;201801;12.45;13.08;23;1;410028;410004;8;5;2;1;1007;2390;"ko";3;1;1.0;0.8032128514056225;41453.815261044176;1;2;2;1;1;2;2;1;1;1;2;1;2;1;2;2;2;1;2;1;1;1;2;1;2;2;2;2;3;2;1;3;2;1;1;1;2;1;4;3;2;1;1;2;2;2;1;1;2;2;9;7;5;4;4;4;4;4;1;2;1;3;2;3;2;3;2;2;3;3;3;2;3;3;4;4;3;2;2;2;3;2;3;3;2;2;2;2;3;3;3;2;3;4;3;1;2;1;1;0;0;0;0;0;0;0;0;0;0;8;3;8;8;4;2;8;2;2;3;3;3;2;3;5;4;2;1;2;1;2;2;1;2;2;3;4;4;4;4;4;4;4;1;1;2;2;2;2;2;3;2;3;1;2;1;2;4;1;3;1;2;8;6;5;5;7;8;8;1;2;2;1;3;3;4;3;2;1;1;4;3;3;1;2;2;3;1;3;5;5;1;5;2;4;2;1;2;2;4;3;3;4;3;2;2;1;5;1;2;1;3;2;3;3;3;3;1;2;3;3;1;3;3;3;1;1;-2;-2;-2;1;3;2;3;3;3;3;2;2;2;2;3;2;3;2;3;5;7;4;6;4;6;8;4;4;5;6;6;6;3;2;2;2;1;3;4;1;1979;38;3;2;1;1;1;410;410;410;1;1;1;2390;6;0;6;3;-3;-3;3;2;6;3;1;-3;3;-3;3;2;1;1;3;5;2;2;20000000;410004;1;1;2;0.5675;0.415;0.3440740740740741;0.3548148148148148;0.0;0.33;0.33;0.22;0.33;1.0;0.5;0.61;1.0;1.0;1.0;1.0;0.33;0.33;0.66;0.44;1.0;0.0;1.0;0.6666666666666666;0.25;0.66;0.33;0.4133333333333334;0.2222222222222222;0.2222222222222222;0.4444444444444444;0.2962962962962963;0.0;0.0;0.0;0.0;1.0;1.0;1.0;1.0;1.0;1.0;1.0;1.0;1.0;1.0;1.0;1.0;0;0;0;0;1;6;5;5;8;4;5;7;6;8;8;8;7;6;8;5;7;1;6;2;500;8000;0;7;5;5;9;8;6;8;4;1;1;2;2;4;3;3;2;3;1;1;1;3;1;4;5;3;3;-3
"1-5-0 (2020-11-16)";"doi.org/10.14281/18241.1";2018;410;"KOR";732;"ROK";410071008;20180111;201712;201801;12.55;13.15;20;1;410045;410011;6;3;4;1;1008;2390;"ko";2;1;1.0;0.8032128514056225;41453.815261044176;1;2;2;2;2;3;1;1;2;1;2;2;1;1;2;2;2;1;2;1;2;1;2;1;1;2;2;2;2;3;2;2;2;1;1;1;4;2;4;2;3;2;2;2;3;3;1;1;2;2;7;6;7;4;4;4;4;4;1;1;1;1;2;2;2;2;2;3;2;2;3;2;1;2;2;2;2;3;2;2;2;2;2;2;2;2;2;2;2;2;2;2;2;5;3;1;2;0;1;1;0;0;0;0;0;0;1;0;0;8;5;3;3;6;1;4;2;2;2;1;2;1;0;4;4;2;2;2;2;1;2;0;1;3;2;4;4;4;4;4;4;4;2;2;2;2;2;2;2;3;3;4;1;1;1;2;1;3;2;1;2;8;7;4;3;3;9;3;2;2;2;2;4;4;7;8;3;2;2;3;1;3;1;2;1;4;1;5;5;5;4;3;1;2;2;2;2;2;5;3;4;4;2;2;2;1;1;4;4;4;5;4;1;3;2;3;1;3;3;3;1;2;3;3;1;1;410002;410002;410002;2;4;3;4;2;2;4;4;1;1;1;1;1;4;2;3;6;8;3;10;8;1;6;2;2;10;9;7;7;2;2;1;1;2;3;3;1;1968;49;4;2;1;1;1;410;410;410;1;4;1;2390;1;2;6;3;6;3;3;2;5;3;3;2;4;5;3;2;1;2;3;4;2;0;100000020;410004;2;2;2;0.5258333333333334;0.5533333333333333;0.41310185185185183;0.4103703703703704;0.0;0.33;0.33;0.22;0.66;1.0;1.0;0.8866666666666667;1.0;1.0;0.0;0.6666666666666666;0.66;0.33;0.0;0.33;1.0;0.0;1.0;0.6666666666666666;0.25;0.33;0.66;0.41333333333333333;0.3333333333333333;0.4444444444444444;0.4444444444444444;0.4074074074074074;0.33;0.0;0.165;0.165;1.0;1.0;1.0;1.0;1.0;1.0;1.0;1.0;1.0;1.0;1.0;1.0;0;0;1;0;1;7;6;6;8;7;7;3;4;3;4;4;7;7;6;6;6;3;2;3;400;26000;8700;8;3;1;8;8;8;7;6;1;4;2;3;6;2;2;2;2;2;1;3;2;2;3;7;3;2;4
"1-5-0 (2020-11-16)";"doi.org/10.14281/18241.1";2018;410;"KOR";732;"ROK";410071009;20180111;201712;201801;12.56;13.16;20;1;410011;410001;8;5;1;1;1009;2390;"ko";2;1;1.0;0.8032128514056225;41453.815261044176;2;1;2;2;1;2;1;2;2;1;1;2;1;2;1;2;2;1;2;1;1;1;2;2;2;2;1;2;1;2;1;2;2;1;1;1;2;1;2;1;2;2;1;2;2;1;1;1;1;2;7;7;8;1;2;1;2;2;1;2;1;2;1;2;1;2;1;2;1;2;1;2;1;2;1;2;1;2;1;2;1;2;1;2;1;1;2;1;2;1;1;2;1;7;2;1;2;0;0;0;0;0;0;0;0;0;0;0;0;7;8;8;7;8;1;7;3;4;4;3;4;2;3;6;2;1;1;1;0;0;1;0;0;3;2;4;4;4;3;4;4;4;2;2;2;3;3;2;2;4;4;4;1;1;1;2;3;2;3;2;4;7;8;7;7;8;7;8;2;2;2;2;2;1;7;8;3;2;1;7;7;8;7;7;8;7;8;7;2;1;2;1;1;1;1;1;1;2;1;4;4;4;3;3;5;1;5;2;5;5;5;1;3;3;2;3;3;2;3;3;3;2;3;3;1;1;410001;410001;410001;2;1;2;1;2;1;1;2;2;1;2;2;1;2;1;1;6;7;8;7;8;7;8;7;8;7;8;8;8;3;2;1;2;1;1;2;2;1958;59;5;3;1;1;1;410;410;410;1;2;1;2390;1;0;3;2;3;2;0;1;0;1;4;1;-3;5;9;-3;2;2;3;6;2;0;100000020;410004;3;2;-1;0.5266666666666667;0.44333333333333336;0.48037037037037034;0.3374074074074074;0.0;0.33;0.0;0.11;0.33;1.0;1.0;0.7766666666666667;1.0;1.0;1.0;1.0;0.33;0.33;0.0;0.22;0.0;1.0;1.0;0.6666666666666666;0.25;0.0;0.33;0.19333333333333336;0.6666666666666666;0.6666666666666666;0.1111111111111111;0.4814814814814814;0.66;0.5;0.5800000000000001;0.5800000000000001;1.0;1.0;1.0;1.0;1.0;1.0;1.0;1.0;1.0;1.0;1.0;1.0;1;1;0;1;0;8;6;7;7;7;6;7;8;8;7;8;8;7;8;8;7;-3;-3;3;200;30000;0;-3;5;1;-3;-3;-3;8;7;1;1;8;7;8;7;7;6;6;3;3;2;1;2;2;7;8;7;4
"1-5-0 (2020-11-16)";"doi.org/10.14281/18241.1";2018;410;"KOR";732;"ROK";410071010;20180111;201712;201801;13.0;13.2;20;1;410041;410007;8;5;2;1;1010;2390;"ko";1;1;1.0;0.8032128514056225;41453.815261044176;1;2;2;1;1;2;1;1;2;2;2;1;1;2;1;2;2;1;2;1;2;1;1;1;2;2;2;3;2;4;3;3;2;1;1;1;3;3;4;3;2;2;3;2;2;1;2;2;2;2;7;6;6;4;4;4;4;4;1;1;1;2;2;3;3;3;1;3;3;2;3;2;2;3;1;2;2;3;2;1;2;2;3;2;2;2;1;1;2;3;2;3;2;5;2;3;2;2;2;2;0;0;0;0;1;1;1;0;0;7;7;5;6;4;1;5;2;2;1;2;2;2;4;6;3;2;2;1;2;1;0;1;2;3;2;4;4;4;4;4;4;4;1;1;2;2;1;2;2;2;2;2;2;2;1;2;1;1;4;2;1;6;4;7;5;4;6;7;1;1;1;1;3;3;1;1;1;1;1;4;2;5;4;3;5;4;2;4;5;3;2;4;3;2;3;4;3;5;4;3;3;4;2;2;1;1;1;1;5;1;2;1;1;1;2;2;1;2;2;2;1;2;2;2;3;2;410009;410009;410009;2;3;2;3;1;1;3;4;2;1;2;1;2;4;3;3;6;3;2;8;2;2;9;3;2;8;9;7;7;2;2;1;3;2;3;3;2;1970;47;4;2;1;1;1;410;410;410;1;3;1;2390;1;1;3;2;3;2;2;1;1;1;1;1;3;3;6;2;2;1;2;4;2;2;20000000;410004;2;2;0;0.48416666666666663;0.24833333333333335;0.4321759259259259;0.44851851851851854;0.5;0.33;0.33;0.3866666666666667;0.33;0.0;0.0;0.11;1.0;1.0;1.0;1.0;0.66;0.33;0.33;0.44;1.0;0.0;1.0;0.6666666666666666;0.25;0.33;1.0;0.5266666666666667;0.3333333333333333;0.3333333333333333;0.4444444444444444;0.3703703703703703;0.33;0.0;0.165;0.165;1.0;1.0;1.0;1.0;1.0;1.0;1.0;1.0;1.0;1.0;1.0;1.0;0;0;1;1;0;7;4;6;5;4;4;3;4;6;3;4;7;5;6;8;4;1;3;3;420;45500;7000;4;5;1;6;5;6;6;4;1;1;8;6;4;4;5;8;6;2;4;1;3;1;3;5;4;6;4
"1-5-0 (2020-11-16)";"doi.org/10.14281/18241.1";2018;410;"KOR";732;"ROK";410071011;20180111;201712;201801;13.03;13.23;20;1;410042;410008;7;4;3;1;1011;2390;"ko";3;1;1.0;0.8032128514056225;41453.815261044176;1;1;2;4;2;4;1;1;2;1;2;1;2;1;2;2;2;2;2;1;2;1;2;1;2;2;1;4;3;4;4;4;5;2;5;2;2;1;5;5;5;1;5;2;1;3;3;3;2;2;3;5;6;4;4;4;4;4;1;2;2;2;2;3;4;4;3;3;3;3;3;3;3;3;3;2;2;3;3;3;2;2;2;2;2;2;3;3;3;3;3;3;3;6;3;1;2;0;0;0;0;0;0;0;0;0;0;0;0;8;6;8;6;8;2;1;2;2;2;2;2;2;3;9;3;1;1;1;1;1;1;1;1;3;2;4;4;4;4;4;4;4;1;1;2;4;4;2;2;4;4;4;2;2;1;2;1;3;4;1;3;5;8;6;4;8;9;7;1;2;1;1;3;3;6;7;2;1;2;8;2;2;3;4;3;1;4;3;5;4;2;9;1;3;3;2;3;3;9;3;2;3;4;3;5;1;5;1;3;4;5;5;3;3;3;3;3;3;3;3;3;3;3;3;1;1;-2;-2;-2;1;4;2;2;3;1;1;4;4;3;2;3;3;4;2;4;6;9;2;8;2;2;7;3;4;8;9;8;6;3;3;3;3;3;3;3;2;1968;49;4;2;1;1;1;410;410;410;1;4;1;2390;1;2;5;3;0;1;0;1;2;1;5;1;-3;4;4;-3;2;2;3;4;2;1;10100000;410004;2;2;2;0.7894444444444445;0.7488888888888889;0.4851388888888889;0.5544444444444445;1.0;0.66;0.0;0.5533333333333333;1.0;1.0;0.8333333333333334;0.9444444444444445;1.0;1.0;1.0;1.0;0.66;0.66;0.66;0.66;1.0;0.0;1.0;0.6666666666666666;1.0;0.66;1.0;0.8866666666666667;0.0;0.2222222222222222;0.4444444444444444;0.2222222222222222;0.33;0.0;0.165;0.165;1.0;1.0;1.0;1.0;1.0;1.0;1.0;1.0;1.0;1.0;1.0;1.0;0;0;1;0;1;5;5;5;5;5;5;3;4;4;4;5;6;5;5;5;5;-3;-3;3;300;20000;0;-3;3;1;-3;-3;-3;5;5;1;1;5;5;8;5;5;5;5;2;1;3;3;1;4;8;5;5;4
"1-5-0 (2020-11-16)";"doi.org/10.14281/18241.1";2018;410;"KOR";732;"ROK";410071012;20180111;201712;201801;13.08;13.57;49;1;410011;410001;8;5;1;1;1012;2390;"ko";2;1;1.0;0.8032128514056225;41453.815261044176;1;1;1;2;2;3;1;2;1;1;1;1;2;2;2;2;2;1;2;1;2;1;2;2;2;2;3;2;3;4;3;3;2;1;1;1;3;3;2;1;2;1;2;3;2;2;1;2;2;2;9;8;7;4;4;4;3;4;2;2;1;1;1;4;3;3;2;2;1;2;2;3;2;2;3;4;3;4;3;4;3;4;3;2;3;3;2;2;2;1;2;2;2;9;3;1;2;0;0;0;0;0;0;0;0;0;0;0;0;9;8;3;4;3;2;9;3;4;3;3;3;3;3;9;3;2;1;2;1;1;1;2;2;2;2;4;4;4;4;4;4;4;1;2;2;1;1;2;2;1;1;1;1;1;1;1;3;3;1;1;4;8;7;4;4;4;8;6;2;2;2;2;3;4;6;7;3;2;2;7;4;2;4;4;5;5;3;4;8;6;5;7;3;3;4;2;5;4;8;3;4;4;2;2;5;1;2;2;5;5;5;1;3;3;3;3;2;3;3;3;2;3;3;3;1;1;410002;410002;410002;2;3;2;1;2;2;3;2;2;2;1;2;3;4;2;4;6;8;5;7;8;3;8;8;3;7;9;8;9;2;1;1;1;1;3;2;1;1949;68;6;3;1;1;1;410;410;410;1;2;1;2390;1;2;3;2;2;1;-2;-2;-2;-2;4;5;-3;-5;6;-3;2;2;5;3;1;0;100000020;410004;1;1;0;0.6644444444444445;0.608888888888889;0.517962962962963;0.5775925925925927;0.5;0.0;0.66;0.3866666666666667;0.66;1.0;0.8333333333333334;0.8311111111111112;1.0;1.0;1.0;1.0;0.33;0.66;0.33;0.44;0.0;1.0;1.0;0.6666666666666666;0.25;0.66;1.0;0.6366666666666667;0.4444444444444444;0.3333333333333333;0.7777777777777778;0.5185185185185185;0.0;0.5;0.25;0.25;1.0;1.0;1.0;1.0;1.0;1.0;1.0;1.0;1.0;1.0;1.0;1.0;1;0;0;0;0;8;6;5;7;2;8;2;3;2;3;8;7;5;4;7;8;-3;-3;5;100;28800;0;-3;2;1;-3;-3;-3;9;5;1;1;5;4;9;3;5;5;3;2;1;2;2;1;2;9;3;5;4
"1-5-0 (2020-11-16)";"doi.org/10.14281/18241.1";2018;410;"KOR";732;"ROK";410071013;20180111;201712;201801;13.18;13.49;31;1;410041;410007;8;5;2;1;1013;2390;"ko";2;2;1.0;0.8032128514056225;41453.815261044176;1;1;2;2;2;3;2;1;1;1;1;2;1;2;2;2;2;1;1;1;2;1;2;1;2;2;2;1;1;2;1;2;2;1;1;1;2;1;4;1;2;2;1;2;2;2;2;2;2;2;8;8;6;4;4;4;4;4;3;2;2;2;3;3;3;3;3;3;3;2;3;3;3;2;2;3;3;2;2;3;3;2;2;2;2;2;2;1;1;2;1;1;2;6;2;3;2;0;1;0;0;0;0;0;0;0;0;0;0;8;7;9;4;7;1;10;4;3;4;3;4;4;2;9;4;2;2;2;1;1;2;1;1;3;2;4;4;4;4;4;4;4;1;1;2;1;1;2;2;2;4;4;1;2;1;1;3;1;3;1;3;7;4;6;6;2;6;6;2;2;2;2;4;3;7;8;3;2;2;7;5;2;1;4;3;2;2;2;5;5;3;3;2;3;3;3;4;3;3;2;4;4;2;2;1;1;2;1;3;1;1;2;1;1;2;2;1;1;2;2;2;2;2;2;1;1;410002;410002;410002;3;3;3;3;4;4;3;3;2;2;1;2;4;4;2;4;3;7;7;8;4;2;8;4;6;5;9;6;8;1;1;1;2;1;2;2;2;1980;37;3;2;1;1;1;410;410;410;1;3;1;2390;1;1;6;3;6;3;3;2;3;2;1;1;3;3;6;1;2;2;3;6;2;0;100000020;410004;2;1;1;0.7058333333333333;0.5816666666666667;0.4163888888888889;0.20777777777777778;0.5;0.0;0.33;0.27666666666666667;0.66;1.0;1.0;0.8866666666666667;1.0;1.0;1.0;1.0;0.66;0.66;0.66;0.66;1.0;1.0;1.0;1.0;0.25;0.0;0.33;0.19333333333333336;0.1111111111111111;0.1111111111111111;0.4444444444444444;0.22222222222222224;0.0;0.5;0.25;0.25;1.0;1.0;1.0;1.0;1.0;1.0;1.0;1.0;1.0;1.0;1.0;1.0;1;0;0;0;1;6;6;6;6;4;6;5;5;4;4;4;8;2;7;5;7;1;5;3;450;17000;4000;7;6;2;6;7;6;6;3;1;2;3;3;7;3;3;3;3;2;1;4;2;2;2;8;2;3;4
"1-5-0 (2020-11-16)";"doi.org/10.14281/18241.1";2018;410;"KOR";732;"ROK";410071014;20180111;201712;201801;13.2;13.42;22;1;410026;410002;8;5;2;1;1014;2390;"ko";2;1;1.0;0.8032128514056225;41453.815261044176;1;2;2;3;2;3;1;1;2;1;1;2;2;1;2;2;2;1;2;1;2;2;2;2;2;2;2;2;3;3;3;3;4;2;1;1;4;2;2;4;3;2;2;3;2;3;2;3;2;1;7;6;5;4;4;4;4;4;1;2;1;3;2;4;2;3;3;3;3;4;3;3;3;2;3;4;3;3;3;3;3;3;3;3;3;3;2;3;3;3;3;3;3;10;3;2;2;0;2;0;0;0;0;0;0;0;0;0;2;8;6;4;5;7;1;4;2;3;2;2;3;2;3;7;3;2;1;2;0;2;0;2;2;2;2;4;4;4;4;4;4;4;2;2;2;1;1;2;1;3;2;4;2;1;1;1;3;3;1;3;1;9;8;6;2;4;8;2;2;2;2;2;4;4;7;8;3;1;2;8;2;3;1;1;1;3;2;5;5;4;1;5;1;1;1;1;2;1;6;3;4;3;3;3;5;2;5;1;1;1;2;2;2;2;2;3;3;3;3;3;3;2;3;3;2;2;-2;-2;-2;2;3;2;3;2;2;3;3;1;2;2;4;3;4;1;4;4;8;1;10;7;1;9;4;3;10;9;6;6;2;3;2;2;2;3;3;1;1996;21;1;1;1;1;1;410;410;410;1;4;2;2390;6;0;3;2;-3;-3;5;3;5;3;6;-3;-3;-3;3;-3;2;2;3;4;2;0;100000020;410004;2;1;2;0.6358333333333334;0.7750000000000001;0.5775925925925927;0.5301851851851852;1.0;0.66;0.33;0.6633333333333334;0.66;1.0;1.0;0.8866666666666667;1.0;0.0;0.0;0.3333333333333333;0.66;0.66;0.66;0.66;1.0;1.0;1.0;1.0;0.75;0.66;0.66;0.6900000000000001;0.2222222222222222;0.4444444444444444;0.4444444444444444;0.3703703703703704;0.0;0.5;0.25;0.25;1.0;1.0;1.0;1.0;1.0;1.0;1.0;1.0;1.0;1.0;1.0;1.0;1;0;0;1;0;6;5;5;5;3;3;4;4;3;3;4;6;5;4;7;7;-3;-3;3;400;21000;4000;-3;4;1;-3;-3;-3;7;1;1;1;4;4;5;2;2;3;3;1;5;3;1;3;2;6;1;2;-3
"1-5-0 (2020-11-16)";"doi.org/10.14281/18241.1";2018;410;"KOR";732;"ROK";410071015;20180111;201712;201801;13.32;13.52;20;1;410042;410008;7;4;3;1;1015;2390;"ko";3;2;1.0;0.8032128514056225;41453.815261044176;1;1;1;2;3;2;1;2;1;1;2;2;1;1;2;2;2;1;2;1;2;1;2;1;2;2;1;2;1;2;2;3;2;1;2;1;1;1;2;2;1;1;2;2;2;3;3;1;2;3;6;6;7;4;4;4;4;4;1;1;2;2;3;3;2;3;2;2;2;2;3;3;2;2;3;3;1;3;2;2;2;4;4;4;2;2;2;2;3;2;3;2;2;9;2;1;2;1;0;0;0;0;0;0;0;0;0;0;0;7;6;3;8;8;2;7;2;2;2;3;2;2;3;7;4;2;0;2;2;0;0;0;0;3;2;4;3;3;3;4;4;4;1;1;2;4;4;2;2;2;1;1;1;2;1;2;1;2;1;1;3;5;5;8;5;7;7;6;2;2;2;2;3;3;2;4;2;1;2;6;2;1;1;2;2;1;1;1;5;5;2;7;2;2;2;2;2;2;1;2;4;4;1;2;2;1;4;1;1;1;5;2;2;2;1;3;3;3;3;1;1;3;3;3;1;1;-2;-2;-2;1;3;4;4;3;1;2;3;3;2;1;2;3;4;4;4;9;7;6;7;3;1;4;5;5;5;5;6;5;2;2;2;3;4;4;4;1;1955;62;5;3;1;1;1;410;410;410;1;2;1;2390;1;1;5;3;2;1;0;1;0;1;4;5;-3;-5;9;-3;1;1;3;7;2;1;10100000;410004;2;2;1;0.4288888888888889;0.30444444444444446;0.2512037037037037;0.17074074074074075;0.0;0.33;0.0;0.11;0.33;1.0;0.16666666666666666;0.49888888888888894;0.0;1.0;1.0;0.6666666666666666;0.33;0.66;0.33;0.44;0.0;0.0;1.0;0.3333333333333333;0.25;0.0;0.33;0.19333333333333336;0.0;0.0;0.4444444444444444;0.14814814814814814;0.66;0.0;0.33;0.33;1.0;1.0;1.0;1.0;1.0;1.0;1.0;1.0;1.0;1.0;1.0;1.0;0;1;0;0;1;8;8;6;7;6;6;5;6;5;4;4;8;5;5;6;6;-3;-3;3;300;50000;0;-3;7;1;-3;-3;-3;7;9;2;1;5;5;5;5;5;5;5;2;3;1;3;1;4;5;5;5;4
"1-5-0 (2020-11-16)";"doi.org/10.14281/18241.1";2018;410;"KOR";732;"ROK";410071016;20180111;201712;201801;13.36;13.59;23;1;410028;410004;8;5;2;1;1016;2390;"ko";2;1;1.0;0.8032128514056225;41453.815261044176;1;2;2;2;1;4;1;2;1;1;2;1;2;1;2;2;2;1;2;1;2;1;2;1;2;2;2;3;3;4;4;3;3;3;2;1;4;2;2;1;1;1;1;3;2;3;1;1;3;2;7;5;4;4;4;4;4;4;1;2;1;3;2;4;4;4;3;2;4;3;3;3;3;4;4;4;3;2;2;3;2;2;2;2;3;3;3;2;3;3;2;1;1;6;3;1;2;0;0;0;0;0;0;0;0;0;0;0;0;5;5;3;2;3;2;7;2;3;3;3;2;2;3;8;2;2;2;2;2;2;2;2;2;3;3;3;3;4;4;4;3;2;1;2;2;2;2;2;2;3;4;4;2;2;1;1;2;3;1;2;1;8;8;4;3;3;9;2;2;2;2;2;3;3;7;8;3;2;2;2;1;1;1;1;1;1;1;1;5;5;1;1;1;1;1;1;1;1;1;3;3;3;2;2;1;1;2;1;1;1;5;1;3;3;3;3;2;1;2;3;3;3;3;3;1;1;410002;410002;410002;2;3;3;3;2;3;3;4;3;2;2;2;2;4;2;4;7;8;3;9;10;2;9;9;3;10;9;8;7;2;2;2;2;2;3;4;1;1964;53;4;3;1;1;1;410;410;410;1;4;1;2390;1;2;6;3;6;3;2;1;3;2;1;5;3;-5;6;2;1;2;3;5;2;0;100000020;410004;1;1;1;0.4425;0.61;0.3003703703703704;0.4340740740740741;0.0;0.33;0.33;0.22;1.0;1.0;1.0;1.0;0.0;0.0;0.0;0.0;0.33;0.66;0.66;0.55;0.0;0.0;1.0;0.3333333333333333;0.5;0.66;1.0;0.7200000000000001;0.0;0.0;0.4444444444444444;0.14814814814814814;0.0;0.0;0.0;0.0;1.0;1.0;1.0;1.0;1.0;1.0;1.0;1.0;1.0;1.0;1.0;1.0;0;0;0;1;0;5;4;4;5;3;6;4;2;4;6;4;6;2;6;4;3;1;4;3;380;45000;4000;5;4;1;5;6;6;8;3;1;1;3;3;7;2;3;3;3;2;1;2;3;2;2;7;2;3;4
"1-5-0 (2020-11-16)";"doi.org/10.14281/18241.1";2018;410;"KOR";732;"ROK";410071017;20180111;201712;201801;13.51;14.11;20;1;410026;410002;8;5;2;1;1017;2390;"ko";2;1;1.0;0.8032128514056225;41453.815261044176;1;2;1;3;1;3;1;2;2;1;1;1;2;1;2;2;2;1;2;1;2;1;2;1;2;2;2;2;3;3;3;3;4;2;1;1;4;2;2;4;2;2;2;3;2;1;1;3;2;2;7;5;5;4;4;4;4;4;1;2;1;2;2;4;3;3;3;3;3;3;3;2;2;3;4;4;3;3;3;4;2;2;3;3;3;3;2;3;3;3;3;3;3;10;3;1;2;0;0;0;0;0;0;0;0;0;0;0;1;8;6;3;4;8;2;4;2;2;2;2;2;2;0;8;3;2;0;2;0;2;0;2;2;2;2;4;3;4;4;4;4;4;2;2;2;2;1;2;2;4;2;4;2;1;1;1;2;3;2;1;2;8;9;4;7;6;8;3;2;2;2;2;4;4;7;8;3;2;2;8;2;3;1;1;1;2;1;5;6;6;1;6;1;1;1;1;1;1;6;3;4;3;2;2;2;1;3;1;1;1;2;2;2;2;2;3;3;3;3;1;3;2;3;3;1;1;-2;-2;-2;2;3;2;3;2;2;3;4;2;2;2;4;3;4;1;4;6;8;1;10;7;1;9;3;2;10;8;6;6;3;3;2;2;2;4;4;1;1974;43;3;2;1;1;1;410;410;410;1;4;1;2390;1;2;6;3;6;3;3;2;3;2;1;2;3;8;7;2;1;1;3;4;2;0;100000020;410004;2;2;1;0.5808333333333334;0.7750000000000001;0.4730092592592593;0.5301851851851852;1.0;0.66;0.33;0.6633333333333334;0.66;1.0;1.0;0.8866666666666667;1.0;0.0;0.0;0.3333333333333333;0.66;0.33;0.33;0.44;0.0;1.0;1.0;0.6666666666666666;0.75;0.66;0.66;0.6900000000000001;0.1111111111111111;0.4444444444444444;0.5555555555555556;0.3703703703703704;0.33;0.0;0.165;0.165;1.0;1.0;1.0;1.0;1.0;1.0;1.0;1.0;1.0;1.0;1.0;1.0;0;0;1;0;1;6;5;4;6;3;3;4;4;5;3;4;6;5;7;4;7;1;4;3;400;25000;4000;7;4;1;7;6;7;8;3;1;1;4;3;5;3;3;4;3;2;1;3;1;2;2;5;1;2;4
"1-5-0 (2020-11-16)";"doi.org/10.14281/18241.1";2018;410;"KOR";732;"ROK";410071018;20180111;201712;201801;13.55;14.16;21;1;410042;410008;7;4;3;1;1018;2390;"ko";2;1;1.0;0.8032128514056225;41453.815261044176;1;1;1;4;2;4;1;1;2;1;1;2;1;2;2;2;2;1;2;1;2;2;2;1;2;2;2;2;1;1;1;3;1;1;1;1;1;1;4;4;1;1;1;1;2;3;1;2;2;2;9;7;6;4;4;4;4;4;1;2;2;2;3;3;3;3;3;2;3;3;3;3;3;3;4;4;4;2;3;3;3;3;3;3;3;3;3;3;3;4;4;4;4;6;3;3;2;0;0;0;0;0;0;0;0;0;0;0;0;6;6;6;6;5;2;5;3;3;3;3;3;2;3;5;3;0;1;2;1;1;1;2;2;3;3;3;3;3;3;3;3;3;1;1;2;2;2;2;2;3;3;3;1;1;1;2;1;3;1;1;3;6;6;6;6;6;6;2;2;2;2;2;3;3;7;8;3;2;2;3;2;2;1;1;1;2;2;5;5;4;2;2;2;1;1;1;2;2;7;2;2;2;2;3;5;1;5;5;5;5;5;5;3;3;3;3;3;3;3;3;3;3;3;3;1;1;-2;-2;-2;1;3;3;3;3;3;2;3;2;2;2;2;2;3;2;3;5;5;2;9;5;2;5;5;5;5;10;8;8;2;2;2;2;2;2;2;2;1956;61;5;3;1;1;1;410;410;410;1;6;1;2390;1;2;2;1;2;1;1;1;1;1;5;3;-3;4;9;-3;2;2;2;5;2;0;100000020;410004;1;1;1;0.5675;0.6933333333333334;0.3333333333333333;0.16666666666666666;0.5;0.33;0.33;0.3866666666666667;1.0;1.0;1.0;1.0;1.0;0.0;0.0;0.3333333333333333;0.33;0.66;0.66;0.55;1.0;1.0;1.0;1.0;0.0;0.0;0.0;0.0;0.1111111111111111;0.4444444444444444;0.4444444444444444;0.3333333333333333;0.0;0.0;0.0;0.0;1.0;1.0;1.0;1.0;1.0;1.0;1.0;1.0;1.0;1.0;1.0;1.0;0;0;0;0;1;5;6;6;6;6;6;6;6;6;5;3;5;5;5;5;6;-3;-3;2;400;30000;0;-3;6;1;-3;-3;-3;7;6;1;1;6;6;8;7;6;6;6;3;1;2;3;3;3;8;7;6;4
"1-5-0 (2020-11-16)";"doi.org/10.14281/18241.1";2018;410;"KOR";732;"ROK";410071019;20180111;201712;201801;13.56;14.17;21;1;410028;410004;8;5;2;1;1019;2390;"ko";3;1;1.0;0.8032128514056225;41453.815261044176;1;2;1;2;1;2;2;2;1;1;2;2;1;1;1;2;2;2;2;1;1;1;2;2;2;2;1;2;1;1;2;1;2;1;1;1;2;1;2;1;1;2;1;1;3;2;1;2;2;1;8;9;8;4;4;4;4;4;1;2;1;2;2;3;3;3;1;2;1;2;1;2;1;2;1;1;2;1;2;1;2;1;2;1;1;1;2;1;2;1;2;2;1;7;3;1;2;0;0;0;0;0;0;0;0;0;0;0;0;8;7;8;7;8;2;4;2;2;1;2;1;2;2;8;4;0;1;0;1;0;0;0;0;3;2;4;4;4;4;4;4;4;2;2;2;4;4;2;2;3;4;3;2;1;1;3;4;2;3;2;4;7;8;7;7;8;7;8;2;2;2;2;3;3;7;8;3;1;1;7;7;8;7;7;8;7;8;7;1;1;1;1;1;1;1;1;1;1;1;4;4;4;3;2;5;1;5;2;2;3;2;2;3;3;3;3;2;3;2;3;2;1;2;1;3;2;410008;410008;410008;1;1;2;2;1;1;2;1;2;1;2;1;2;1;1;2;4;7;6;7;6;7;6;6;7;6;7;7;6;2;2;2;1;2;1;1;1;1996;21;1;1;1;1;1;410;410;410;1;4;2;2390;6;0;3;2;-3;-3;3;2;3;2;6;-3;-3;-3;3;-3;2;3;3;7;2;0;100000020;410004;3;2;0;0.5683333333333335;0.5266666666666667;0.42277777777777775;0.2638888888888889;0.5;0.33;0.0;0.27666666666666667;0.33;1.0;1.0;0.7766666666666667;1.0;1.0;1.0;1.0;0.33;0.33;0.0;0.22;0.0;0.0;1.0;0.3333333333333333;0.25;0.0;0.0;0.08333333333333333;0.6666666666666666;0.6666666666666666;0.0;0.4444444444444444;0.66;1.0;0.8300000000000001;0.8300000000000001;1.0;1.0;1.0;1.0;1.0;1.0;1.0;1.0;1.0;1.0;1.0;1.0;1;1;0;1;0;8;7;8;7;8;7;8;7;8;8;8;8;8;7;8;7;-3;-3;3;550;30000;0;8;6;1;9;8;8;7;8;1;1;5;6;7;6;5;6;6;1;2;1;2;1;2;6;7;7;-3
"1-5-0 (2020-11-16)";"doi.org/10.14281/18241.1";2018;410;"KOR";732;"ROK";410071020;20180111;201712;201801;14.18;14.58;40;1;410041;410007;8;5;2;1;1020;2390;"ko";2;1;1.0;0.8032128514056225;41453.815261044176;2;2;2;2;1;3;1;1;1;2;2;2;1;1;2;2;2;1;2;1;2;1;2;2;2;2;1;2;1;1;1;2;2;1;3;3;2;1;5;2;2;1;2;2;2;2;2;2;2;2;8;6;5;4;4;4;4;4;1;2;1;2;2;3;3;3;3;4;3;3;2;3;3;3;3;4;3;3;2;3;3;2;2;2;2;2;2;1;1;1;1;2;2;5;2;3;2;1;2;0;0;0;0;0;1;0;0;0;0;7;3;6;4;7;1;8;3;3;2;3;3;4;1;8;4;2;1;2;2;1;1;1;1;3;1;4;4;4;4;4;4;4;2;2;2;1;4;2;2;3;4;4;1;2;1;4;1;1;3;3;1;9;8;2;9;3;9;5;1;2;2;2;4;4;5;5;2;1;2;3;5;3;1;1;1;1;1;3;5;4;1;1;1;2;1;1;1;2;1;1;3;3;2;2;2;1;2;1;3;2;2;2;1;2;2;1;2;2;3;3;2;2;2;2;1;1;410001;410001;410001;2;3;2;4;3;2;3;3;2;2;2;2;3;4;2;4;5;7;4;3;3;2;7;4;4;8;9;7;7;2;2;2;2;1;2;2;1;1961;56;5;3;1;1;1;410;410;410;1;1;1;2390;3;1;5;3;-3;-3;1;1;2;1;1;-3;6;-5;9;2;1;1;5;3;1;0;100000020;410004;1;1;2;0.5397222222222222;0.5261111111111111;0.24305555555555552;0.15277777777777776;0.5;0.33;0.0;0.27666666666666667;0.66;1.0;0.6666666666666666;0.7755555555555556;1.0;0.0;0.0;0.3333333333333333;1.0;0.66;0.66;0.7733333333333334;1.0;0.0;1.0;0.6666666666666666;0.25;0.0;0.0;0.08333333333333333;0.0;0.2222222222222222;0.4444444444444444;0.2222222222222222;0.0;0.0;0.0;0.0;1.0;1.0;1.0;1.0;1.0;1.0;1.0;1.0;1.0;1.0;1.0;1.0;0;0;0;1;0;6;6;5;5;3;6;5;4;4;5;5;6;3;8;3;6;1;5;5;250;10000;3000;6;4;2;5;6;5;5;6;1;1;4;4;6;2;4;4;4;3;1;3;2;3;2;7;4;2;-5
"1-5-0 (2020-11-16)";"doi.org/10.14281/18241.1";2018;410;"KOR";732;"ROK";410071021;20180111;201712;201801;14.26;14.46;20;1;410028;410004;8;5;2;1;1021;2390;"ko";3;1;1.0;0.8032128514056225;41453.815261044176;1;2;1;1;2;1;2;1;1;2;1;1;1;2;2;2;2;1;2;1;2;1;1;2;2;2;1;2;1;1;2;1;2;1;1;1;2;1;1;2;1;1;2;1;1;3;1;1;1;1;8;9;8;4;4;4;4;4;1;2;1;3;1;3;2;3;1;2;1;2;1;1;1;2;1;2;1;1;2;1;2;1;1;2;1;1;1;2;1;2;1;2;1;7;2;2;2;0;0;0;0;0;0;0;0;0;0;0;0;7;4;3;3;4;2;6;2;1;2;1;2;1;4;6;2;0;1;0;0;1;0;0;0;1;2;4;3;4;3;4;4;4;1;2;2;2;2;2;2;4;3;4;2;1;1;3;2;2;3;2;1;7;8;8;8;9;8;8;2;2;2;2;3;2;7;8;3;1;1;5;1;2;1;1;1;1;1;1;1;1;1;1;1;2;1;1;2;1;1;4;3;3;2;2;5;2;5;2;1;2;1;2;3;2;3;2;3;2;3;3;3;2;3;2;2;1;410001;410001;410001;2;1;2;1;2;1;2;1;2;1;2;2;1;2;1;2;5;7;5;6;7;8;7;6;7;6;7;7;7;2;2;1;2;1;2;1;2;1965;52;4;3;1;1;1;410;410;410;1;4;1;2390;1;2;3;2;5;3;0;1;0;1;5;1;-3;3;6;-3;2;3;3;7;2;0;100000020;410004;3;2;1;0.305;0.3883333333333333;0.4783333333333334;0.041666666666666664;0.0;0.33;0.0;0.11;0.0;1.0;1.0;0.6666666666666666;1.0;0.0;0.0;0.3333333333333333;0.33;0.0;0.0;0.11;1.0;1.0;1.0;1.0;0.25;0.0;0.0;0.08333333333333333;0.0;0.0;0.0;0.0;0.66;1.0;0.8300000000000001;0.8300000000000001;1.0;1.0;1.0;1.0;1.0;1.0;1.0;1.0;1.0;1.0;1.0;1.0;1;1;0;1;0;8;7;8;8;8;7;8;8;7;7;8;9;7;7;8;7;-3;-3;3;400;50000;10000;-3;7;1;-3;-3;-3;8;9;1;1;7;7;8;7;8;7;7;2;2;2;1;1;2;8;8;8;4
"1-5-0 (2020-11-16)";"doi.org/10.14281/18241.1";2018;410;"KOR";732;"ROK";410071022;20180111;201712;201801;14.27;14.48;21;1;410026;410002;8;5;2;1;1022;2390;"ko";3;1;1.0;0.8032128514056225;41453.815261044176;2;2;2;3;3;3;2;1;1;1;2;1;1;2;2;2;2;1;2;1;2;1;2;1;2;2;3;2;3;3;3;3;4;2;2;1;2;1;4;2;2;2;2;2;2;2;2;2;2;4;8;5;4;4;4;4;4;4;1;2;1;3;2;4;3;3;3;2;2;2;3;2;2;3;3;4;2;3;3;3;2;3;3;3;3;3;3;3;3;3;3;3;3;10;3;1;2;0;0;0;0;0;0;0;0;0;0;0;1;8;7;3;4;7;2;7;2;2;2;2;2;2;4;6;3;2;2;2;0;2;1;2;2;2;3;4;3;4;4;4;4;4;2;2;2;3;4;1;2;3;2;4;2;2;2;1;2;3;1;1;4;7;8;5;2;8;8;6;1;2;2;2;4;4;4;5;2;2;2;4;2;2;1;1;1;2;2;3;6;4;1;5;1;1;1;1;1;1;6;3;4;3;3;2;5;1;5;5;5;5;5;2;3;3;3;3;3;3;3;3;3;3;3;3;1;1;-2;-2;-2;2;4;2;3;2;2;4;4;2;2;2;4;2;4;1;4;8;8;1;10;8;1;10;5;3;10;8;7;7;2;2;2;2;2;4;4;2;1952;65;6;3;1;1;1;410;410;410;1;2;1;2390;1;4;2;1;3;2;1;1;1;1;5;1;-3;4;9;-3;2;1;5;3;1;7;70000000;410004;0;1;1;0.47000000000000003;0.6083333333333334;0.41324074074074074;0.49314814814814817;0.5;0.33;0.66;0.49666666666666676;0.66;1.0;0.5;0.7200000000000001;1.0;0.0;0.0;0.3333333333333333;0.33;0.33;0.33;0.33;1.0;0.0;1.0;0.6666666666666666;0.75;0.66;0.66;0.6900000000000001;0.1111111111111111;0.2222222222222222;0.5555555555555556;0.2962962962962963;0.0;0.0;0.0;0.0;1.0;1.0;1.0;1.0;1.0;1.0;1.0;1.0;1.0;1.0;1.0;1.0;0;0;0;0;0;7;5;4;5;3;2;3;3;4;4;5;7;5;4;7;7;-3;-3;5;200;20000;0;-3;3;1;-3;-3;-3;7;4;1;1;3;3;6;2;3;4;3;3;7;2;2;2;3;6;3;2;4
"1-5-0 (2020-11-16)";"doi.org/10.14281/18241.1";2018;410;"KOR";732;"ROK";410071023;20180111;201712;201801;14.28;15.14;46;1;410011;410001;8;5;1;1;1023;2390;"ko";2;1;1.0;0.8032128514056225;41453.815261044176;1;1;1;2;2;2;1;1;2;1;1;2;2;1;2;2;2;1;2;1;2;1;2;2;1;2;3;3;2;4;3;2;2;1;1;1;2;1;3;2;1;2;1;2;2;2;1;2;2;2;8;7;9;4;4;4;4;4;2;2;1;1;1;4;2;3;2;2;2;2;3;3;2;2;4;3;4;2;2;2;2;3;3;2;3;3;2;3;2;2;2;2;2;9;3;2;2;1;0;0;0;0;0;0;0;0;0;0;0;9;3;2;3;8;2;9;3;4;3;4;3;2;0;8;3;2;1;2;1;1;1;2;2;3;2;4;4;4;4;4;4;4;1;1;2;1;1;2;2;1;1;1;1;1;2;1;4;3;2;1;4;6;7;3;8;3;8;8;1;1;1;1;3;4;3;2;1;1;1;8;2;1;2;2;1;5;4;3;8;5;5;7;4;3;4;4;4;3;7;3;4;4;2;2;5;1;2;1;2;1;3;1;2;3;3;2;2;3;3;3;2;3;3;3;1;1;410002;410002;410002;2;2;3;2;3;2;3;2;2;3;1;3;2;3;1;4;6;9;7;9;8;3;8;9;4;9;9;9;8;2;1;1;1;1;3;2;2;1970;47;4;2;1;1;1;410;410;410;1;4;1;2390;1;2;5;3;6;3;-2;-2;-2;-2;5;1;-3;3;9;-3;2;1;3;5;2;7;70000000;410004;1;2;2;0.3452777777777778;0.30388888888888893;0.5432870370370371;0.5040740740740741;0.5;0.0;0.66;0.3866666666666667;0.33;0.0;0.3333333333333333;0.22111111111111112;0.0;1.0;0.0;0.3333333333333333;0.33;0.66;0.33;0.44;1.0;1.0;1.0;1.0;0.25;0.33;1.0;0.5266666666666667;0.4444444444444444;0.2222222222222222;0.7777777777777778;0.48148148148148145;0.33;0.0;0.165;0.165;1.0;1.0;1.0;1.0;1.0;1.0;1.0;1.0;1.0;1.0;1.0;1.0;0;0;1;0;0;8;7;8;6;2;8;2;2;2;4;6;9;4;4;7;8;-3;-3;3;390;39500;7000;-3;5;1;-3;-3;-3;8;5;2;2;5;4;8;3;6;5;4;1;1;3;3;2;1;8;3;6;4
"1-5-0 (2020-11-16)";"doi.org/10.14281/18241.1";2018;410;"KOR";732;"ROK";410071024;20180111;201712;201801;14.43;15.16;33;1;410041;410007;8;5;2;1;1024;2390;"ko";1;1;1.0;0.8032128514056225;41453.815261044176;2;2;3;2;1;4;2;1;2;1;1;1;2;1;2;2;2;1;2;1;2;2;2;2;2;2;3;4;4;4;3;3;3;3;1;1;4;2;4;4;4;4;4;4;2;1;2;2;3;2;7;4;5;4;4;4;4;4;3;2;3;4;2;4;3;4;4;4;4;3;3;3;3;3;3;3;3;3;3;3;3;3;3;1;1;1;1;1;1;1;1;1;1;5;3;1;2;0;0;0;0;0;0;0;0;0;0;0;0;7;3;5;6;6;1;7;2;3;3;3;3;2;4;4;2;0;0;2;0;2;0;2;2;3;3;4;3;4;4;4;3;4;2;2;2;2;1;2;2;3;3;2;1;1;1;3;2;1;3;1;3;4;5;5;5;3;10;1;2;2;1;2;4;4;7;8;3;2;2;5;5;5;2;1;1;7;6;1;5;7;10;10;1;1;1;1;1;1;10;4;4;4;3;2;2;1;5;1;2;1;1;1;2;3;2;3;2;2;3;3;3;2;3;3;1;1;-2;-2;-2;1;4;3;4;2;2;4;4;1;2;1;2;3;4;2;4;5;7;1;10;8;1;8;5;3;8;10;7;7;4;4;2;2;2;3;3;1;1994;23;1;1;1;1;1;410;410;410;1;4;2;2390;6;0;3;2;-3;-3;6;3;6;3;6;-3;-3;-3;3;-3;2;2;2;6;2;0;100000020;410004;2;1;2;0.7066666666666668;0.8600000000000001;0.6759259259259259;0.6018518518518519;0.5;1.0;0.66;0.7200000000000001;1.0;1.0;1.0;1.0;1.0;0.0;0.0;0.3333333333333333;1.0;0.66;0.66;0.7733333333333334;1.0;1.0;1.0;1.0;0.5;1.0;1.0;0.8333333333333334;0.6666666666666666;0.0;0.4444444444444444;0.3703703703703704;0.0;1.0;0.5;0.5;1.0;1.0;1.0;1.0;1.0;1.0;1.0;1.0;1.0;1.0;1.0;1.0;1;0;0;0;1;3;5;5;5;3;4;2;2;3;3;2;4;3;5;5;1;-3;-3;2;500;35000;0;-3;6;1;-3;-3;-3;5;1;2;3;5;5;4;1;5;2;1;4;3;2;3;1;3;6;1;7;-3
"1-5-0 (2020-11-16)";"doi.org/10.14281/18241.1";2018;410;"KOR";732;"ROK";410071025;20180111;201712;201801;15.0;15.2;20;1;410042;410008;7;4;3;1;1025;2390;"ko";2;2;1.0;0.8032128514056225;41453.815261044176;1;1;2;2;1;3;2;2;1;1;1;1;1;2;2;2;2;1;2;2;2;1;2;2;2;2;1;3;3;3;3;3;4;2;1;1;4;2;3;3;4;4;4;4;2;2;1;3;2;2;9;8;6;4;4;4;4;4;1;1;1;2;2;3;3;3;3;2;2;2;2;1;2;1;2;3;3;2;2;3;2;2;2;2;2;2;2;2;2;2;2;2;2;6;3;1;2;1;0;0;0;0;0;0;0;0;0;0;0;3;4;3;2;2;2;9;3;3;3;3;3;2;3;8;3;1;1;1;1;0;2;0;0;2;2;4;4;4;4;4;4;4;2;2;2;1;1;2;2;1;1;1;1;1;1;1;4;2;4;1;3;9;9;2;3;6;9;5;1;1;1;1;4;4;7;8;2;2;2;5;6;5;1;1;1;6;2;5;5;6;2;1;1;1;1;1;2;1;8;2;3;4;2;2;1;1;5;1;1;1;1;2;2;2;2;2;2;3;3;3;3;3;3;3;1;1;410002;410002;410002;2;3;3;3;3;3;3;3;2;2;1;4;3;4;4;4;5;5;1;10;10;1;10;10;1;10;10;9;8;2;2;2;2;2;2;2;2;1974;43;3;2;1;1;1;410;410;410;1;4;3;2390;1;2;3;2;3;2;1;1;1;1;1;1;3;4;9;1;2;4;3;5;2;7;70000000;410004;3;3;0;0.4708333333333333;0.665;0.584537037037037;0.5857407407407408;1.0;0.33;0.0;0.44333333333333336;0.66;1.0;1.0;0.8866666666666667;1.0;0.0;0.0;0.3333333333333333;0.33;0.0;0.33;0.22;0.0;1.0;1.0;0.6666666666666666;0.75;0.66;0.66;0.6900000000000001;0.5555555555555556;0.4444444444444444;0.4444444444444444;0.48148148148148145;1.0;0.0;0.5;0.5;1.0;1.0;1.0;1.0;1.0;1.0;1.0;1.0;1.0;1.0;1.0;1.0;0;1;1;0;1;9;8;6;8;6;5;4;4;3;3;5;10;5;5;4;5;1;6;2;300;20000;3000;9;1;1;9;10;4;9;6;1;3;8;8;10;1;5;5;5;1;1;3;3;2;2;10;1;5;4
"1-5-0 (2020-11-16)";"doi.org/10.14281/18241.1";2018;410;"KOR";732;"ROK";410071026;20180111;201712;201801;15.04;15.25;21;1;410028;410004;8;5;2;1;1026;2390;"ko";3;1;1.0;0.8032128514056225;41453.815261044176;1;2;1;2;1;1;1;2;2;2;1;1;2;1;1;2;2;1;2;1;1;1;2;2;2;2;1;2;1;1;2;1;2;1;1;1;1;1;2;1;2;1;2;1;3;3;1;1;2;2;8;7;8;2;1;1;2;1;1;2;1;2;2;3;2;3;2;1;2;1;2;1;2;1;2;1;2;1;2;1;2;1;2;1;1;1;2;1;1;2;1;1;2;7;2;2;2;0;0;0;0;0;0;0;0;0;0;0;0;7;7;8;7;8;2;3;1;2;1;2;2;1;4;8;4;2;1;0;1;1;0;1;0;2;2;4;3;4;4;3;4;4;2;1;1;3;3;2;2;4;3;4;1;1;1;3;4;2;3;2;3;7;8;7;7;8;7;8;2;2;2;2;3;2;7;8;3;1;1;5;1;2;1;1;2;1;1;2;1;2;1;1;1;1;1;1;1;1;1;4;3;4;3;3;5;1;5;2;1;2;1;1;2;3;2;3;3;2;3;2;3;2;3;3;2;2;410001;410001;410001;2;1;1;2;1;2;1;2;1;2;2;2;1;2;3;2;7;7;8;8;8;3;7;7;8;7;8;8;7;2;2;1;2;1;2;1;1;1980;37;3;2;1;1;1;410;410;410;1;4;2;2390;1;1;6;3;6;3;3;2;3;2;1;1;3;3;3;1;2;3;3;7;2;0;100000020;410004;4;2;0;0.38833333333333336;0.3883333333333333;0.40425925925925926;0.06018518518518518;0.0;0.33;0.0;0.11;0.0;1.0;1.0;0.6666666666666666;1.0;0.0;1.0;0.6666666666666666;0.0;0.0;0.33;0.11;0.0;1.0;1.0;0.6666666666666666;0.25;0.0;0.0;0.08333333333333333;0.0;0.1111111111111111;0.0;0.037037037037037035;0.66;1.0;0.8300000000000001;0.8300000000000001;1.0;1.0;1.0;1.0;1.0;1.0;1.0;1.0;1.0;1.0;1.0;1.0;1;1;0;1;1;8;7;8;7;8;7;8;7;8;7;8;9;7;8;7;8;1;5;3;600;30000;5000;7;7;1;8;8;8;7;8;1;1;6;5;7;6;6;5;5;2;2;2;1;2;1;6;7;6;4
"1-5-0 (2020-11-16)";"doi.org/10.14281/18241.1";2018;410;"KOR";732;"ROK";410071027;20180111;201712;201801;15.27;15.58;31;1;410041;410007;8;5;2;1;1027;2390;"ko";3;1;1.0;0.8032128514056225;41453.815261044176;1;2;3;3;2;4;2;2;2;1;1;1;1;1;2;2;2;1;2;1;1;1;2;1;2;1;2;1;3;3;3;2;2;1;1;1;3;3;4;2;2;2;2;2;2;2;2;2;2;2;7;7;7;4;4;4;4;4;1;2;1;2;2;4;3;4;2;2;2;2;2;2;2;2;3;4;2;2;2;2;2;2;2;2;2;2;2;2;2;2;2;2;2;6;3;1;2;0;0;0;0;0;0;0;0;0;0;0;0;8;7;6;6;6;1;7;2;2;2;3;2;2;3;7;3;2;0;2;1;0;2;2;2;2;2;3;2;2;4;4;3;3;1;2;2;2;3;2;2;2;3;4;2;2;1;3;1;3;2;1;3;7;6;6;6;7;7;4;2;2;2;2;4;4;7;8;3;2;2;6;3;2;1;1;1;2;1;1;5;5;2;5;1;1;1;2;1;2;3;4;4;4;2;1;1;1;5;1;5;1;5;5;3;3;2;3;2;2;3;3;2;2;3;3;1;1;-2;-2;-2;2;3;2;3;2;2;3;3;2;2;2;1;2;4;2;4;5;6;4;7;5;3;5;5;3;7;7;6;6;2;2;2;2;2;3;3;1;1959;58;5;3;1;1;1;410;410;410;1;3;1;2390;1;2;3;2;3;2;1;1;1;1;1;5;4;-5;9;2;1;1;3;5;2;0;100000020;410004;3;2;1;0.5125;0.6933333333333334;0.5100462962962963;0.3542592592592593;0.5;0.33;0.33;0.3866666666666667;1.0;1.0;1.0;1.0;1.0;0.0;0.0;0.3333333333333333;0.33;0.33;0.33;0.33;0.0;1.0;1.0;0.6666666666666666;0.25;0.66;0.66;0.5233333333333333;0.1111111111111111;0.0;0.4444444444444444;0.1851851851851852;0.33;1.0;0.665;0.665;1.0;1.0;1.0;1.0;1.0;1.0;1.0;1.0;1.0;1.0;1.0;1.0;1;0;1;0;1;6;4;6;6;4;4;3;5;6;5;6;6;5;7;7;6;4;1;3;300;55000;0;8;5;1;7;7;7;7;6;1;1;3;6;5;1;2;2;6;2;1;2;3;1;2;7;1;3;4
"1-5-0 (2020-11-16)";"doi.org/10.14281/18241.1";2018;410;"KOR";732;"ROK";410071028;20180111;201712;201801;15.46;16.3;44;1;410011;410001;8;5;1;1;1028;2390;"ko";2;1;1.0;0.8032128514056225;41453.815261044176;1;1;1;1;1;2;1;1;2;1;1;2;2;1;2;2;2;1;2;1;2;1;2;2;2;2;2;4;2;1;2;2;2;1;1;1;3;3;3;2;1;2;1;2;2;2;1;2;2;2;4;6;7;4;4;4;4;4;2;2;1;1;1;4;3;3;2;2;3;2;3;2;3;3;4;3;4;3;4;4;3;4;3;2;2;2;1;2;2;2;2;2;2;9;2;1;2;0;0;0;0;0;0;0;0;0;0;0;0;9;4;4;3;5;2;9;3;4;4;3;4;3;3;8;3;2;1;1;1;1;2;2;2;2;3;4;4;4;4;4;4;4;1;1;2;1;1;2;2;1;1;1;1;1;2;1;2;3;4;1;4;8;6;7;7;6;8;8;1;1;1;1;3;3;3;2;1;1;1;8;3;2;3;4;3;6;4;3;8;5;3;7;5;3;2;3;2;6;8;3;4;4;3;3;5;1;2;3;5;2;5;1;2;3;3;3;2;3;3;3;2;3;3;3;1;1;-2;-2;-2;2;1;2;3;2;2;1;2;2;2;1;3;3;4;2;4;5;9;8;7;9;4;8;9;5;8;9;7;8;2;2;1;1;1;3;2;2;1957;60;5;3;1;1;1;410;410;410;1;3;1;2390;1;2;3;2;3;2;-2;-2;-2;-2;3;3;5;5;9;2;2;2;3;4;2;7;70000000;410004;1;2;2;0.5119444444444444;0.30388888888888893;0.469212962962963;0.3559259259259259;0.5;0.33;0.33;0.3866666666666667;0.33;0.0;0.3333333333333333;0.22111111111111112;1.0;1.0;1.0;1.0;0.33;0.33;0.66;0.44;1.0;1.0;1.0;1.0;0.25;0.33;0.0;0.19333333333333336;0.5555555555555556;0.2222222222222222;0.7777777777777778;0.5185185185185185;0.33;0.0;0.165;0.165;1.0;1.0;1.0;1.0;1.0;1.0;1.0;1.0;1.0;1.0;1.0;1.0;0;0;1;0;0;8;7;6;7;3;8;7;3;2;8;7;7;8;8;5;8;5;2;3;450;48000;15000;7;4;1;5;7;5;7;8;2;1;5;4;6;3;5;5;4;1;6;3;2;3;2;6;3;5;4
"1-5-0 (2020-11-16)";"doi.org/10.14281/18241.1";2018;410;"KOR";732;"ROK";410071029;20180111;201712;201801;15.47;16.07;20;1;410028;410004;8;5;2;1;1029;2390;"ko";3;1;1.0;0.8032128514056225;41453.815261044176;1;2;2;1;1;2;1;1;2;1;2;2;1;1;2;2;2;1;2;1;2;1;2;1;2;2;2;2;2;3;2;3;2;1;1;1;2;1;3;2;2;2;2;2;3;3;1;2;2;2;8;7;7;4;4;4;4;4;1;2;1;2;2;3;3;3;2;2;4;3;3;2;2;4;4;4;2;2;3;2;2;3;3;4;2;2;2;3;3;2;2;3;3;7;3;1;2;0;0;0;0;0;0;0;0;0;0;0;0;9;3;8;3;3;1;6;2;3;3;3;4;2;2;5;4;2;1;2;1;2;2;1;2;2;3;4;4;4;4;4;4;4;1;1;2;1;2;2;2;3;3;2;2;2;1;2;4;1;3;1;2;8;7;4;4;7;8;5;1;2;2;2;4;4;7;8;3;2;2;4;2;2;1;3;3;5;3;4;6;7;1;5;2;4;2;2;1;1;6;3;4;4;2;1;1;1;4;1;3;1;4;4;3;3;3;3;1;2;3;3;2;2;2;2;1;1;-2;-2;-2;1;4;1;2;3;2;3;3;3;3;1;2;3;2;2;4;5;7;3;10;5;5;8;3;4;8;9;7;6;3;2;2;2;1;3;4;1;1965;52;4;3;1;1;1;410;410;410;1;4;1;2390;1;2;5;3;3;2;2;1;3;2;1;5;4;-5;9;2;2;1;3;5;2;0;100000020;410004;1;1;2;0.6233333333333334;0.5816666666666668;0.38111111111111107;0.4288888888888889;0.5;0.33;0.33;0.3866666666666667;0.33;1.0;1.0;0.7766666666666667;1.0;1.0;1.0;1.0;0.33;0.33;0.33;0.33;1.0;0.0;1.0;0.6666666666666666;0.25;0.33;0.66;0.41333333333333333;0.4444444444444444;0.3333333333333333;0.5555555555555556;0.4444444444444444;0.0;0.0;0.0;0.0;1.0;1.0;1.0;1.0;1.0;1.0;1.0;1.0;1.0;1.0;1.0;1.0;0;0;0;0;1;7;5;7;6;5;5;6;6;6;7;8;7;5;7;5;5;3;4;2;550;35000;5000;8;5;1;9;6;9;8;5;1;1;2;1;2;2;3;5;1;3;7;1;4;1;4;1;3;5;4
"1-5-0 (2020-11-16)";"doi.org/10.14281/18241.1";2018;410;"KOR";732;"ROK";410071030;20180111;201712;201801;15.48;16.09;21;1;410028;410004;8;5;2;1;1030;2390;"ko";3;1;1.0;0.8032128514056225;41453.815261044176;1;2;1;2;1;1;2;2;1;1;2;2;1;1;1;2;2;1;2;1;2;2;2;2;2;2;1;2;1;2;1;1;2;1;1;1;2;1;1;2;1;2;1;2;1;3;1;1;3;2;7;8;7;4;4;4;4;4;1;2;2;1;2;1;2;1;2;1;2;1;2;1;2;1;2;1;2;1;2;1;2;1;2;1;2;2;1;2;1;1;2;1;2;7;3;1;2;0;0;0;0;0;0;0;0;0;0;0;0;7;8;7;7;8;2;5;2;2;2;2;2;1;4;7;2;2;1;2;1;2;1;2;1;2;2;4;3;4;4;3;4;4;2;1;2;3;3;2;2;3;4;3;2;1;2;3;4;1;2;3;2;6;7;7;7;6;7;4;2;2;2;2;3;3;7;8;3;1;1;4;1;2;1;1;2;1;1;1;1;1;1;1;1;1;2;1;1;1;1;4;4;4;3;3;5;1;5;2;1;2;1;2;2;3;3;3;3;2;3;2;3;2;3;2;2;2;410002;410002;410002;1;2;1;2;1;2;1;2;1;1;2;2;1;2;1;1;7;7;7;7;7;5;7;7;8;7;8;7;7;2;2;2;1;1;2;1;2;1981;36;3;2;1;1;1;410;410;410;1;4;2;2390;1;2;5;3;6;3;3;2;3;2;1;1;3;3;3;1;2;2;3;6;2;0;100000020;410004;4;2;0;0.38833333333333336;0.3883333333333333;0.29791666666666666;0.09666666666666668;0.0;0.33;0.0;0.11;0.0;1.0;1.0;0.6666666666666666;1.0;0.0;1.0;0.6666666666666666;0.0;0.0;0.33;0.11;0.0;0.0;1.0;0.3333333333333333;0.25;0.0;0.33;0.19333333333333336;0.0;0.0;0.0;0.0;0.33;1.0;0.665;0.665;1.0;1.0;1.0;1.0;1.0;1.0;1.0;1.0;1.0;1.0;1.0;1.0;1;0;1;1;1;5;7;8;7;7;7;8;7;8;7;8;7;7;8;7;7;1;5;3;450;18000;3000;7;6;2;8;7;8;7;8;1;1;7;7;8;7;7;6;7;2;1;2;1;2;2;8;7;7;4
"1-5-0 (2020-11-16)";"doi.org/10.14281/18241.1";2018;410;"KOR";732;"ROK";410071031;20180111;201712;201801;16.03;16.24;20;1;410042;410008;7;4;3;1;1031;2390;"ko";3;1;1.0;0.8032128514056225;41453.815261044176;1;1;1;2;1;4;1;2;2;1;1;1;1;2;2;2;2;1;2;1;2;2;2;2;2;2;2;3;2;3;3;3;4;2;2;1;4;2;3;3;3;2;3;4;1;1;1;2;2;2;7;6;5;4;4;4;4;4;3;2;2;2;2;3;3;3;3;3;3;3;2;2;2;3;3;3;2;3;2;3;3;2;3;2;3;3;2;3;3;3;3;3;3;5;3;1;2;0;0;0;0;0;0;0;0;0;0;0;0;9;5;5;5;5;1;9;2;2;2;2;2;2;3;6;3;1;1;1;1;1;1;1;1;2;2;3;2;3;3;3;3;3;1;2;2;1;3;2;2;2;3;2;1;1;1;1;3;1;2;1;3;5;5;6;5;5;5;1;2;2;2;2;3;4;7;8;3;2;2;5;5;5;2;7;7;7;7;7;7;7;5;8;1;1;1;1;1;1;9;2;2;3;3;3;5;3;5;2;5;2;5;3;2;2;2;2;2;2;3;3;3;3;3;3;2;2;-2;-2;-2;3;3;3;3;3;3;3;3;3;3;2;3;3;3;3;3;5;5;5;5;5;5;5;5;5;5;5;5;5;3;3;3;3;3;3;3;1;1994;23;1;1;1;1;1;410;410;410;1;4;2;2390;6;0;6;3;-3;-3;-2;-2;-2;-2;6;-3;-3;-3;9;-3;2;2;3;5;2;0;100000020;410004;3;2;0;0.7341666666666667;0.7483333333333334;0.5820833333333333;0.6233333333333333;0.5;0.66;0.33;0.49666666666666676;1.0;1.0;1.0;1.0;1.0;1.0;1.0;1.0;0.66;0.33;0.33;0.44;0.0;1.0;1.0;0.6666666666666666;0.75;0.33;0.66;0.5800000000000001;0.6666666666666666;0.6666666666666666;0.6666666666666666;0.6666666666666666;0.33;0.5;0.41500000000000004;0.41500000000000004;1.0;1.0;1.0;1.0;1.0;1.0;1.0;1.0;1.0;1.0;1.0;1.0;1;0;1;0;1;7;1;1;1;3;5;5;5;5;5;5;8;5;5;5;5;-3;-3;3;300;10000;1000;-3;7;1;-3;-3;-3;6;5;1;3;1;1;1;1;1;1;1;3;1;3;3;3;3;2;2;2;-3
"1-5-0 (2020-11-16)";"doi.org/10.14281/18241.1";2018;410;"KOR";732;"ROK";410071032;20180111;201712;201801;16.06;16.25;20;1;410045;410011;6;3;4;1;1032;2390;"ko";2;1;1.0;0.8032128514056225;41453.815261044176;1;1;1;1;1;3;1;1;2;1;1;1;2;2;2;2;2;1;2;1;2;1;2;1;1;2;3;2;3;3;3;3;4;2;1;1;4;2;4;4;3;2;2;3;3;2;1;3;2;2;7;7;7;4;4;4;4;4;1;2;1;1;2;3;3;3;3;3;2;2;2;2;1;2;3;3;2;2;1;2;1;1;1;2;2;2;2;2;2;2;2;2;2;4;3;1;2;0;0;1;0;0;0;0;0;0;0;0;0;8;3;2;2;2;1;3;2;2;2;2;2;1;0;3;3;2;2;1;1;0;2;1;2;1;1;4;4;4;4;4;4;4;1;2;2;1;2;2;2;3;3;3;1;1;1;3;1;3;2;1;3;9;8;3;4;5;9;3;2;2;2;2;4;4;7;8;3;2;2;2;2;2;2;2;1;4;1;4;5;5;2;4;1;2;2;3;2;2;4;2;4;4;2;2;1;1;1;1;3;1;5;5;1;1;1;2;1;2;2;2;1;1;2;2;1;1;410002;410002;410002;1;4;4;4;1;1;4;4;1;1;1;2;1;4;2;4;3;9;3;10;10;1;6;2;2;10;10;9;8;2;2;2;2;2;2;2;2;1985;32;2;2;1;1;1;410;410;410;1;4;3;2390;1;1;6;3;6;3;3;2;3;2;5;1;-3;1;6;-3;2;2;3;4;2;0;100000020;410004;3;2;1;0.6366666666666667;0.7750000000000001;0.6813425925925926;0.5301851851851852;1.0;0.33;0.66;0.6633333333333334;0.66;1.0;1.0;0.8866666666666667;1.0;1.0;0.0;0.6666666666666666;0.66;0.33;0.0;0.33;1.0;1.0;1.0;1.0;0.75;0.66;0.66;0.6900000000000001;0.3333333333333333;0.3333333333333333;0.4444444444444444;0.3703703703703703;0.33;1.0;0.665;0.665;1.0;1.0;1.0;1.0;1.0;1.0;1.0;1.0;1.0;1.0;1.0;1.0;1;0;1;0;1;7;7;7;8;4;8;3;3;3;4;5;7;8;7;6;6;-3;-3;3;350;30000;10000;-3;4;5;-3;-3;-3;7;3;2;4;2;5;7;2;2;2;2;2;1;3;2;2;2;8;1;3;4
"1-5-0 (2020-11-16)";"doi.org/10.14281/18241.1";2018;410;"KOR";732;"ROK";410071033;20180111;201712;201801;16.14;16.48;34;1;410041;410007;8;5;2;1;1033;2390;"ko";3;1;1.0;0.8032128514056225;41453.815261044176;1;2;2;3;3;4;2;2;2;1;1;1;1;1;2;2;2;1;2;1;1;1;2;1;2;2;2;2;3;3;3;2;2;1;1;1;4;2;5;3;2;2;2;2;2;1;1;2;2;2;8;7;7;4;4;4;4;4;1;2;1;3;2;4;4;4;2;2;2;2;2;2;2;2;3;4;2;2;2;2;2;1;2;1;1;1;1;1;1;1;1;1;1;6;3;1;2;0;0;0;0;0;0;0;0;0;0;0;0;8;6;6;6;6;2;7;2;2;2;3;2;2;3;6;3;2;0;2;1;0;2;1;1;2;2;2;3;3;4;4;3;3;1;2;2;2;2;2;2;1;3;4;2;1;1;1;3;2;3;2;3;5;6;5;6;6;6;3;2;2;2;2;4;4;7;8;3;2;2;6;3;3;1;1;1;3;2;2;5;5;2;5;1;1;1;3;2;2;2;4;4;4;3;3;5;1;5;1;5;1;2;2;2;2;2;2;2;2;3;3;2;2;3;3;1;1;410002;410002;410002;1;3;2;3;2;2;3;3;2;2;2;1;2;4;2;4;4;5;3;8;6;1;6;6;2;8;8;8;8;2;2;2;2;2;3;3;2;1986;31;2;2;1;1;1;410;410;410;1;3;1;2390;1;1;6;3;6;3;3;2;3;2;5;1;-3;5;3;-3;2;1;3;5;2;0;100000020;410004;4;2;1;0.5125;0.6933333333333334;0.5073148148148148;0.39129629629629625;0.5;0.33;0.33;0.3866666666666667;1.0;1.0;1.0;1.0;1.0;0.0;0.0;0.3333333333333333;0.33;0.33;0.33;0.33;0.0;1.0;1.0;0.6666666666666666;0.25;0.66;0.66;0.5233333333333333;0.2222222222222222;0.1111111111111111;0.4444444444444444;0.25925925925925924;0.66;0.5;0.5800000000000001;0.5800000000000001;1.0;1.0;1.0;1.0;1.0;1.0;1.0;1.0;1.0;1.0;1.0;1.0;1;1;0;1;1;7;4;6;7;4;3;2;2;5;7;7;8;7;7;7;6;-3;-3;2;300;15000;0;-3;3;2;-3;-3;-3;7;3;1;1;5;6;7;1;3;3;5;2;1;2;2;1;2;8;1;4;4
"1-5-0 (2020-11-16)";"doi.org/10.14281/18241.1";2018;410;"KOR";732;"ROK";410071034;20180111;201712;201801;16.17;16.37;20;1;410028;410004;8;5;2;1;1034;2390;"ko";3;1;1.0;0.8032128514056225;41453.815261044176;1;2;1;1;2;1;2;2;1;2;1;1;1;2;1;2;2;1;2;1;2;1;2;1;2;1;1;2;1;2;1;1;2;1;1;1;2;1;2;1;2;1;2;2;3;3;1;1;3;2;7;7;8;4;4;4;4;4;3;2;1;2;2;3;3;3;1;2;1;2;1;2;1;2;1;2;1;2;1;2;1;2;1;2;1;1;1;1;2;1;2;1;1;7;3;2;2;0;0;0;0;0;0;0;0;0;0;0;0;7;8;7;8;7;1;5;2;2;1;1;2;1;2;6;4;0;0;1;0;1;0;1;0;1;2;4;4;3;4;3;4;4;2;1;2;3;3;2;2;3;4;3;1;1;2;2;4;2;3;1;2;7;8;7;7;8;8;4;2;2;2;2;3;2;7;8;3;1;1;4;1;1;1;1;1;1;1;1;1;1;1;1;1;1;1;1;1;1;1;4;4;4;3;2;5;1;2;1;2;1;2;2;3;2;3;3;3;2;2;3;2;3;2;3;2;2;410002;410002;410002;2;1;1;2;1;2;1;1;2;1;2;2;1;2;1;2;7;8;7;8;7;8;7;7;8;7;8;7;8;2;2;1;2;1;2;1;1;1975;42;3;2;1;1;1;410;410;410;1;4;2;2390;1;2;6;3;6;3;3;2;3;2;1;1;4;3;7;1;1;2;2;7;2;0;100000020;410004;2;2;-1;0.24916666666666665;0.3883333333333333;0.2975;0.09666666666666668;0.0;0.33;0.0;0.11;0.0;1.0;1.0;0.6666666666666666;0.0;0.0;0.0;0.0;0.33;0.33;0.0;0.22;0.0;1.0;1.0;0.6666666666666666;0.25;0.0;0.33;0.19333333333333336;0.0;0.0;0.0;0.0;0.66;0.0;0.33;0.33;1.0;1.0;1.0;1.0;1.0;1.0;1.0;1.0;1.0;1.0;1.0;1.0;0;1;0;0;1;6;7;8;7;7;7;7;8;7;7;8;6;7;7;7;8;1;5;2;500;30000;5000;7;7;1;8;7;8;7;7;1;1;6;6;8;7;6;5;6;2;1;2;1;2;2;8;7;7;4
"1-5-0 (2020-11-16)";"doi.org/10.14281/18241.1";2018;410;"KOR";732;"ROK";410071035;20180111;201712;201801;16.17;16.37;20;1;410041;410007;8;5;2;1;1035;2390;"ko";2;1;1.0;0.8032128514056225;41453.815261044176;1;2;2;2;2;3;1;2;2;1;1;2;2;1;2;2;1;1;2;1;2;1;2;2;2;2;2;3;2;3;2;2;2;1;2;1;3;3;4;3;2;3;2;3;2;1;1;3;3;1;8;4;4;4;4;4;4;4;1;2;2;2;2;3;2;3;3;2;3;3;3;3;4;3;4;4;3;2;2;3;2;3;2;2;1;1;2;2;2;1;2;2;2;4;3;1;2;0;0;0;0;0;0;0;0;0;0;0;0;8;6;4;4;8;1;8;2;3;2;3;4;1;2;8;3;2;2;0;0;0;0;1;2;3;2;4;4;4;4;4;4;4;1;2;2;2;2;2;2;1;2;1;2;2;1;2;3;2;3;3;2;8;7;7;8;5;8;4;2;2;2;2;3;3;7;8;3;1;1;6;2;3;1;3;2;2;1;1;5;4;1;2;1;1;1;2;1;2;1;3;3;2;2;2;5;1;3;3;5;3;5;2;3;3;3;3;3;3;3;3;3;3;3;3;1;1;410002;410002;410002;2;3;3;3;3;2;3;3;2;2;2;3;3;3;2;3;4;8;4;8;8;4;7;8;4;8;8;5;6;3;3;2;2;2;3;3;1;1976;41;3;2;1;1;1;410;410;410;1;1;2;2390;6;0;3;2;-3;-3;1;1;1;1;1;-3;3;-3;5;2;1;2;3;4;2;0;100000020;410004;4;2;0;0.8033333333333335;0.7750000000000001;0.377962962962963;0.2992592592592593;1.0;0.66;0.33;0.6633333333333334;0.66;1.0;1.0;0.8866666666666667;1.0;1.0;1.0;1.0;0.33;0.66;1.0;0.6633333333333334;0.0;1.0;0.0;0.3333333333333333;0.25;0.33;0.66;0.41333333333333333;0.1111111111111111;0.0;0.4444444444444444;0.1851851851851852;0.66;0.5;0.5800000000000001;0.5800000000000001;1.0;1.0;1.0;1.0;1.0;1.0;1.0;1.0;1.0;1.0;1.0;1.0;1;1;0;1;1;5;5;5;4;3;4;4;3;3;3;4;5;4;5;6;5;1;4;3;320;38000;3000;5;4;1;6;7;7;8;4;1;1;4;2;6;3;5;4;2;2;1;3;2;1;2;6;3;5;-3
"1-5-0 (2020-11-16)";"doi.org/10.14281/18241.1";2018;410;"KOR";732;"ROK";410071036;20180111;201712;201801;16.24;16.44;21;1;410042;410008;7;4;3;1;1036;2390;"ko";3;1;1.0;0.8032128514056225;41453.815261044176;1;2;2;1;1;2;1;2;1;1;2;1;1;2;2;2;2;1;2;1;2;1;2;1;2;2;2;3;4;3;1;3;3;3;1;1;4;2;5;3;4;2;2;4;3;2;1;2;3;2;1;2;2;4;4;4;4;4;3;2;2;3;3;4;4;4;4;2;4;4;4;4;2;3;4;4;4;4;2;3;3;3;4;3;2;2;2;2;2;3;3;3;2;3;3;2;2;0;1;1;1;2;0;2;0;1;2;0;1;10;9;7;2;8;1;7;2;2;2;2;3;2;3;2;4;1;1;2;1;1;2;2;2;3;2;4;3;3;1;4;3;4;2;2;2;4;1;2;2;2;3;4;1;2;1;1;3;3;1;1;3;9;4;2;2;8;9;2;2;2;2;2;4;4;7;8;3;1;1;5;2;2;2;2;4;1;7;7;8;10;7;5;1;5;1;1;1;1;10;2;3;4;2;2;5;2;4;1;3;1;5;2;2;2;2;2;3;2;2;2;2;2;2;3;1;1;410001;410001;410001;1;4;1;2;4;2;4;4;1;1;2;1;3;3;3;4;10;5;1;10;2;7;8;7;6;10;9;5;5;2;2;2;2;2;3;4;1;1984;33;2;2;1;1;1;410;410;410;1;3;1;2390;6;0;3;2;-3;-3;-2;-2;3;2;6;-3;-3;-3;4;-3;2;2;5;3;1;0;100000020;410004;2;1;0;0.6791666666666667;0.5816666666666668;0.4462037037037037;0.6007407407407408;0.5;0.33;0.33;0.3866666666666667;0.33;1.0;1.0;0.7766666666666667;1.0;1.0;1.0;1.0;0.33;1.0;0.33;0.5533333333333333;0.0;0.0;1.0;0.3333333333333333;0.5;1.0;0.66;0.7200000000000001;0.0;0.6666666666666666;0.7777777777777778;0.48148148148148145;0.0;0.5;0.25;0.25;1.0;1.0;1.0;1.0;1.0;1.0;1.0;1.0;1.0;1.0;1.0;1.0;1;0;0;0;1;3;5;8;7;2;3;4;2;2;2;6;3;7;7;8;3;-3;-3;4;200;40000;2800;-3;2;1;-3;-3;-3;5;1;1;1;2;1;1;10;3;3;1;2;2;1;4;1;4;1;10;2;-3
"1-5-0 (2020-11-16)";"doi.org/10.14281/18241.1";2018;410;"KOR";732;"ROK";410071037;20180111;201712;201801;16.32;16.52;20;1;410045;410011;6;3;4;1;1037;2390;"ko";3;1;1.0;0.8032128514056225;41453.815261044176;1;1;2;2;2;2;1;1;2;1;1;1;2;2;2;2;2;1;2;1;1;1;2;1;1;2;2;2;2;3;3;3;2;1;1;1;5;2;4;2;3;2;2;3;2;3;1;2;2;2;7;7;6;4;4;4;3;4;1;2;1;2;2;2;2;2;2;3;2;2;1;1;1;2;2;2;2;2;1;3;1;1;1;1;2;2;2;2;2;2;2;2;2;6;3;1;2;1;1;0;0;0;0;0;0;0;1;0;0;8;5;2;3;2;2;3;2;2;2;1;2;1;4;3;4;2;2;2;1;0;1;1;0;1;2;4;4;4;4;4;4;4;1;2;2;1;2;2;1;3;3;4;1;1;1;1;2;3;4;1;2;9;9;3;3;4;9;4;1;1;1;1;3;3;3;4;2;2;2;5;2;3;2;2;3;2;3;7;7;7;5;5;2;2;2;2;1;2;6;3;4;4;2;2;2;1;1;2;2;1;5;2;1;3;2;3;1;3;3;3;1;1;3;3;1;1;410002;410002;410002;1;4;4;4;2;2;4;4;2;2;2;2;1;3;3;3;5;9;4;10;10;1;7;2;2;7;10;8;8;2;2;1;1;1;1;1;1;1969;48;4;2;1;1;1;410;410;410;1;5;2;2390;1;2;5;3;5;3;1;1;2;1;3;5;10;-5;4;2;1;2;3;4;2;1;10100000;410004;2;2;1;0.5402777777777779;0.47055555555555556;0.5149537037037037;0.44740740740740736;0.5;0.33;0.33;0.3866666666666667;0.33;1.0;0.3333333333333333;0.5544444444444444;1.0;1.0;1.0;1.0;0.66;0.0;0.0;0.22;1.0;1.0;1.0;1.0;0.25;0.33;0.66;0.41333333333333333;0.1111111111111111;0.6666666666666666;0.6666666666666666;0.48148148148148145;0.33;0.0;0.165;0.165;1.0;1.0;1.0;1.0;1.0;1.0;1.0;1.0;1.0;1.0;1.0;1.0;0;0;1;0;1;7;6;6;7;3;6;3;3;2;6;7;7;7;5;4;5;3;2;3;500;32000;8000;6;4;1;6;6;6;7;3;1;2;1;3;6;1;1;1;2;1;1;3;2;2;2;6;1;1;4
"1-5-0 (2020-11-16)";"doi.org/10.14281/18241.1";2018;410;"KOR";732;"ROK";410071038;20180111;201712;201801;16.33;17.16;44;1;410041;410007;8;5;2;1;1038;2390;"ko";1;1;1.0;0.8032128514056225;41453.815261044176;1;1;1;4;1;4;2;1;1;1;1;1;2;2;2;2;2;1;2;1;2;2;2;2;2;2;2;1;3;4;4;4;2;1;1;1;5;2;3;4;3;4;4;4;2;2;3;3;2;3;7;5;5;4;4;4;4;4;1;2;1;2;3;4;4;4;3;2;3;3;3;2;2;2;3;3;3;3;2;2;2;2;3;3;1;1;1;1;1;1;1;1;1;4;3;2;2;0;0;0;0;0;0;0;0;0;0;0;0;8;3;7;5;7;2;5;2;2;2;2;2;2;4;7;3;1;0;2;1;2;1;2;2;3;3;3;3;4;4;4;4;4;2;2;2;1;2;2;2;2;3;3;1;2;1;2;3;1;3;1;3;1;3;8;4;6;1;1;1;2;2;2;4;4;7;8;3;2;2;3;4;4;2;1;1;7;3;7;9;9;5;8;1;3;2;1;8;1;10;3;4;4;3;2;5;1;2;1;2;1;2;1;2;3;3;3;2;2;3;3;3;3;3;3;1;1;410002;410002;410002;1;4;2;4;2;2;4;4;1;2;2;2;3;4;2;4;4;8;1;10;8;1;9;3;1;3;10;5;7;2;2;1;1;1;2;3;2;1979;38;3;2;1;1;1;410;410;410;1;3;1;2390;1;1;6;3;6;3;3;2;3;2;1;1;3;3;5;2;2;1;3;4;2;0;100000020;410004;2;1;1;0.5541666666666666;0.7766666666666666;0.6568518518518518;0.6887037037037036;1.0;0.33;0.33;0.5533333333333333;1.0;1.0;1.0;1.0;1.0;0.0;0.0;0.3333333333333333;0.33;0.33;0.33;0.33;1.0;1.0;1.0;1.0;0.25;0.66;1.0;0.6366666666666667;0.6666666666666666;0.6666666666666666;0.8888888888888888;0.7407407407407406;0.0;0.5;0.25;0.25;1.0;1.0;1.0;1.0;1.0;1.0;1.0;1.0;1.0;1.0;1.0;1.0;1;0;0;0;1;5;5;4;6;3;6;3;3;4;4;4;5;4;7;6;4;1;2;3;350;15000;2000;7;3;2;7;6;7;7;4;1;2;3;4;6;1;2;4;4;1;1;2;4;1;3;8;1;3;4
"1-5-0 (2020-11-16)";"doi.org/10.14281/18241.1";2018;410;"KOR";732;"ROK";410071039;20180111;201712;201801;16.48;17.09;21;1;410042;410008;7;4;3;1;1039;2390;"ko";3;1;1.0;0.8032128514056225;41453.815261044176;1;2;2;2;2;3;1;1;2;1;1;1;2;2;2;2;2;1;2;2;2;2;2;2;2;2;3;4;3;4;4;4;3;3;2;1;3;3;3;4;1;1;2;4;2;3;1;3;2;2;9;7;7;4;4;4;4;4;1;2;1;2;2;4;2;2;2;2;2;3;3;3;3;2;4;4;2;2;4;3;2;2;2;2;2;2;2;4;2;2;3;1;3;1;3;2;2;0;0;0;0;0;0;0;0;0;0;0;0;6;6;7;1;1;1;7;2;2;2;2;3;2;2;10;4;2;2;1;2;0;2;0;1;2;2;3;3;4;4;4;4;4;2;2;2;3;4;2;2;3;3;2;2;1;1;1;3;3;1;1;3;8;10;6;5;1;10;5;1;1;1;1;3;4;5;2;2;2;2;6;10;1;1;1;1;5;5;2;1;1;1;10;1;1;1;1;1;1;1;2;4;4;3;1;3;1;3;1;1;1;3;1;2;2;2;2;2;2;2;2;2;2;2;2;2;2;-2;-2;-2;1;2;2;2;3;3;2;4;1;1;1;1;2;4;3;4;7;2;1;9;10;1;10;10;6;10;10;7;6;2;1;2;2;2;2;2;1;1972;45;4;2;1;1;1;410;410;410;1;4;2;2390;6;0;6;3;-3;-3;1;1;1;1;1;-3;4;-3;9;2;2;1;3;4;2;0;100000020;410004;2;1;1;0.4697222222222222;0.6644444444444444;0.5387962962962963;0.45259259259259266;1.0;0.0;0.66;0.5533333333333333;0.66;1.0;0.6666666666666666;0.7755555555555556;0.0;0.0;0.0;0.0;0.33;0.66;0.66;0.55;1.0;1.0;1.0;1.0;0.5;0.66;1.0;0.7200000000000001;0.4444444444444444;0.1111111111111111;0.0;0.1851851851851852;0.0;0.5;0.25;0.25;1.0;1.0;1.0;1.0;1.0;1.0;1.0;1.0;1.0;1.0;1.0;1.0;1;0;0;0;1;7;3;3;2;1;2;1;2;1;1;4;7;4;7;9;4;1;4;3;300;20000;4000;7;4;1;7;10;8;8;3;1;5;5;5;5;5;5;5;5;1;1;1;1;1;3;5;5;5;-3
"1-5-0 (2020-11-16)";"doi.org/10.14281/18241.1";2018;410;"KOR";732;"ROK";410071040;20180111;201712;201801;17.02;17.25;23;1;410041;410007;8;5;2;1;1040;2390;"ko";2;1;1.0;0.8032128514056225;41453.815261044176;1;2;1;2;2;3;1;2;2;1;1;1;2;1;2;2;2;1;2;1;1;1;2;2;2;2;2;3;2;3;2;3;3;3;2;1;2;1;4;2;2;3;3;2;2;1;2;2;2;2;7;6;6;4;4;4;4;4;1;1;1;2;2;3;3;4;2;3;2;3;3;1;1;2;1;3;2;3;2;1;2;2;2;3;2;2;3;3;2;3;2;3;3;4;3;1;2;1;1;2;0;0;1;0;0;0;1;0;0;8;4;4;7;4;1;4;2;2;1;1;2;1;3;6;3;2;1;0;1;1;0;1;2;2;2;4;4;4;4;4;4;4;1;1;2;2;1;2;2;2;2;3;2;2;1;2;1;3;1;4;1;6;7;5;4;3;6;5;1;2;2;2;3;3;4;4;2;1;1;4;3;6;3;3;2;2;2;4;4;3;3;5;4;2;2;1;3;6;6;4;4;4;2;2;1;1;2;1;3;1;2;2;1;2;2;3;1;3;3;2;2;2;3;3;3;3;410010;410010;410010;2;3;3;4;2;1;3;4;1;2;2;1;2;3;3;4;4;4;2;8;2;1;8;2;1;9;9;8;8;2;3;1;2;3;3;3;2;1960;57;5;3;1;1;1;410;410;410;1;5;1;2390;1;3;3;2;3;2;2;1;3;2;5;1;-3;3;3;-3;2;1;2;6;2;7;70000000;410004;0;1;1;0.6091666666666667;0.6083333333333334;0.35564814814814816;0.377962962962963;0.5;0.66;0.33;0.49666666666666676;0.66;1.0;0.5;0.7200000000000001;1.0;1.0;1.0;1.0;0.66;0.0;0.0;0.22;0.0;1.0;1.0;0.6666666666666666;0.5;0.33;0.66;0.49666666666666676;0.1111111111111111;0.3333333333333333;0.3333333333333333;0.25925925925925924;0.0;0.0;0.0;0.0;1.0;1.0;1.0;1.0;1.0;1.0;1.0;1.0;1.0;1.0;1.0;1.0;0;0;0;0;0;7;5;4;6;4;4;3;4;6;4;5;6;5;5;7;6;-3;-3;2;530;84000;4000;-3;6;1;-3;-3;-3;6;6;1;2;5;8;6;5;6;5;8;2;5;3;3;2;2;6;4;5;4
"1-5-0 (2020-11-16)";"doi.org/10.14281/18241.1";2018;410;"KOR";732;"ROK";410071041;20180111;201712;201801;17.04;17.25;21;1;410028;410004;8;5;2;1;1041;2390;"ko";3;1;1.0;0.8032128514056225;41453.815261044176;1;2;1;2;1;2;2;2;1;1;1;2;1;1;2;2;2;1;2;1;2;1;2;2;2;2;1;2;1;2;1;1;2;1;1;1;2;1;1;2;1;2;1;2;2;3;1;1;2;1;8;9;8;4;4;4;4;4;3;2;1;1;2;3;2;2;1;2;1;2;1;2;1;2;1;2;1;1;2;1;2;1;1;2;1;1;1;2;1;1;1;1;2;8;3;1;3;0;0;0;0;0;0;0;0;0;0;0;0;7;8;7;8;7;1;5;2;1;2;1;1;1;2;7;4;0;1;0;1;0;1;0;1;3;3;4;3;3;4;4;4;4;2;1;2;3;3;2;2;3;4;4;2;1;1;3;4;3;4;3;2;7;8;7;8;7;8;8;1;1;1;1;2;2;2;3;1;1;1;5;7;8;7;7;8;7;8;7;1;1;1;2;1;2;1;2;1;1;1;4;4;4;3;3;5;1;2;2;1;2;1;2;3;3;3;3;3;2;3;2;3;2;3;2;2;2;410009;410009;410009;2;1;1;2;1;1;2;1;2;1;2;2;1;2;1;1;3;8;8;9;8;8;8;8;7;8;8;7;8;2;1;1;2;1;2;1;2;1989;28;2;1;1;1;1;410;410;410;1;4;2;2390;1;4;6;3;6;3;3;2;3;2;1;1;3;5;6;1;2;2;2;6;2;2;20000000;410004;4;2;1;0.3463888888888889;0.08277777777777778;0.49236111111111114;0.3188888888888889;0.0;0.0;0.0;0.0;0.33;0.0;0.16666666666666666;0.16555555555555557;1.0;1.0;1.0;1.0;0.33;0.33;0.0;0.22;0.0;1.0;1.0;0.6666666666666666;0.25;0.0;0.33;0.19333333333333336;0.6666666666666666;0.6666666666666666;0.0;0.4444444444444444;0.33;1.0;0.665;0.665;1.0;1.0;1.0;1.0;1.0;1.0;1.0;1.0;1.0;1.0;1.0;1.0;1;0;1;1;1;7;8;7;8;8;7;8;7;8;8;7;8;8;8;8;8;1;5;2;400;15000;6000;-3;5;2;-3;-3;-3;8;7;1;1;8;7;7;6;6;8;6;2;4;2;1;2;1;7;7;6;4
"1-5-0 (2020-11-16)";"doi.org/10.14281/18241.1";2018;410;"KOR";732;"ROK";410071042;20180111;201712;201801;17.09;17.29;20;1;410045;410011;6;3;4;1;1042;2390;"ko";1;1;1.0;0.8032128514056225;41453.815261044176;2;1;2;2;2;3;2;1;1;1;1;2;2;1;2;2;2;1;2;1;2;1;2;2;1;2;2;2;3;3;3;3;2;1;1;1;5;2;4;4;4;2;2;3;3;2;1;3;3;1;4;4;4;4;4;4;4;4;1;1;1;2;1;2;2;2;2;3;2;2;2;2;2;3;3;3;2;2;2;2;2;2;2;3;3;3;3;3;3;3;2;2;2;9;3;1;2;1;1;1;0;0;0;0;0;0;0;0;0;9;1;2;2;2;1;3;2;2;2;1;3;1;4;5;3;2;2;2;1;0;2;0;1;2;1;4;4;4;4;4;4;4;2;2;2;1;1;2;2;2;2;4;1;1;1;3;1;2;4;3;1;10;10;2;1;1;10;2;1;2;2;2;3;4;3;4;2;2;2;3;1;3;1;1;1;5;1;5;8;7;5;5;1;1;2;2;2;2;5;3;4;4;2;1;5;1;1;1;1;1;1;1;1;1;1;2;2;2;2;2;1;1;2;2;1;1;410002;410002;410002;1;4;4;4;1;1;4;4;1;1;1;2;1;4;2;4;2;9;2;10;10;1;8;1;1;10;10;9;8;2;3;3;3;3;3;3;1;1994;23;1;1;1;1;1;410;410;410;1;3;2;2390;6;0;3;2;-3;-3;5;3;6;3;6;-3;-3;-3;3;-3;2;2;3;6;2;2;20000000;410004;4;3;2;0.5252777777777778;0.663888888888889;0.7697222222222222;0.5394444444444444;1.0;0.66;0.33;0.6633333333333334;0.66;1.0;0.3333333333333333;0.6644444444444444;1.0;0.0;0.0;0.3333333333333333;0.66;0.33;0.33;0.44;1.0;1.0;1.0;1.0;0.25;0.66;0.66;0.5233333333333333;0.4444444444444444;0.4444444444444444;0.7777777777777778;0.5555555555555556;1.0;1.0;1.0;1.0;1.0;1.0;1.0;1.0;1.0;1.0;1.0;1.0;1.0;1.0;1.0;1.0;1;1;1;1;0;6;4;4;5;2;6;2;2;2;4;6;6;7;8;5;6;-3;-3;3;800;40000;12000;-3;5;1;-3;-3;-3;7;1;1;5;2;2;8;2;2;2;2;1;1;4;2;3;2;8;2;2;-3
"1-5-0 (2020-11-16)";"doi.org/10.14281/18241.1";2018;410;"KOR";732;"ROK";410071043;20180111;201712;201801;17.14;17.54;40;1;410041;410007;8;5;2;1;1043;2390;"ko";3;1;1.0;0.8032128514056225;41453.815261044176;1;2;3;3;2;4;2;1;2;1;1;2;1;1;2;2;2;1;2;1;1;1;2;1;2;2;2;2;3;3;3;2;2;1;1;1;3;3;4;2;3;2;2;2;2;1;1;2;2;1;9;7;5;4;4;4;4;4;3;2;1;3;2;3;3;4;3;3;2;2;2;3;3;2;3;4;2;2;2;2;2;2;3;2;1;1;1;1;1;1;1;1;1;8;3;1;2;0;0;0;1;0;0;0;0;0;0;0;0;7;6;6;6;7;2;7;2;2;2;2;2;2;3;8;3;2;0;2;0;0;2;0;1;2;2;3;2;3;4;4;4;2;1;2;2;2;2;2;2;2;3;4;1;2;1;3;1;3;2;2;3;7;7;3;7;7;6;5;1;1;1;1;4;4;7;8;3;2;2;6;3;2;1;1;1;3;2;2;6;7;5;7;2;2;2;1;1;2;2;4;4;4;3;3;5;1;5;1;5;1;2;2;2;2;2;2;2;2;3;3;2;2;3;3;2;2;-2;-2;-2;1;3;3;3;2;2;3;4;1;2;2;1;2;4;2;4;5;5;2;8;5;1;8;5;2;6;8;7;7;2;2;2;2;2;3;3;1;1991;26;2;1;1;1;1;410;410;410;1;4;2;2390;6;0;6;3;-3;-3;3;2;3;2;1;-3;3;-3;3;2;2;1;2;6;2;0;100000020;410004;4;2;2;0.595;0.6933333333333334;0.6211574074074074;0.40981481481481485;0.5;0.33;0.33;0.3866666666666667;1.0;1.0;1.0;1.0;1.0;0.0;0.0;0.3333333333333333;0.66;0.66;0.66;0.66;1.0;1.0;1.0;1.0;0.25;0.66;0.66;0.5233333333333333;0.2222222222222222;0.1111111111111111;0.5555555555555556;0.29629629629629634;0.33;1.0;0.665;0.665;1.0;1.0;1.0;1.0;1.0;1.0;1.0;1.0;1.0;1.0;1.0;1.0;1;0;1;1;1;7;5;6;7;6;4;3;2;5;6;5;8;4;6;6;7;1;6;2;550;50000;0;5;6;1;5;5;5;7;1;2;1;4;5;5;1;2;3;5;2;7;2;2;1;2;5;1;3;-3
"1-5-0 (2020-11-16)";"doi.org/10.14281/18241.1";2018;410;"KOR";732;"ROK";410071044;20180111;201712;201801;17.15;17.47;33;1;410029;410005;8;5;2;1;1044;2390;"ko";3;1;1.0;0.8032128514056225;41453.815261044176;1;2;2;2;2;4;1;2;1;1;1;1;2;2;2;2;2;1;2;1;2;2;2;2;2;2;4;2;3;2;2;2;2;1;1;1;3;3;4;3;3;2;2;3;2;1;1;2;2;3;8;8;6;4;4;4;4;4;3;2;1;2;2;4;4;4;4;4;4;4;4;4;4;4;4;4;4;4;4;4;3;4;4;3;4;4;4;4;4;4;4;4;4;10;2;3;2;0;0;0;0;0;0;0;0;0;0;0;0;1;9;8;2;9;2;10;4;4;4;4;4;4;0;2;3;2;0;2;1;2;1;2;2;3;4;3;3;3;2;4;3;3;1;2;2;2;1;2;2;3;2;3;1;1;2;1;3;3;1;1;2;8;9;1;3;3;9;1;2;2;2;2;4;4;7;8;3;2;2;2;1;1;1;1;1;4;4;4;5;5;1;1;1;1;1;1;1;1;5;2;4;4;3;2;5;1;2;1;4;1;5;1;3;3;3;3;2;3;3;3;1;3;3;3;2;2;410002;410002;410002;2;2;3;3;3;3;3;4;2;2;1;3;1;4;1;4;3;10;1;10;7;10;8;10;5;10;10;10;10;2;2;3;3;3;3;3;1;1973;44;3;2;1;1;1;410;410;410;1;3;1;2390;1;1;5;3;5;3;0;1;0;1;1;1;8;4;8;2;1;2;3;4;2;0;100000020;410004;2;1;0;0.6525;0.8049999999999999;0.4250925925925926;0.39185185185185184;0.5;0.33;1.0;0.61;1.0;1.0;1.0;1.0;0.0;0.0;0.0;0.0;1.0;1.0;1.0;1.0;0.0;1.0;1.0;0.6666666666666666;0.25;0.66;0.33;0.4133333333333334;0.3333333333333333;0.3333333333333333;0.4444444444444444;0.3703703703703703;0.0;0.5;0.25;0.25;1.0;1.0;1.0;1.0;1.0;1.0;1.0;1.0;1.0;1.0;1.0;1.0;1;0;0;0;1;8;5;5;5;1;5;2;2;2;2;2;8;2;5;5;10;1;3;3;400;8000;3000;7;2;1;8;8;7;8;6;1;1;1;5;6;1;1;1;3;3;1;3;3;1;1;8;1;1;4
"1-5-0 (2020-11-16)";"doi.org/10.14281/18241.1";2018;410;"KOR";732;"ROK";410071045;20180111;201712;201801;17.21;17.42;21;1;410041;410007;8;5;2;1;1045;2390;"ko";2;1;1.0;0.8032128514056225;41453.815261044176;1;2;3;3;2;2;1;2;2;1;1;1;2;2;1;2;2;1;2;1;2;1;2;1;2;2;2;2;2;3;2;2;2;1;2;1;3;3;4;2;2;2;3;3;2;1;2;3;2;1;8;7;5;4;4;4;4;4;1;2;1;2;2;3;2;2;2;2;3;3;3;3;4;3;4;4;3;3;2;3;2;2;2;3;2;2;2;2;1;2;2;1;2;4;3;1;2;2;0;0;0;0;0;0;0;0;0;0;0;8;4;3;5;7;1;8;2;3;3;4;4;1;2;8;3;2;2;0;0;0;2;1;2;3;2;4;4;4;4;4;4;4;1;2;2;2;2;2;2;2;1;2;2;2;1;2;3;2;3;2;1;7;8;8;4;5;8;8;1;1;1;1;3;3;2;2;2;1;1;4;3;3;1;2;1;2;1;1;4;3;1;2;1;1;1;2;1;1;1;2;2;2;2;2;5;1;2;2;5;3;5;2;3;3;3;3;3;3;3;3;3;3;3;3;1;1;410002;410002;410002;2;3;3;3;3;2;3;3;2;2;2;3;3;3;2;3;4;8;4;7;8;4;8;8;5;8;8;5;6;2;2;2;2;2;3;3;1;1982;35;3;2;1;1;1;410;410;410;1;3;1;2390;1;1;6;3;5;3;3;2;3;2;1;1;3;5;5;2;1;2;3;5;2;2;20000000;410004;3;2;-1;0.5955555555555556;0.5261111111111112;0.452037037037037;0.28074074074074074;1.0;0.33;0.33;0.5533333333333333;0.33;1.0;0.16666666666666666;0.49888888888888894;1.0;1.0;0.0;0.6666666666666666;0.33;0.66;1.0;0.6633333333333334;0.0;1.0;1.0;0.6666666666666666;0.25;0.33;0.66;0.41333333333333333;0.1111111111111111;0.0;0.3333333333333333;0.14814814814814814;0.66;0.5;0.5800000000000001;0.5800000000000001;1.0;1.0;1.0;1.0;1.0;1.0;1.0;1.0;1.0;1.0;1.0;1.0;1;1;0;1;0;7;5;5;7;5;5;4;3;3;3;4;7;5;5;8;5;1;5;3;450;38000;2000;7;4;1;8;7;7;8;4;1;2;5;3;6;4;5;5;3;2;1;3;2;1;2;6;4;5;4
"1-5-0 (2020-11-16)";"doi.org/10.14281/18241.1";2018;410;"KOR";732;"ROK";410071046;20180111;201712;201801;17.34;17.54;20;1;410028;410004;8;5;2;1;1046;2390;"ko";3;1;1.0;0.8032128514056225;41453.815261044176;1;2;1;2;1;2;2;2;1;2;1;1;1;2;1;2;2;1;2;1;2;1;2;2;2;2;1;2;1;2;1;1;2;1;2;1;1;1;2;1;2;1;2;1;3;3;1;1;2;2;8;9;8;4;4;4;4;4;3;2;1;3;2;3;2;1;1;2;1;2;1;1;2;1;2;1;2;1;2;1;2;1;2;1;2;2;1;2;1;2;1;2;1;7;2;2;1;0;0;0;0;0;0;0;0;0;0;0;0;7;8;7;7;6;2;4;2;2;1;2;2;1;4;6;4;2;1;2;1;2;1;2;2;3;2;4;3;4;3;4;3;4;1;1;2;4;4;2;2;4;3;4;1;1;2;2;3;1;4;2;3;7;8;7;7;8;7;8;1;1;1;1;3;2;2;4;1;1;1;4;1;2;1;1;1;1;1;1;5;2;1;2;2;2;1;1;2;1;1;4;3;4;3;2;2;1;2;1;2;1;2;1;3;2;3;2;3;2;3;2;3;2;3;2;2;2;410002;410002;410002;2;1;2;1;2;1;2;1;2;1;2;2;1;2;1;2;3;7;5;7;7;8;7;6;8;7;8;7;8;2;2;1;2;1;1;2;1;1976;41;3;2;1;1;1;410;410;410;1;4;2;2390;1;2;6;3;6;3;3;2;3;2;1;1;3;3;6;3;1;2;3;6;2;2;20000000;410004;4;2;-1;0.2072222222222222;0.13777777777777778;0.35578703703703707;0.17074074074074075;0.0;0.33;0.0;0.11;0.33;0.0;0.16666666666666666;0.16555555555555557;1.0;0.0;0.0;0.3333333333333333;0.33;0.0;0.33;0.22;0.0;1.0;1.0;0.6666666666666666;0.25;0.0;0.33;0.19333333333333336;0.0;0.0;0.4444444444444444;0.14814814814814814;0.33;0.5;0.41500000000000004;0.41500000000000004;1.0;1.0;1.0;1.0;1.0;1.0;1.0;1.0;1.0;1.0;1.0;1.0;1;0;1;1;1;7;8;7;8;8;7;8;7;8;8;7;8;8;7;8;8;1;2;3;450;30000;8000;8;6;1;8;9;8;8;7;1;1;8;6;8;7;8;7;7;2;1;2;1;2;1;8;7;7;4
"1-5-0 (2020-11-16)";"doi.org/10.14281/18241.1";2018;410;"KOR";732;"ROK";410071047;20180111;201712;201801;17.37;18.16;39;1;410011;410001;8;5;1;1;1047;2390;"ko";2;1;1.0;0.8032128514056225;41453.815261044176;1;1;1;3;2;3;1;1;2;1;1;1;2;2;2;2;2;1;2;1;2;1;2;2;2;2;3;3;2;4;3;2;2;1;1;1;3;3;4;3;4;3;2;3;2;2;1;2;2;2;8;7;6;4;4;4;4;4;3;2;1;1;1;3;4;3;2;3;3;2;3;4;2;2;3;4;3;2;2;3;3;2;3;4;3;3;2;2;3;3;2;3;2;9;3;1;2;0;0;0;0;0;0;0;0;0;0;0;0;9;7;5;9;8;2;9;4;3;4;4;3;3;0;8;3;2;0;0;1;1;1;2;2;3;2;4;4;4;4;4;4;4;1;2;2;1;1;2;2;1;1;1;1;1;2;1;3;4;3;1;2;8;7;4;8;3;7;6;2;2;2;2;4;3;6;7;3;2;2;4;4;2;4;2;4;6;4;6;9;5;3;8;6;2;4;3;5;4;8;4;4;4;2;2;5;1;1;1;1;1;2;1;2;2;3;2;2;3;2;3;2;3;3;2;1;1;-2;-2;-2;2;2;1;2;2;3;2;3;2;2;1;2;2;3;1;4;5;9;4;8;9;3;8;9;9;9;8;9;7;2;1;1;1;1;3;2;1;1996;21;1;1;1;1;1;410;410;410;1;4;2;2390;6;0;3;2;-3;-3;5;3;6;3;6;-3;-3;-3;3;-3;2;2;3;5;2;0;100000020;410004;3;2;1;0.7202777777777779;0.608888888888889;0.6933333333333334;0.5966666666666667;0.5;0.0;0.66;0.3866666666666667;0.66;1.0;0.8333333333333334;0.8311111111111112;1.0;1.0;1.0;1.0;0.66;1.0;0.33;0.6633333333333334;1.0;1.0;1.0;1.0;0.25;0.33;1.0;0.5266666666666667;0.5555555555555556;0.5555555555555556;0.8888888888888888;0.6666666666666666;0.66;0.5;0.5800000000000001;0.5800000000000001;1.0;1.0;1.0;1.0;1.0;1.0;1.0;1.0;1.0;1.0;1.0;1.0;1;1;0;0;1;8;6;8;6;2;8;1;2;3;3;7;7;5;7;4;8;-3;-3;2;430;36500;10000;-3;5;1;-3;-3;-3;8;3;2;3;6;4;8;3;5;5;3;1;6;3;3;2;2;8;3;7;-3
"1-5-0 (2020-11-16)";"doi.org/10.14281/18241.1";2018;410;"KOR";732;"ROK";410071048;20180111;201712;201801;17.38;18.12;34;1;410041;410007;8;5;2;1;1048;2390;"ko";2;1;1.0;0.8032128514056225;41453.815261044176;1;1;1;4;1;4;2;1;2;1;1;1;2;1;2;2;2;1;2;1;2;2;2;2;2;2;2;2;4;4;4;3;4;2;1;1;5;2;2;4;3;4;4;4;2;1;3;3;2;1;8;7;6;4;4;4;4;4;1;2;1;2;4;4;4;4;3;1;2;3;3;3;2;2;3;3;3;3;2;3;3;2;2;2;1;1;1;1;1;1;1;1;1;4;3;1;2;0;0;0;0;0;0;0;0;0;0;0;0;8;2;8;5;4;1;5;2;2;2;2;2;2;0;8;3;1;1;2;1;2;1;2;2;3;3;4;4;4;4;4;4;4;2;2;2;1;2;2;2;2;2;2;1;2;1;2;4;1;3;3;2;6;6;7;3;3;10;3;1;2;2;2;4;4;7;8;3;2;2;2;4;4;1;1;1;8;8;8;9;9;5;7;1;5;3;1;5;1;8;3;4;4;4;2;5;2;5;1;2;1;1;1;3;3;3;3;2;2;3;3;3;3;3;3;2;2;410002;410002;410002;1;4;2;4;2;2;4;4;1;1;2;2;3;4;3;4;3;8;1;10;8;1;10;3;1;7;10;8;8;2;2;2;2;2;3;3;2;1995;22;1;1;1;1;1;410;410;410;1;4;2;2390;6;0;3;2;-3;-3;6;3;6;3;6;-3;-3;-3;5;-3;2;1;3;5;2;0;100000020;410004;2;1;2;0.5541666666666666;0.7766666666666666;0.6828703703703703;0.8657407407407407;1.0;0.33;0.33;0.5533333333333333;1.0;1.0;1.0;1.0;1.0;0.0;0.0;0.3333333333333333;0.0;0.66;0.33;0.33;1.0;1.0;1.0;1.0;0.75;1.0;1.0;0.9166666666666666;0.7777777777777778;0.7777777777777778;0.8888888888888888;0.8148148148148148;0.0;0.0;0.0;0.0;1.0;1.0;1.0;1.0;1.0;1.0;1.0;1.0;1.0;1.0;1.0;1.0;0;0;0;1;1;7;7;5;7;6;7;5;5;5;5;5;7;5;7;5;7;-3;-3;2;500;25000;5000;-3;4;2;-3;-3;-3;8;1;1;2;5;5;6;1;5;5;5;2;3;2;4;1;3;8;1;5;-3
"1-5-0 (2020-11-16)";"doi.org/10.14281/18241.1";2018;410;"KOR";732;"ROK";410071049;20180111;201712;201801;17.45;18.55;70;1;410028;410004;8;5;2;1;1049;2390;"ko";2;1;1.0;0.8032128514056225;41453.815261044176;1;2;2;2;1;4;1;2;1;2;1;2;1;1;2;2;2;1;2;1;2;1;2;2;2;2;1;3;3;3;3;3;3;3;1;1;4;2;3;1;1;1;1;3;2;3;1;2;2;1;7;7;7;4;4;4;4;4;1;2;1;3;2;4;3;3;2;2;3;2;2;3;3;4;3;3;3;2;3;3;2;2;2;2;3;3;3;2;3;3;2;2;2;5;3;1;2;0;0;0;0;0;0;0;0;0;0;0;0;8;9;2;3;2;2;7;3;3;3;2;2;2;4;8;3;2;2;2;2;2;2;2;2;2;2;4;4;4;4;4;4;3;1;2;2;2;2;2;2;3;4;4;2;2;2;2;1;1;2;1;2;3;3;6;5;7;7;3;2;2;2;2;3;3;7;8;3;2;2;2;1;1;1;1;1;1;1;1;6;3;1;1;1;1;1;1;1;1;1;3;4;4;3;2;5;2;5;1;1;1;1;1;3;3;3;3;2;2;3;3;2;3;3;3;2;2;410002;410002;410002;2;3;4;2;3;4;3;2;3;3;2;3;3;4;3;4;4;10;3;10;10;1;10;9;1;10;10;7;7;2;2;1;1;2;3;4;1;1991;26;2;1;1;1;1;410;410;410;1;4;2;2390;6;0;6;3;-3;-3;3;2;5;3;1;-3;3;-3;3;2;2;1;3;5;2;0;100000020;410004;2;2;1;0.45666666666666667;0.6383333333333333;0.40587962962962965;0.395925925925926;0.5;0.33;0.0;0.27666666666666667;1.0;1.0;1.0;1.0;0.0;0.0;0.0;0.0;0.33;0.66;0.66;0.55;0.0;1.0;1.0;0.6666666666666666;0.5;0.66;0.66;0.6066666666666668;0.0;0.0;0.5555555555555556;0.1851851851851852;0.33;0.0;0.165;0.165;1.0;1.0;1.0;1.0;1.0;1.0;1.0;1.0;1.0;1.0;1.0;1.0;0;0;1;0;1;7;5;5;5;5;6;6;6;7;4;6;7;3;8;6;4;1;3;3;600;55000;7000;8;5;1;8;8;8;8;7;1;1;3;4;7;2;3;3;3;2;1;3;3;2;3;8;2;3;-3
"1-5-0 (2020-11-16)";"doi.org/10.14281/18241.1";2018;410;"KOR";732;"ROK";410071050;20180111;201712;201801;17.45;18.05;20;1;410041;410007;8;5;2;1;1050;2390;"ko";2;1;1.0;0.8032128514056225;41453.815261044176;1;2;3;3;4;4;2;2;1;1;2;1;1;1;2;2;2;1;2;1;1;1;2;1;2;2;2;3;3;4;3;3;3;3;1;1;3;3;5;3;2;2;2;3;2;2;1;2;2;2;6;5;6;4;4;4;4;4;1;1;1;2;2;3;4;4;3;4;3;4;3;2;2;1;1;3;2;3;2;1;1;3;2;3;2;2;2;2;3;2;4;3;2;4;3;1;2;0;1;2;0;0;0;0;1;0;0;1;0;8;8;8;5;6;1;4;2;3;2;2;1;2;3;7;2;0;1;1;0;2;1;2;2;3;3;4;3;4;4;4;3;4;1;1;2;1;1;2;2;2;2;3;2;2;1;2;1;1;3;1;4;7;6;6;6;4;6;4;2;2;2;2;3;4;7;8;3;1;1;4;2;4;2;2;3;2;3;5;6;4;4;6;4;2;3;2;4;6;6;3;4;4;3;3;3;2;5;1;5;1;3;1;2;2;2;3;1;3;3;2;1;2;3;3;3;3;410008;410008;410008;1;3;2;4;1;2;4;4;2;2;2;1;2;4;4;4;4;3;2;9;3;2;8;2;1;8;9;8;7;3;3;2;3;2;4;4;2;1971;46;4;2;1;1;1;410;410;410;1;3;1;2390;1;1;5;3;6;3;3;2;3;2;5;1;-3;3;5;-3;2;1;2;4;2;0;100000020;410004;0;1;1;0.7625000000000001;0.7483333333333334;0.3559259259259259;0.5451851851851852;0.5;0.66;0.33;0.49666666666666676;1.0;1.0;1.0;1.0;1.0;1.0;1.0;1.0;1.0;0.33;0.33;0.5533333333333333;0.0;0.0;1.0;0.3333333333333333;0.5;0.66;1.0;0.7200000000000001;0.1111111111111111;0.4444444444444444;0.5555555555555556;0.3703703703703704;0.0;0.0;0.0;0.0;1.0;1.0;1.0;1.0;1.0;1.0;1.0;1.0;1.0;1.0;1.0;1.0;0;0;0;0;0;5;5;6;4;4;3;4;4;5;4;4;8;3;8;6;5;-3;-3;3;397;52000;3000;-3;4;2;-3;-3;-3;7;5;1;1;5;5;6;5;8;5;6;3;3;3;3;2;2;6;4;8;4
"1-5-0 (2020-11-16)";"doi.org/10.14281/18241.1";2018;410;"KOR";732;"ROK";410071051;20180111;201712;201801;18.1;18.31;20;1;410028;410004;8;5;2;1;1051;2390;"ko";3;1;1.0;0.8032128514056225;41453.815261044176;1;2;1;2;1;2;1;2;1;2;2;2;1;2;1;2;1;1;2;1;2;2;2;1;2;2;1;2;1;1;2;1;2;1;1;1;2;1;1;2;1;2;1;1;1;3;1;2;2;2;7;8;7;4;4;4;4;4;3;2;1;3;3;3;3;3;1;2;2;1;2;1;2;1;2;1;2;1;2;1;2;1;2;1;2;2;1;2;1;2;1;2;1;7;2;2;2;0;0;0;0;0;0;0;0;0;0;0;0;8;7;8;7;8;2;3;2;1;2;2;2;1;2;8;2;1;2;1;1;2;1;2;1;2;2;4;4;4;3;4;4;4;2;1;2;4;4;2;2;4;4;4;2;1;1;3;4;3;4;3;2;7;8;7;7;8;7;8;1;1;1;1;3;2;7;4;1;1;1;8;7;7;8;1;1;1;1;1;1;1;1;1;1;1;1;1;1;1;1;4;4;4;3;3;5;1;2;2;1;2;1;1;3;3;3;3;3;2;3;2;2;3;2;2;2;2;410008;410008;410008;1;2;1;1;2;1;2;1;2;1;2;2;1;2;1;1;7;7;8;7;8;8;7;8;7;8;8;7;8;2;2;2;1;1;2;1;2;1977;40;3;2;1;1;1;410;410;410;1;4;2;2390;1;2;3;2;3;2;2;1;2;1;1;1;5;4;9;2;2;2;3;5;2;0;100000020;410004;4;2;-2;0.3183333333333333;0.36;0.18708333333333335;0.041666666666666664;0.5;0.33;0.0;0.27666666666666667;0.33;0.0;1.0;0.44333333333333336;1.0;0.0;0.0;0.3333333333333333;0.33;0.0;0.33;0.22;0.0;0.0;0.0;0.0;0.25;0.0;0.0;0.08333333333333333;0.0;0.0;0.0;0.0;0.33;1.0;0.665;0.665;1.0;1.0;1.0;1.0;1.0;1.0;1.0;1.0;1.0;1.0;1.0;1.0;1;0;1;1;1;7;8;7;8;8;7;8;7;8;8;7;7;8;8;8;7;1;4;3;350;15000;8000;8;5;2;9;8;8;7;8;1;1;8;7;8;7;8;7;7;2;3;2;1;1;1;8;7;7;4
"1-5-0 (2020-11-16)";"doi.org/10.14281/18241.1";2018;410;"KOR";732;"ROK";410071052;20180111;201712;201801;18.14;18.34;20;1;410041;410007;8;5;2;1;1052;2390;"ko";2;1;1.0;0.8032128514056225;41453.815261044176;1;2;2;3;4;1;1;2;2;1;1;1;2;2;2;2;1;1;2;1;2;1;2;1;2;2;2;2;2;3;2;3;2;1;2;1;3;3;4;2;2;3;3;2;2;1;2;3;2;2;8;6;5;4;4;4;4;4;1;2;2;2;2;3;2;3;2;2;3;3;3;3;3;2;3;4;3;3;2;3;2;3;2;2;2;2;1;1;2;2;2;1;2;7;3;3;1;2;0;0;0;0;0;0;0;0;0;0;0;8;5;3;5;5;1;8;2;2;3;3;3;1;2;8;3;2;2;0;0;0;2;1;2;3;2;4;4;4;4;4;4;4;1;1;2;2;2;2;2;2;1;2;2;2;1;2;3;3;1;1;3;8;7;6;5;4;8;7;1;1;1;1;3;3;1;2;1;1;1;6;3;3;2;3;2;1;1;1;5;3;1;2;1;1;1;3;2;2;1;3;2;2;2;2;5;1;5;2;5;3;5;3;3;3;3;3;3;3;3;3;3;3;3;3;1;1;410001;410001;410001;2;3;3;3;3;2;3;3;2;2;1;2;3;2;3;3;8;8;3;7;7;5;7;8;5;8;8;5;4;2;2;2;2;2;3;3;2;1956;61;5;3;1;1;1;410;410;410;1;2;1;2390;1;0;3;2;3;2;1;1;1;1;1;1;5;6;5;2;2;2;3;4;2;2;20000000;410004;2;1;-1;0.5258333333333334;0.27666666666666667;0.2862037037037037;0.28074074074074074;1.0;0.33;0.33;0.5533333333333333;0.0;0.0;0.0;0.0;1.0;1.0;1.0;1.0;0.33;0.66;0.66;0.55;0.0;1.0;0.0;0.3333333333333333;0.25;0.33;0.66;0.41333333333333333;0.0;0.0;0.4444444444444444;0.14814814814814814;0.0;0.5;0.25;0.25;1.0;1.0;1.0;1.0;1.0;1.0;1.0;1.0;1.0;1.0;1.0;1.0;1;0;0;0;1;7;5;5;6;4;5;4;3;3;8;7;8;8;5;8;5;2;3;3;380;35000;3000;6;4;1;6;6;4;7;5;1;1;5;3;4;6;5;5;2;2;2;2;3;1;3;4;6;5;4
"1-5-0 (2020-11-16)";"doi.org/10.14281/18241.1";2018;410;"KOR";732;"ROK";410071053;20180111;201712;201801;18.19;19.12;53;1;410041;410007;8;5;2;1;1053;2390;"ko";3;1;1.0;0.8032128514056225;41453.815261044176;1;2;2;4;2;4;2;2;1;1;1;1;1;2;2;2;2;1;2;1;1;1;2;1;2;2;2;2;3;3;3;2;2;1;1;1;4;2;3;3;2;3;3;3;2;1;1;2;2;2;7;6;7;4;4;4;4;4;1;2;1;3;2;3;4;4;2;2;2;2;2;2;2;2;3;3;2;2;2;2;2;2;2;2;1;1;1;1;1;1;1;1;1;7;3;1;2;0;0;0;0;0;0;0;0;0;0;0;0;8;7;6;6;5;2;5;2;2;2;2;2;2;3;6;3;2;1;2;0;0;2;0;0;2;2;3;2;2;4;4;3;3;1;2;2;2;2;2;2;2;3;4;2;1;1;3;2;2;3;3;2;7;6;7;6;6;5;5;2;2;2;2;4;4;7;8;3;2;2;4;2;1;1;1;1;2;1;1;6;6;1;6;2;2;1;2;3;2;2;4;4;4;3;3;5;1;5;1;5;1;2;2;2;2;2;2;2;2;3;3;2;2;3;3;2;2;-2;-2;-2;1;3;3;3;2;2;3;4;3;2;2;1;2;4;2;4;5;6;6;5;5;3;8;6;3;5;5;5;4;2;2;2;2;2;3;3;2;1992;25;2;1;1;1;1;410;410;410;1;4;2;2390;6;0;5;3;-3;-3;3;2;3;2;1;-3;3;-3;4;2;2;1;3;4;2;0;100000020;410004;4;2;0;0.4291666666666667;0.6933333333333334;0.5605555555555556;0.37277777777777776;0.5;0.33;0.33;0.3866666666666667;1.0;1.0;1.0;1.0;0.0;0.0;0.0;0.0;0.33;0.33;0.33;0.33;0.0;1.0;1.0;0.6666666666666666;0.25;0.66;0.66;0.5233333333333333;0.1111111111111111;0.0;0.5555555555555556;0.22222222222222224;0.66;1.0;0.8300000000000001;0.8300000000000001;1.0;1.0;1.0;1.0;1.0;1.0;1.0;1.0;1.0;1.0;1.0;1.0;1;1;0;1;1;5;5;6;7;5;4;3;4;5;5;5;5;4;7;6;6;1;4;3;450;30000;0;7;5;1;7;7;7;7;1;1;1;3;5;5;1;2;3;5;2;7;2;2;1;2;6;1;2;-3
"1-5-0 (2020-11-16)";"doi.org/10.14281/18241.1";2018;410;"KOR";732;"ROK";410071054;20180111;201712;201801;18.2;18.51;31;1;410041;410007;8;5;2;1;1054;2390;"ko";2;1;1.0;0.8032128514056225;41453.815261044176;1;2;2;2;1;4;2;1;1;1;2;2;1;1;2;2;2;1;2;1;2;2;2;2;2;2;2;3;3;4;3;3;3;3;1;1;4;2;3;4;4;4;4;4;2;2;2;3;2;1;7;7;5;4;4;4;4;4;1;2;1;2;2;3;3;3;3;1;2;2;3;2;2;2;3;3;2;2;2;2;2;2;2;1;1;1;1;1;1;1;1;1;1;6;3;2;1;0;0;0;0;0;0;0;0;0;0;0;0;8;3;8;5;3;1;6;2;3;3;2;2;2;4;8;3;1;1;2;1;2;1;2;2;2;3;4;3;4;4;4;3;4;2;2;2;1;2;2;2;2;3;3;1;2;1;2;4;3;1;2;1;7;7;5;4;6;10;1;1;2;2;2;4;4;7;8;3;2;1;6;5;5;1;1;1;5;5;5;5;8;3;5;1;3;3;1;5;1;7;3;4;4;3;2;5;1;2;1;2;1;2;1;2;3;2;3;2;2;3;1;3;3;3;3;1;1;-2;-2;-2;1;4;1;4;1;2;4;4;1;2;1;2;3;4;2;4;5;7;1;10;8;1;10;3;1;8;10;7;7;2;2;2;2;2;2;3;1;1985;32;2;2;1;1;1;410;410;410;1;3;1;2390;1;1;5;3;5;3;3;2;6;3;1;5;3;-5;3;2;1;1;3;4;2;0;100000020;410004;1;1;2;0.5266666666666666;0.7766666666666666;0.45777777777777773;0.5822222222222222;1.0;0.33;0.33;0.5533333333333333;1.0;1.0;1.0;1.0;1.0;0.0;0.0;0.3333333333333333;0.0;0.33;0.33;0.22;1.0;0.0;1.0;0.6666666666666666;0.5;0.66;1.0;0.7200000000000001;0.4444444444444444;0.4444444444444444;0.4444444444444444;0.4444444444444444;0.0;0.0;0.0;0.0;1.0;1.0;1.0;1.0;1.0;1.0;1.0;1.0;1.0;1.0;1.0;1.0;0;0;0;1;0;7;6;5;7;6;7;4;4;5;5;6;7;4;5;5;5;1;2;3;250;10000;4000;8;3;2;8;8;6;8;3;1;2;3;5;5;1;5;4;5;2;1;1;3;1;3;8;1;5;4
"1-5-0 (2020-11-16)";"doi.org/10.14281/18241.1";2018;410;"KOR";732;"ROK";410071055;20180111;201712;201801;18.29;18.58;28;1;410047;410013;7;4;3;1;1055;2390;"ko";3;1;1.0;0.8032128514056225;41453.815261044176;1;1;2;2;1;3;1;1;1;1;1;2;2;2;2;2;2;1;2;2;2;1;2;1;2;2;2;3;2;4;3;2;3;3;2;1;3;3;5;2;1;1;2;2;2;3;2;3;2;1;8;7;8;4;4;4;4;4;1;2;1;2;3;4;4;4;3;2;3;3;3;1;2;3;3;4;2;2;2;3;1;2;2;2;3;3;3;2;2;2;1;2;2;7;3;1;2;0;0;0;0;0;0;0;0;0;2;0;0;7;6;7;4;5;2;6;2;3;2;2;2;2;4;7;4;2;1;2;1;1;1;1;1;2;3;3;2;4;4;4;3;2;1;2;2;2;2;2;2;2;2;3;1;2;1;1;2;3;1;1;2;6;6;5;5;4;7;5;2;2;2;2;3;4;7;7;3;1;1;6;2;3;1;1;2;2;1;2;4;4;2;2;2;1;2;1;2;1;2;3;3;4;2;2;1;1;5;2;5;2;5;5;2;3;3;3;2;3;3;2;2;2;3;3;1;1;410001;410001;410001;2;4;2;1;2;2;3;4;1;1;2;1;3;4;4;2;6;7;1;7;7;2;9;4;1;7;9;6;6;2;2;1;2;1;4;4;1;1958;59;5;3;1;1;1;410;410;410;1;4;1;2390;1;2;2;1;2;1;1;1;1;1;3;2;4;5;9;2;1;2;5;2;1;0;100000020;410004;1;1;1;0.5816666666666667;0.72;0.4487962962962963;0.3975925925925926;1.0;0.33;0.33;0.5533333333333333;0.66;1.0;1.0;0.8866666666666667;1.0;0.0;1.0;0.6666666666666666;0.33;0.0;0.33;0.22;1.0;1.0;1.0;1.0;0.5;0.33;1.0;0.61;0.1111111111111111;0.1111111111111111;0.3333333333333333;0.1851851851851852;0.0;0.0;0.0;0.0;1.0;1.0;1.0;1.0;1.0;1.0;1.0;1.0;1.0;1.0;1.0;1.0;0;0;0;0;1;7;5;5;6;4;5;3;4;4;3;3;7;4;5;6;4;4;1;5;350;13000;2000;7;2;1;7;7;8;8;5;2;1;3;3;3;5;3;3;2;2;2;2;3;1;4;4;6;3;4
"1-5-0 (2020-11-16)";"doi.org/10.14281/18241.1";2018;410;"KOR";732;"ROK";410071056;20180111;201712;201801;18.46;19.07;21;1;410028;410004;8;5;2;1;1056;2390;"ko";2;1;1.0;0.8032128514056225;41453.815261044176;1;2;1;2;1;2;1;2;2;1;1;2;2;1;1;2;2;1;2;1;2;1;2;1;2;2;1;2;1;2;1;2;1;1;2;1;2;1;2;2;1;1;2;1;2;3;1;2;2;2;8;7;8;4;4;4;4;4;3;2;2;1;2;1;2;1;1;2;1;2;1;1;2;1;2;1;2;1;2;1;2;1;2;1;2;2;1;2;1;1;1;2;1;7;2;2;2;0;0;0;0;0;0;0;0;0;0;0;0;7;8;7;7;8;1;6;2;1;2;2;2;2;2;6;3;1;0;1;0;0;0;0;0;2;2;4;4;4;4;4;4;4;2;1;2;4;4;2;2;3;4;3;2;2;1;3;4;2;3;2;3;7;8;7;8;7;8;8;1;1;1;1;2;2;2;2;1;1;1;5;1;1;1;1;1;1;1;1;1;1;1;1;1;1;1;1;1;1;1;4;4;3;2;2;2;1;2;1;2;1;2;2;3;2;3;2;3;2;3;2;2;3;2;2;2;2;410002;410002;410002;2;1;1;2;1;2;1;2;1;1;2;2;1;2;1;2;7;7;8;7;8;7;8;8;7;8;8;7;8;2;2;2;1;2;1;2;1;1966;51;4;3;1;1;1;410;410;410;1;4;2;2390;1;2;3;2;3;2;0;1;1;1;1;1;5;3;9;3;2;2;3;6;2;0;100000020;410004;4;2;0;0.16555555555555557;0.22111111111111112;0.40166666666666667;0.055;0.5;0.33;0.0;0.27666666666666667;0.33;0.0;0.16666666666666666;0.16555555555555557;0.0;0.0;0.0;0.0;0.33;0.0;0.33;0.22;0.0;1.0;1.0;0.6666666666666666;0.0;0.0;0.33;0.11;0.0;0.0;0.0;0.0;0.66;1.0;0.8300000000000001;0.8300000000000001;1.0;1.0;1.0;1.0;1.0;1.0;1.0;1.0;1.0;1.0;1.0;1.0;1;1;0;1;1;7;7;8;7;8;8;7;8;7;8;7;7;8;7;8;8;1;4;3;450;35000;8000;8;6;1;9;8;8;8;7;1;1;6;7;8;7;6;7;6;2;1;2;1;2;1;8;7;7;4
"1-5-0 (2020-11-16)";"doi.org/10.14281/18241.1";2018;410;"KOR";732;"ROK";410071057;20180111;201712;201801;19.19;19.56;36;1;410011;410001;8;5;1;1;1057;2390;"ko";3;1;1.0;0.8032128514056225;41453.815261044176;1;1;1;3;2;3;2;1;2;1;1;1;2;1;2;2;2;1;2;1;2;1;2;2;2;2;4;3;3;4;3;4;3;3;1;1;3;3;2;3;3;2;1;3;1;3;1;3;2;2;8;9;7;4;4;4;4;4;1;2;1;1;2;4;3;4;2;3;2;2;3;4;4;2;3;4;2;2;3;2;3;4;4;3;3;3;4;3;2;3;3;4;3;9;3;1;2;0;0;0;0;0;0;0;0;0;0;0;0;9;8;3;8;8;2;9;3;3;4;4;3;3;0;9;3;2;2;2;2;1;1;2;2;3;2;4;4;4;4;4;4;4;1;2;2;1;1;2;2;1;1;1;1;1;2;1;3;3;2;1;2;8;7;8;8;6;7;6;2;2;2;2;4;4;7;8;3;2;2;7;4;2;3;3;2;6;5;5;8;6;6;8;3;4;3;2;6;4;8;3;4;4;2;2;5;1;2;1;1;1;2;2;2;3;2;2;2;3;3;3;2;3;3;3;1;1;-2;-2;-2;2;1;2;2;3;2;3;2;1;2;1;3;2;4;1;2;6;8;6;8;9;3;8;8;4;9;8;8;8;2;1;1;1;1;3;2;1;1996;21;1;1;1;1;1;410;410;410;1;4;2;2390;6;0;3;2;-3;-3;3;2;6;3;6;-3;-3;-3;4;-3;2;2;3;4;2;0;100000020;410004;3;2;2;0.86;0.7766666666666666;0.6818981481481482;0.6562962962962964;1.0;0.0;1.0;0.6666666666666666;0.66;1.0;1.0;0.8866666666666667;1.0;1.0;1.0;1.0;0.66;1.0;1.0;0.8866666666666667;1.0;1.0;1.0;1.0;0.5;0.66;1.0;0.7200000000000001;0.5555555555555556;0.4444444444444444;0.7777777777777778;0.5925925925925927;0.33;0.5;0.41500000000000004;0.41500000000000004;1.0;1.0;1.0;1.0;1.0;1.0;1.0;1.0;1.0;1.0;1.0;1.0;1;0;1;0;1;8;4;8;7;3;7;2;3;2;5;6;6;4;7;4;7;-3;-3;3;420;39500;13000;-3;4;1;-3;-3;-3;7;3;2;3;5;4;7;3;5;5;4;1;6;3;3;2;1;8;3;5;-3
"1-5-0 (2020-11-16)";"doi.org/10.14281/18241.1";2018;410;"KOR";732;"ROK";410071058;20180111;201712;201801;19.21;19.41;20;1;410045;410011;6;3;4;1;1058;2390;"ko";3;1;1.0;0.8032128514056225;41453.815261044176;2;2;1;2;2;3;2;1;2;1;1;2;1;1;2;2;2;1;2;1;2;1;2;1;1;2;3;2;3;3;2;3;2;1;2;1;5;2;4;3;3;2;3;3;3;1;1;2;3;2;6;5;5;4;4;4;4;4;1;1;1;1;2;2;2;2;3;3;2;2;2;2;1;2;2;2;2;2;1;3;1;1;1;1;2;2;2;2;2;2;2;2;2;6;3;1;2;0;2;1;0;0;0;0;0;0;0;0;0;8;2;2;2;2;1;3;2;2;2;2;3;1;2;3;3;2;2;2;1;0;2;1;2;3;1;4;4;4;4;4;4;4;2;2;2;1;2;2;2;3;3;3;1;1;1;3;1;2;3;1;2;9;9;3;5;5;9;3;2;2;2;2;3;4;7;8;3;2;2;3;2;2;2;1;1;5;3;6;8;6;2;2;1;2;2;1;1;1;5;3;4;4;2;2;5;1;1;1;2;1;1;1;1;1;1;2;1;2;3;3;1;1;3;3;1;1;410010;410010;410010;1;4;3;4;2;3;4;4;1;2;1;1;2;4;3;4;3;9;2;9;9;2;7;2;3;9;9;8;7;2;3;3;3;3;4;4;1;1985;32;2;2;1;1;1;410;410;410;1;1;1;2390;6;0;6;3;-3;-3;5;3;5;3;1;-3;4;-3;9;2;1;3;5;2;1;0;100000020;410004;3;2;2;0.5391666666666667;0.7466666666666668;0.7364814814814815;0.557962962962963;0.5;0.66;0.66;0.6066666666666668;0.66;1.0;1.0;0.8866666666666667;1.0;0.0;0.0;0.3333333333333333;0.66;0.33;0.0;0.33;1.0;1.0;1.0;1.0;0.25;0.66;0.66;0.5233333333333333;0.4444444444444444;0.5555555555555556;0.7777777777777778;0.5925925925925927;0.66;1.0;0.8300000000000001;0.8300000000000001;1.0;1.0;1.0;1.0;1.0;1.0;1.0;1.0;1.0;1.0;1.0;1.0;1;1;0;0;1;4;6;6;6;2;6;2;2;2;4;6;5;7;7;5;6;1;5;5;250;9000;500;5;1;3;5;5;4;6;2;1;5;1;6;4;1;1;1;5;2;5;3;2;2;2;5;1;1;-3
"1-5-0 (2020-11-16)";"doi.org/10.14281/18241.1";2018;410;"KOR";732;"ROK";410071059;20180111;201712;201801;19.22;19.58;35;1;410041;410007;8;5;2;1;1059;2390;"ko";2;1;1.0;0.8032128514056225;41453.815261044176;1;1;2;2;1;4;1;1;2;1;1;1;2;2;2;2;2;1;2;1;2;1;2;1;2;2;2;1;3;4;2;2;2;1;1;1;2;1;1;2;3;2;2;3;2;2;1;2;2;1;6;5;6;4;4;4;4;4;3;2;1;2;2;3;3;3;3;3;3;2;3;3;3;3;3;3;3;2;2;2;2;3;3;2;2;2;2;2;2;2;2;2;2;6;3;3;2;0;0;0;0;0;0;0;0;0;0;0;0;8;4;5;3;5;2;7;3;3;2;3;3;3;3;6;4;2;2;2;1;1;1;2;2;3;2;3;3;4;4;4;3;3;1;2;2;2;4;2;2;2;4;4;2;1;1;4;1;2;4;3;2;5;6;5;6;5;6;6;2;2;2;2;3;3;7;7;3;2;2;6;5;6;6;4;2;5;2;7;7;6;2;8;2;3;3;3;1;2;5;3;3;2;2;2;1;2;2;1;3;1;2;1;2;2;3;2;2;2;2;1;2;2;1;2;3;3;410002;410002;410002;2;3;2;3;2;3;2;2;2;2;3;1;3;3;2;3;5;6;5;5;7;4;4;5;4;5;9;6;6;3;3;2;2;3;3;3;1;1986;31;2;2;1;1;1;410;410;410;1;3;1;2390;1;1;6;3;6;3;2;1;2;1;1;1;3;3;3;2;1;1;3;5;2;0;100000020;410004;4;3;1;0.7891666666666668;0.7483333333333334;0.6823148148148148;0.6146296296296296;0.5;0.66;0.33;0.49666666666666676;1.0;1.0;1.0;1.0;1.0;1.0;1.0;1.0;0.66;0.66;0.66;0.66;1.0;1.0;1.0;1.0;0.25;0.66;1.0;0.6366666666666667;0.4444444444444444;0.6666666666666666;0.6666666666666666;0.5925925925925926;1.0;0.0;0.5;0.5;1.0;1.0;1.0;1.0;1.0;1.0;1.0;1.0;1.0;1.0;1.0;1.0;0;1;1;1;1;6;5;6;7;6;5;6;5;6;6;5;7;6;5;4;5;1;8;2;500;18000;3000;6;4;3;7;6;7;6;4;1;1;4;5;5;1;2;3;3;2;1;2;3;1;2;7;2;3;4
"1-5-0 (2020-11-16)";"doi.org/10.14281/18241.1";2018;410;"KOR";732;"ROK";410071060;20180111;201712;201801;19.23;19.51;28;1;410047;410013;7;4;3;1;1060;2390;"ko";3;1;1.0;0.8032128514056225;41453.815261044176;1;1;2;2;1;3;1;1;1;1;2;2;1;2;2;2;2;1;2;2;1;2;2;1;2;2;2;2;4;2;3;2;2;1;2;1;3;3;5;1;1;1;2;3;2;3;3;3;2;2;7;7;5;4;4;4;4;4;1;2;1;2;2;4;4;4;3;1;2;2;2;1;1;3;3;4;2;2;2;3;2;2;2;2;2;2;1;3;3;3;2;2;2;7;3;2;2;0;0;0;0;0;0;0;0;0;0;0;0;7;6;5;5;4;2;7;3;3;2;2;2;2;4;7;2;2;1;2;0;1;0;1;1;2;3;3;4;3;3;4;2;3;1;2;2;3;1;2;2;1;2;2;1;2;1;1;2;1;3;1;2;7;7;6;6;4;7;5;2;2;2;2;4;4;7;7;3;1;1;4;2;3;1;1;1;2;1;2;5;5;3;2;2;2;1;1;2;1;2;3;3;4;2;2;5;1;5;5;5;5;5;5;3;3;3;3;2;3;3;3;2;3;3;3;1;1;410001;410001;410001;2;3;3;2;2;2;3;4;1;1;2;2;4;4;2;4;7;6;1;9;8;2;9;8;2;8;9;7;7;2;1;1;1;1;2;2;1;1948;69;6;3;1;1;1;410;410;410;1;3;1;2390;1;3;1;1;1;1;0;1;1;1;3;2;5;5;9;2;1;2;3;3;1;0;100000020;410004;1;1;1;0.41583333333333333;0.665;0.3538888888888889;0.37444444444444447;1.0;0.0;0.33;0.44333333333333336;0.66;1.0;1.0;0.8866666666666667;1.0;0.0;0.0;0.3333333333333333;0.0;0.0;0.0;0.0;1.0;0.0;1.0;0.6666666666666666;0.25;1.0;0.33;0.5266666666666667;0.1111111111111111;0.1111111111111111;0.4444444444444444;0.22222222222222224;0.0;0.0;0.0;0.0;1.0;1.0;1.0;1.0;1.0;1.0;1.0;1.0;1.0;1.0;1.0;1.0;0;0;0;0;1;7;5;5;6;4;5;3;4;4;3;5;7;4;5;6;1;4;1;5;400;8000;0;7;2;1;7;7;8;8;5;2;1;2;2;3;6;2;2;1;1;2;3;3;1;4;3;5;2;4
"1-5-0 (2020-11-16)";"doi.org/10.14281/18241.1";2018;410;"KOR";732;"ROK";410071061;20180111;201712;201801;19.4;20.0;21;1;410041;410007;8;5;2;1;1061;2390;"ko";2;1;1.0;0.8032128514056225;41453.815261044176;1;2;2;4;4;4;1;1;2;2;2;1;1;1;2;2;2;1;2;1;1;1;2;1;2;2;1;2;2;3;3;2;2;1;1;1;2;1;4;3;2;2;3;2;2;1;2;1;2;2;7;6;5;4;4;4;4;4;1;2;1;3;2;4;4;4;3;4;2;1;4;2;1;1;3;1;2;1;2;3;2;2;3;2;3;3;3;2;3;2;2;1;2;7;3;1;2;0;0;1;0;0;0;0;0;0;1;1;0;7;4;3;7;8;1;4;2;1;2;2;1;2;3;6;3;2;1;2;1;2;0;1;1;2;2;4;4;4;4;4;3;4;1;1;2;2;2;2;2;2;2;4;2;2;1;1;3;3;1;2;1;6;7;5;4;5;7;4;1;1;2;2;4;4;6;7;2;1;1;4;4;6;3;3;2;2;1;2;5;2;1;4;3;2;2;1;1;4;3;3;4;3;3;2;5;1;5;2;5;2;5;1;2;2;3;3;2;3;3;3;2;2;3;3;3;2;410002;410002;410002;1;2;2;3;2;2;3;4;1;3;2;2;2;4;3;4;4;3;2;8;3;2;9;3;2;8;8;9;8;2;2;1;2;2;3;3;2;1952;65;6;3;1;1;1;410;410;410;1;2;1;2390;1;3;3;2;3;2;1;1;1;1;5;1;-3;5;6;-3;1;2;2;5;2;0;100000020;410004;2;1;2;0.6244444444444445;0.5272222222222223;0.38805555555555554;0.31777777777777777;0.0;0.33;0.0;0.11;1.0;1.0;0.8333333333333334;0.9444444444444445;1.0;1.0;1.0;1.0;1.0;0.33;0.0;0.44333333333333336;1.0;0.0;1.0;0.6666666666666666;0.25;0.33;0.66;0.41333333333333333;0.1111111111111111;0.1111111111111111;0.4444444444444444;0.22222222222222224;0.0;0.5;0.25;0.25;1.0;1.0;1.0;1.0;1.0;1.0;1.0;1.0;1.0;1.0;1.0;1.0;1;0;0;1;0;6;7;4;6;4;7;3;3;7;3;4;5;5;5;7;7;-3;-3;2;370;45000;0;-3;5;1;-3;-3;-3;7;5;1;1;6;7;8;5;5;6;7;3;1;3;2;2;3;8;5;5;4
"1-5-0 (2020-11-16)";"doi.org/10.14281/18241.1";2018;410;"KOR";732;"ROK";410071062;20180111;201712;201801;19.58;20.28;31;1;410028;410004;8;5;2;1;1062;2390;"ko";3;1;1.0;0.8032128514056225;41453.815261044176;1;1;1;2;1;4;1;2;1;1;2;2;1;1;2;2;2;1;2;1;2;1;2;2;2;2;2;3;2;3;4;3;4;2;1;1;4;2;2;3;2;1;1;4;1;3;1;2;3;2;5;5;3;4;4;4;4;4;3;2;1;3;2;4;4;4;3;3;3;3;3;3;3;3;3;3;3;2;3;3;2;2;3;3;2;2;2;2;3;3;3;2;2;4;3;1;2;0;0;0;0;0;0;0;0;0;0;0;0;6;6;3;3;5;2;4;2;3;2;2;2;2;3;8;3;2;2;2;2;1;2;2;1;2;3;3;3;3;4;4;3;3;1;2;2;2;2;2;2;3;4;4;2;2;2;1;2;3;1;1;2;10;10;5;6;4;8;3;2;2;2;2;3;3;7;8;3;2;2;3;1;1;1;1;1;1;1;1;4;2;1;1;1;1;1;1;1;1;1;3;4;3;2;2;1;1;2;1;5;1;5;1;3;3;3;3;2;1;3;2;3;3;3;3;1;1;410002;410002;410002;2;3;3;3;2;2;3;3;3;2;2;3;2;4;2;3;5;9;4;8;9;2;9;9;1;10;10;7;7;2;2;1;2;2;3;4;1;1985;32;2;2;1;1;1;410;410;410;1;3;1;2390;1;1;6;3;6;3;3;2;6;3;1;5;3;-5;3;2;1;1;3;4;2;0;100000020;410004;1;1;1;0.5116666666666667;0.6933333333333334;0.2561111111111111;0.3455555555555556;0.5;0.33;0.33;0.3866666666666667;1.0;1.0;1.0;1.0;0.0;0.0;0.0;0.0;0.66;0.66;0.66;0.66;0.0;0.0;1.0;0.3333333333333333;0.75;0.33;0.66;0.5800000000000001;0.0;0.0;0.3333333333333333;0.1111111111111111;0.0;0.0;0.0;0.0;1.0;1.0;1.0;1.0;1.0;1.0;1.0;1.0;1.0;1.0;1.0;1.0;0;0;0;0;1;4;5;5;4;3;6;3;3;5;6;6;5;2;6;5;3;1;5;3;320;25000;7000;5;3;2;5;6;7;6;3;1;1;3;3;8;2;3;3;3;3;1;2;2;2;2;7;2;3;4
"1-5-0 (2020-11-16)";"doi.org/10.14281/18241.1";2018;410;"KOR";732;"ROK";410071063;20180111;201712;201801;20.03;20.51;48;1;410011;410001;8;5;1;1;1063;2390;"ko";3;1;1.0;0.8032128514056225;41453.815261044176;1;2;2;3;3;4;2;2;2;1;1;1;1;1;2;2;2;1;2;1;1;1;2;1;2;2;2;2;3;3;3;2;2;1;1;1;3;3;4;3;3;2;2;2;2;1;1;2;2;1;8;7;6;4;4;4;4;4;1;2;1;3;2;3;4;4;2;2;2;2;2;2;2;2;3;4;2;2;2;2;2;2;2;2;1;1;1;1;1;1;1;1;1;6;3;1;2;0;0;0;0;0;0;0;0;0;0;0;0;7;6;7;6;6;2;7;2;2;2;2;2;2;2;7;3;1;1;2;0;0;2;1;1;2;2;3;2;2;4;4;3;3;1;2;2;2;2;2;2;2;3;4;2;1;1;3;1;3;2;3;2;6;6;3;5;6;6;5;1;2;2;2;4;4;7;8;3;2;2;2;2;2;1;1;1;1;2;2;6;6;3;5;1;2;2;3;2;2;2;4;4;4;3;2;5;1;5;1;5;1;2;2;2;2;2;2;2;2;2;2;2;2;3;3;1;1;410002;410002;410002;1;3;2;3;3;3;3;1;2;2;2;1;2;4;2;4;6;5;7;5;5;6;6;5;6;6;5;5;6;2;2;2;2;2;3;3;2;1990;27;2;1;1;1;1;410;410;410;1;4;2;2390;6;2;6;3;-3;-3;3;2;6;3;1;-3;3;-3;3;2;2;1;2;7;2;0;100000020;410004;4;2;1;0.5125;0.6933333333333334;0.5193055555555556;0.37277777777777776;0.5;0.33;0.33;0.3866666666666667;1.0;1.0;1.0;1.0;1.0;0.0;0.0;0.3333333333333333;0.33;0.33;0.33;0.33;0.0;1.0;1.0;0.6666666666666666;0.25;0.66;0.66;0.5233333333333333;0.0;0.1111111111111111;0.5555555555555556;0.22222222222222224;0.33;1.0;0.665;0.665;1.0;1.0;1.0;1.0;1.0;1.0;1.0;1.0;1.0;1.0;1.0;1.0;1;0;1;1;1;6;5;6;6;6;3;3;3;3;5;3;7;4;7;6;6;1;4;2;600;60000;0;7;7;1;7;7;7;8;1;1;1;5;6;6;1;2;3;4;2;1;2;2;1;3;8;1;4;-3
"1-5-0 (2020-11-16)";"doi.org/10.14281/18241.1";2018;410;"KOR";732;"ROK";410071064;20180111;201712;201801;20.03;20.27;24;1;410047;410013;7;4;3;1;1064;2390;"ko";3;1;1.0;0.8032128514056225;41453.815261044176;1;1;2;2;1;1;1;2;1;1;1;2;2;2;1;2;2;1;2;2;2;2;2;1;2;2;2;2;2;3;3;2;3;3;2;1;3;3;4;2;2;1;3;3;2;3;3;3;3;2;4;4;4;4;4;4;4;4;3;2;1;3;3;4;4;4;2;1;3;3;3;1;2;3;4;4;2;2;2;3;2;3;3;2;3;3;2;3;3;3;2;2;2;7;3;2;2;2;0;0;0;0;0;0;0;0;0;0;0;4;5;5;4;6;2;6;3;4;2;2;2;2;4;8;3;2;1;2;0;2;1;1;1;2;4;2;2;4;4;4;2;3;1;2;2;1;1;2;2;2;2;3;1;2;1;1;2;3;1;1;2;7;7;5;5;4;7;8;1;1;1;1;3;4;1;1;1;1;2;3;2;3;1;2;2;3;2;2;4;5;2;2;2;2;2;1;2;1;2;3;3;4;3;3;5;1;5;1;5;1;5;2;2;3;2;3;2;3;3;3;2;2;3;3;4;4;-2;-2;-2;2;3;4;2;2;1;2;4;2;1;2;1;4;3;2;3;5;8;2;9;8;2;9;8;3;8;9;6;6;2;2;1;1;2;3;4;1;1998;19;1;1;1;1;1;410;410;410;1;1;1;2390;6;0;4;2;-3;-3;2;1;3;2;1;-3;7;-3;-5;2;1;2;3;2;1;2;20000000;410004;1;1;-1;0.41583333333333333;0.27666666666666667;0.34638888888888886;0.35944444444444446;1.0;0.33;0.33;0.5533333333333333;0.0;0.0;0.0;0.0;1.0;1.0;1.0;1.0;0.0;0.0;0.33;0.11;0.0;1.0;1.0;0.6666666666666666;0.5;0.33;0.66;0.49666666666666676;0.2222222222222222;0.1111111111111111;0.3333333333333333;0.2222222222222222;0.0;0.0;0.0;0.0;1.0;1.0;1.0;1.0;1.0;1.0;1.0;1.0;1.0;1.0;1.0;1.0;0;0;0;0;1;4;5;5;4;2;5;2;2;2;2;3;6;3;3;6;2;2;2;3;150;300;0;5;2;3;5;5;4;5;1;2;1;3;2;3;1;5;3;3;2;3;3;2;1;3;3;1;5;-3
"1-5-0 (2020-11-16)";"doi.org/10.14281/18241.1";2018;410;"KOR";732;"ROK";410071065;20180111;201712;201801;20.09;20.3;21;1;410045;410011;6;3;4;1;1065;2390;"ko";3;1;1.0;0.8032128514056225;41453.815261044176;1;2;2;2;2;2;1;1;2;1;2;1;1;2;2;2;2;1;2;1;2;1;2;1;1;2;2;2;2;2;2;2;2;1;2;1;2;1;4;2;3;2;2;3;3;3;1;1;3;2;6;6;6;4;4;4;4;4;1;2;1;1;2;3;3;3;3;3;2;2;3;2;1;3;3;2;2;2;2;3;2;3;3;3;3;3;3;3;3;3;3;3;3;7;3;2;2;1;1;0;1;0;0;0;0;0;1;0;0;9;7;2;2;2;1;4;2;3;2;2;2;1;0;4;3;2;2;1;1;0;2;1;1;3;2;4;4;4;4;4;3;4;2;2;2;1;2;2;2;3;3;4;1;1;2;1;3;2;3;1;2;9;9;3;5;5;9;3;1;1;1;1;4;4;2;4;1;2;2;5;2;2;2;2;1;5;1;6;7;7;5;4;1;1;1;1;1;1;6;3;4;4;2;2;5;1;1;5;5;5;5;1;2;2;3;3;2;2;3;3;3;3;3;3;1;1;-2;-2;-2;1;4;4;4;1;1;4;4;1;1;1;2;2;4;3;3;8;9;2;9;9;2;7;2;2;9;8;8;8;2;2;2;2;3;3;3;1;1956;61;5;3;1;1;1;410;410;410;1;5;1;2390;5;3;3;2;-3;-3;1;1;2;1;3;-3;7;-5;9;2;1;2;5;4;2;2;20000000;410004;3;2;1;0.34555555555555556;0.19277777777777777;0.5263888888888889;0.4294444444444445;0.0;0.33;0.33;0.22;0.33;0.0;0.16666666666666666;0.16555555555555557;1.0;1.0;0.0;0.6666666666666666;0.66;0.33;0.0;0.33;1.0;0.0;1.0;0.6666666666666666;0.25;0.33;0.33;0.3033333333333334;0.4444444444444444;0.5555555555555556;0.6666666666666666;0.5555555555555556;0.66;0.5;0.5800000000000001;0.5800000000000001;1.0;1.0;1.0;1.0;1.0;1.0;1.0;1.0;1.0;1.0;1.0;1.0;1;1;0;0;1;6;7;7;6;3;7;2;2;2;4;3;6;5;5;6;6;4;1;5;500;32000;9000;7;3;1;7;7;6;7;6;1;1;1;1;5;1;3;1;1;4;3;3;2;2;2;5;1;5;-5
"1-5-0 (2020-11-16)";"doi.org/10.14281/18241.1";2018;410;"KOR";732;"ROK";410071066;20180111;201712;201801;20.14;20.4;25;1;410041;410007;8;5;2;1;1066;2390;"ko";3;1;1.0;0.8032128514056225;41453.815261044176;1;2;2;3;1;3;2;1;1;2;1;1;2;1;2;2;2;1;2;1;2;1;2;1;2;2;1;2;2;2;1;3;4;2;2;1;4;2;4;2;2;2;1;2;1;3;1;2;2;1;7;6;6;3;4;4;4;4;2;2;1;2;2;3;2;3;3;3;3;3;3;3;3;2;3;3;3;3;3;3;2;3;2;2;2;2;2;2;2;2;1;1;1;5;3;1;2;0;0;0;0;0;0;0;0;0;0;0;0;5;5;6;5;6;2;5;3;3;2;3;3;3;2;6;3;2;2;2;1;1;1;2;2;2;2;4;4;4;4;4;3;3;1;2;2;2;3;2;2;4;4;4;2;1;1;3;1;2;3;1;2;6;5;7;6;4;4;7;2;2;2;2;3;3;6;7;2;2;1;6;3;2;2;2;2;5;2;7;6;5;2;8;3;3;3;4;3;2;4;2;3;3;3;2;2;1;2;2;2;1;2;3;2;2;2;3;2;2;3;3;2;2;2;2;3;2;410002;410002;410002;2;2;1;3;2;2;2;2;1;2;3;2;4;2;3;3;6;6;2;8;4;7;7;3;3;3;4;4;3;2;2;2;2;2;3;3;1;1991;26;2;1;1;1;1;410;410;410;1;4;2;2390;6;0;5;3;-3;-3;3;2;3;2;6;-3;-3;-3;6;-3;2;3;3;4;2;0;100000020;410004;3;2;2;0.6919444444444445;0.553888888888889;0.7138888888888889;0.5127777777777778;0.5;0.33;0.0;0.27666666666666667;0.66;1.0;0.8333333333333334;0.8311111111111112;1.0;1.0;1.0;1.0;0.66;0.66;0.66;0.66;1.0;1.0;1.0;1.0;0.75;0.33;0.33;0.47000000000000003;0.4444444444444444;0.6666666666666666;0.5555555555555556;0.5555555555555556;0.66;1.0;0.8300000000000001;0.8300000000000001;1.0;1.0;1.0;1.0;1.0;1.0;1.0;1.0;1.0;1.0;1.0;1.0;1;1;0;0;1;6;6;5;6;7;7;5;6;6;7;5;8;6;4;7;3;-3;-3;3;380;28000;3000;7;5;1;6;6;7;7;1;1;1;2;3;6;1;2;2;3;2;1;2;2;1;3;8;2;3;-3
"1-5-0 (2020-11-16)";"doi.org/10.14281/18241.1";2018;410;"KOR";732;"ROK";410071067;20180111;201712;201801;20.31;20.59;29;1;410011;410001;8;5;1;1;1067;2390;"ko";2;1;1.0;0.8032128514056225;41453.815261044176;1;2;2;2;1;2;1;1;1;1;1;2;2;2;2;2;2;1;2;1;2;1;2;2;2;2;2;3;2;3;2;2;2;1;1;1;2;1;3;3;2;2;3;2;1;2;2;3;2;2;8;7;7;2;2;3;3;2;3;2;2;2;3;3;3;3;2;1;1;2;2;3;2;2;2;3;3;2;3;2;2;3;2;2;2;2;1;1;1;1;2;1;1;7;1;1;1;0;0;0;0;0;0;0;0;0;0;0;0;8;7;7;8;7;1;6;2;1;2;1;2;1;2;8;3;1;2;1;2;1;1;2;2;2;2;2;1;2;1;2;2;2;1;1;2;2;3;2;2;2;3;3;2;1;2;1;2;3;1;1;2;8;7;8;7;8;7;7;1;2;2;2;2;1;7;8;3;2;2;4;7;4;1;2;1;1;2;4;1;3;2;1;2;1;2;1;2;1;2;1;2;3;2;2;3;1;3;1;4;1;4;2;2;2;3;3;3;3;3;3;2;2;3;3;1;1;410002;410002;410002;2;2;1;2;3;3;3;2;2;2;1;2;2;3;2;2;4;6;7;6;7;8;7;8;8;7;8;7;8;2;2;1;1;1;2;2;1;1954;63;5;3;1;1;1;410;410;410;1;3;1;2390;1;1;3;2;3;2;3;2;3;2;1;5;4;-5;9;2;1;2;3;5;2;0;100000020;410004;1;1;1;0.5816666666666667;0.665;0.3811111111111111;0.26222222222222225;1.0;0.33;0.33;0.5533333333333333;0.33;1.0;1.0;0.7766666666666667;1.0;1.0;0.0;0.6666666666666666;0.0;0.66;0.33;0.33;1.0;1.0;1.0;1.0;0.25;0.33;0.66;0.41333333333333333;0.0;0.3333333333333333;0.0;0.1111111111111111;0.0;0.0;0.0;0.0;1.0;1.0;1.0;1.0;1.0;1.0;1.0;1.0;1.0;1.0;1.0;1.0;0;0;0;0;1;8;7;8;8;8;8;7;8;8;8;8;7;7;8;7;7;4;1;2;400;20000;1000;8;5;1;7;8;7;7;8;1;1;3;5;9;2;2;3;3;2;1;2;3;3;3;8;2;2;4
"1-5-0 (2020-11-16)";"doi.org/10.14281/18241.1";2018;410;"KOR";732;"ROK";410071068;20180111;201712;201801;20.33;20.54;22;1;410045;410011;6;3;4;1;1068;2390;"ko";3;2;1.0;0.8032128514056225;41453.815261044176;2;1;1;2;2;3;2;1;2;1;1;1;1;2;2;2;2;1;2;1;2;1;2;1;1;2;2;2;2;3;3;3;4;2;2;1;4;2;3;4;3;2;2;3;3;1;1;3;2;1;7;7;6;4;4;4;4;4;1;1;1;1;2;3;2;2;3;4;2;2;2;2;2;2;2;3;2;1;1;3;2;1;1;3;2;2;2;2;2;2;2;2;2;8;3;1;2;0;0;0;0;0;1;0;1;0;0;0;0;9;2;2;2;4;1;6;2;3;2;2;2;1;0;3;4;2;2;2;1;0;1;0;2;1;1;4;4;4;4;4;4;4;2;2;2;1;2;2;2;2;2;4;1;1;1;3;1;2;3;3;2;9;9;3;5;5;9;2;2;2;2;2;4;4;7;8;3;2;2;3;1;2;1;1;1;4;1;5;7;7;2;5;1;1;2;2;1;2;5;2;4;4;2;2;5;1;1;1;1;1;1;1;2;2;1;3;2;2;3;3;2;2;2;2;1;1;410002;410002;410002;1;4;4;4;1;1;4;4;1;2;1;2;1;4;2;3;2;9;2;9;9;2;7;2;2;10;10;9;8;2;2;2;2;2;2;2;2;1994;23;1;1;1;1;1;410;410;410;1;4;2;2390;6;0;3;2;-3;-3;5;3;6;3;6;-3;-3;-3;2;-3;2;2;3;6;2;0;100000020;410004;4;2;1;0.5816666666666667;0.72;0.7228703703703704;0.5307407407407407;1.0;0.33;0.33;0.5533333333333333;0.66;1.0;1.0;0.8866666666666667;1.0;0.0;0.0;0.3333333333333333;1.0;0.33;0.33;0.5533333333333333;1.0;1.0;1.0;1.0;0.75;0.33;0.66;0.5800000000000001;0.3333333333333333;0.4444444444444444;0.6666666666666666;0.48148148148148145;0.66;1.0;0.8300000000000001;0.8300000000000001;1.0;1.0;1.0;1.0;1.0;1.0;1.0;1.0;1.0;1.0;1.0;1.0;1;1;0;1;1;7;6;6;5;3;6;2;2;2;4;5;7;6;5;5;4;-3;-3;3;700;40000;18000;-3;5;1;-3;-3;-3;7;1;1;5;2;3;7;2;2;2;3;1;1;3;2;2;2;7;2;2;-3
"1-5-0 (2020-11-16)";"doi.org/10.14281/18241.1";2018;410;"KOR";732;"ROK";410071069;20180111;201712;201801;20.43;21.06;23;1;410047;410013;7;4;3;1;1069;2390;"ko";3;2;1.0;0.8032128514056225;41453.815261044176;1;1;1;2;1;3;1;1;1;1;1;2;2;2;2;2;2;1;2;2;1;1;2;1;2;2;2;2;2;4;3;2;3;3;1;1;4;2;4;2;2;1;2;3;2;3;3;3;2;1;8;7;5;4;4;4;4;4;1;2;1;2;3;4;4;4;3;2;3;3;3;1;2;3;4;4;2;2;2;3;1;2;2;2;2;2;1;3;1;2;1;1;2;8;3;1;2;0;0;0;0;0;0;0;0;0;1;0;0;7;6;8;3;5;1;7;3;3;3;2;2;2;3;7;4;2;2;2;1;1;1;1;1;2;4;3;3;4;3;4;2;3;1;1;2;2;2;2;2;2;2;3;1;2;1;1;2;3;1;1;2;7;7;5;5;3;7;3;2;2;2;2;4;4;7;7;3;1;1;3;2;3;2;1;2;3;2;3;5;5;3;3;2;1;1;1;2;1;2;3;3;4;3;3;5;1;5;1;5;2;5;2;2;2;2;3;2;3;3;2;2;2;3;3;1;1;410010;410010;410010;2;3;4;2;1;1;2;4;2;1;2;1;3;3;2;4;4;8;1;9;9;2;9;6;2;7;9;6;6;2;3;2;2;2;4;4;2;1987;30;2;2;1;1;1;410;410;410;1;1;1;2390;6;0;5;3;-3;-3;3;2;3;2;1;-3;5;-3;7;2;1;1;3;3;1;0;100000020;410004;1;1;1;0.6091666666666667;0.7750000000000001;0.47657407407407404;0.45314814814814813;1.0;0.66;0.33;0.6633333333333334;0.66;1.0;1.0;0.8866666666666667;1.0;0.0;1.0;0.6666666666666666;0.33;0.0;0.33;0.22;1.0;1.0;1.0;1.0;0.5;0.33;1.0;0.61;0.2222222222222222;0.2222222222222222;0.4444444444444444;0.2962962962962963;0.0;0.0;0.0;0.0;1.0;1.0;1.0;1.0;1.0;1.0;1.0;1.0;1.0;1.0;1.0;1.0;0;0;0;0;1;6;5;5;6;4;5;4;3;3;3;4;8;4;6;5;2;1;3;3;230;4000;0;7;4;3;7;7;6;8;4;1;1;4;5;3;1;3;4;5;1;5;3;2;1;4;3;1;3;-3
"1-5-0 (2020-11-16)";"doi.org/10.14281/18241.1";2018;410;"KOR";732;"ROK";410071070;20180111;201712;201801;21.01;21.27;26;1;410041;410007;8;5;2;1;1070;2390;"ko";2;1;1.0;0.8032128514056225;41453.815261044176;1;1;2;2;1;3;2;1;2;1;1;1;1;2;2;2;2;1;2;1;2;1;2;1;2;2;2;1;2;2;3;2;2;1;1;1;2;1;4;2;2;3;3;2;2;2;2;2;2;1;7;6;6;4;4;4;4;4;2;2;1;2;2;2;2;2;3;3;3;2;3;2;3;2;3;3;3;3;3;3;2;2;3;3;2;2;2;2;2;2;2;2;2;7;3;3;2;0;0;0;0;0;0;0;0;0;0;0;0;7;6;7;6;7;1;7;3;3;3;3;4;2;3;7;3;1;2;2;2;2;1;2;2;3;3;3;2;3;3;4;3;3;1;2;2;2;3;2;2;2;2;4;2;1;1;2;3;2;4;1;3;8;6;7;6;8;5;5;2;2;2;2;3;3;7;6;2;2;1;3;1;2;3;3;4;4;3;3;5;4;2;7;7;2;3;3;2;2;2;3;3;2;3;2;2;4;3;1;2;2;3;3;2;2;1;2;2;2;2;1;2;2;2;1;1;1;410002;410002;410002;2;2;3;2;3;1;2;3;1;3;1;3;3;4;3;2;6;7;2;8;8;3;3;7;4;5;5;5;5;2;2;2;2;2;3;3;1;1975;42;3;2;1;1;1;410;410;410;1;3;1;2390;1;1;6;3;6;3;1;1;1;1;1;4;3;-5;10;2;1;1;3;5;2;0;100000020;410004;4;3;1;0.7058333333333333;0.6366666666666667;0.5966666666666667;0.31833333333333336;0.5;0.33;0.33;0.3866666666666667;0.66;1.0;1.0;0.8866666666666667;1.0;1.0;1.0;1.0;0.66;0.33;0.66;0.5499999999999999;1.0;1.0;1.0;1.0;0.25;0.33;0.33;0.3033333333333334;0.3333333333333333;0.2222222222222222;0.4444444444444444;0.3333333333333333;1.0;0.5;0.75;0.75;1.0;1.0;1.0;1.0;1.0;1.0;1.0;1.0;1.0;1.0;1.0;1.0;1;1;1;0;1;7;7;5;6;6;7;5;6;6;7;6;8;6;5;6;7;1;6;3;400;40000;15000;6;6;1;7;6;7;8;3;1;3;3;3;6;1;2;2;3;3;1;2;3;1;2;7;1;2;4
"1-5-0 (2020-11-16)";"doi.org/10.14281/18241.1";2018;410;"KOR";732;"ROK";410071071;20180111;201712;201801;21.09;21.48;39;1;410041;410007;8;5;2;1;1071;2390;"ko";1;1;1.0;0.8032128514056225;41453.815261044176;1;2;2;3;1;4;2;2;1;1;1;2;1;1;2;2;2;1;2;1;2;2;2;2;2;2;3;3;3;3;3;3;4;2;1;1;5;2;3;3;4;4;4;4;2;2;2;2;2;1;9;8;5;4;4;4;4;4;1;2;1;2;3;3;3;3;3;1;1;2;2;2;2;2;2;2;2;2;1;2;1;2;2;2;1;1;1;1;1;1;1;1;1;4;3;2;2;0;0;0;0;0;0;0;0;0;0;0;0;9;3;7;6;4;1;4;2;2;3;2;2;2;4;7;3;1;1;2;1;2;1;2;2;3;3;4;3;4;4;4;3;4;2;2;2;2;2;2;2;2;2;3;1;2;1;2;3;1;3;1;3;6;5;7;5;6;10;1;1;1;2;2;4;4;7;8;3;1;1;4;2;2;1;1;1;5;5;5;8;8;5;5;1;3;3;1;5;1;7;3;4;4;3;2;5;1;2;1;2;1;1;1;2;3;2;3;2;2;3;2;3;3;3;3;1;1;-2;-2;-2;1;4;2;4;2;2;4;4;2;2;1;2;3;4;3;4;4;8;1;10;9;1;9;3;1;8;10;8;8;2;2;2;2;2;2;2;2;1975;42;3;2;1;1;1;410;410;410;1;3;1;2390;1;1;3;2;6;3;3;2;3;2;1;1;3;4;5;2;2;1;3;5;2;0;100000020;410004;2;1;1;0.5125000000000001;0.7483333333333334;0.5405555555555556;0.6227777777777779;0.5;0.33;0.66;0.49666666666666676;1.0;1.0;1.0;1.0;1.0;0.0;0.0;0.3333333333333333;0.0;0.33;0.33;0.22;0.0;1.0;1.0;0.6666666666666666;0.75;0.66;0.66;0.6900000000000001;0.4444444444444444;0.4444444444444444;0.7777777777777778;0.5555555555555556;0.0;0.5;0.25;0.25;1.0;1.0;1.0;1.0;1.0;1.0;1.0;1.0;1.0;1.0;1.0;1.0;1;0;0;0;1;7;6;5;7;6;7;5;5;5;4;4;7;4;8;5;4;1;4;2;500;30000;10000;8;5;1;8;8;8;8;5;1;2;3;5;7;1;5;4;5;2;6;2;3;1;2;7;1;5;4
"1-5-0 (2020-11-16)";"doi.org/10.14281/18241.1";2018;410;"KOR";732;"ROK";410071072;20180111;201712;201801;21.2;21.48;28;1;410026;410002;8;5;2;1;1072;2390;"ko";2;1;1.0;0.8032128514056225;41453.815261044176;1;2;1;3;1;4;1;2;1;1;1;2;1;2;2;2;2;1;2;1;2;2;2;2;2;2;2;2;2;2;2;2;2;1;1;1;4;2;2;2;2;2;2;2;2;3;1;3;2;2;8;8;8;4;4;4;4;4;1;2;1;2;2;2;2;2;2;2;2;2;3;2;2;2;3;4;2;2;2;2;2;2;2;3;2;2;2;2;2;2;2;2;2;7;3;1;2;0;0;0;0;0;0;0;0;0;0;0;0;7;7;7;7;7;1;6;2;2;2;2;2;2;2;5;3;2;2;2;0;0;2;2;2;1;2;4;4;4;4;4;4;4;1;2;2;3;3;2;2;2;3;4;2;2;1;1;2;3;1;1;2;8;8;8;5;7;6;2;2;2;2;2;4;4;6;7;2;2;2;7;4;2;1;1;1;1;1;3;4;3;1;7;1;1;1;1;1;1;4;2;4;4;4;3;5;2;5;3;5;1;3;4;2;2;2;2;3;3;3;3;2;2;3;3;1;1;410002;410002;410002;1;4;3;3;2;2;3;4;2;2;2;2;4;4;4;4;5;4;2;9;4;3;8;6;4;7;8;8;8;2;2;2;2;2;3;3;1;1985;32;2;2;1;1;1;410;410;410;1;2;1;2390;1;0;6;3;6;3;3;2;3;2;1;1;6;3;3;2;1;2;3;3;1;2;20000000;410004;1;1;0;0.5402777777777777;0.7488888888888889;0.28879629629629633;0.2442592592592593;1.0;0.33;0.33;0.5533333333333333;1.0;1.0;0.8333333333333334;0.9444444444444445;1.0;0.0;0.0;0.3333333333333333;0.33;0.33;0.33;0.33;0.0;1.0;1.0;0.6666666666666666;0.25;0.33;0.33;0.3033333333333334;0.0;0.2222222222222222;0.3333333333333333;0.1851851851851852;0.0;0.0;0.0;0.0;1.0;1.0;1.0;1.0;1.0;1.0;1.0;1.0;1.0;1.0;1.0;1.0;0;0;0;0;1;8;6;7;7;7;7;7;5;6;7;7;8;5;6;7;7;1;7;3;500;20000;5000;8;3;1;8;8;8;9;2;1;1;5;3;8;6;5;5;2;2;1;2;3;2;2;8;5;5;1
"1-5-0 (2020-11-16)";"doi.org/10.14281/18241.1";2018;410;"KOR";732;"ROK";410071073;20180111;201712;201801;21.2;21.4;20;1;410041;410007;8;5;2;1;1073;2390;"ko";2;1;1.0;0.8032128514056225;41453.815261044176;1;2;2;3;2;3;1;2;2;1;1;1;2;2;2;2;1;1;2;1;2;1;2;1;2;2;2;2;2;3;2;3;2;1;2;1;3;3;4;3;2;3;3;2;2;1;1;3;2;1;7;7;4;4;4;4;4;4;1;2;1;2;2;3;2;3;2;2;3;3;3;3;3;2;3;4;2;2;2;3;2;3;2;2;1;1;2;2;3;2;2;1;2;5;3;1;2;0;0;0;0;0;0;0;0;0;0;0;0;8;5;3;5;7;1;8;2;2;3;3;4;1;2;8;3;2;2;0;0;0;2;1;2;3;2;4;4;4;4;4;4;4;1;1;2;2;2;2;2;1;1;2;2;2;1;2;3;3;2;2;3;8;7;7;5;5;8;5;2;1;2;2;3;3;7;8;3;1;1;6;2;3;1;3;2;2;1;1;5;3;1;2;1;1;1;2;1;2;1;2;2;2;3;2;5;1;5;3;5;3;5;3;3;3;3;3;3;3;3;3;3;3;3;3;1;1;410009;410009;410009;2;3;3;3;3;2;3;3;2;2;2;2;3;3;2;3;3;7;4;7;8;5;7;7;5;7;8;7;5;2;2;2;2;2;3;3;2;1989;28;2;1;1;1;1;410;410;410;1;3;1;2390;1;1;5;3;5;3;3;2;3;2;1;1;3;3;5;2;2;2;3;4;2;0;100000020;410004;4;2;-1;0.7475;0.72;0.336712962962963;0.2992592592592593;1.0;0.33;0.33;0.5533333333333333;0.66;1.0;1.0;0.8866666666666667;1.0;1.0;1.0;1.0;0.33;0.66;0.66;0.55;0.0;1.0;0.0;0.3333333333333333;0.25;0.33;0.66;0.41333333333333333;0.1111111111111111;0.0;0.4444444444444444;0.1851851851851852;0.33;0.5;0.41500000000000004;0.41500000000000004;1.0;1.0;1.0;1.0;1.0;1.0;1.0;1.0;1.0;1.0;1.0;1.0;1;0;1;1;1;7;7;5;6;3;5;4;3;3;4;3;7;4;5;8;5;1;4;3;430;28000;3000;6;4;2;7;6;7;8;4;1;1;6;3;5;4;4;5;3;2;4;2;3;1;3;5;4;4;4
"1-5-0 (2020-11-16)";"doi.org/10.14281/18241.1";2018;410;"KOR";732;"ROK";410071074;20180111;201712;201801;21.25;21.45;20;1;410028;410004;8;5;2;1;1074;2390;"ko";2;1;1.0;0.8032128514056225;41453.815261044176;1;1;1;2;1;2;1;2;2;2;1;1;2;1;1;2;2;1;2;2;2;1;2;1;2;2;1;2;1;1;2;1;2;1;1;1;1;1;2;1;2;1;2;1;2;3;1;1;2;2;8;7;8;4;4;4;4;4;3;2;1;3;2;3;3;3;1;2;1;2;1;1;2;1;2;1;2;1;2;1;2;1;2;1;2;2;1;2;1;1;2;1;1;7;3;1;1;2;0;0;0;0;0;0;0;0;0;0;0;7;8;8;7;8;1;6;2;2;1;2;2;3;2;7;2;0;1;1;0;0;0;1;1;1;2;4;4;3;4;4;4;4;2;1;2;3;3;2;2;4;4;4;1;2;1;3;2;2;3;3;2;7;8;7;8;9;8;8;1;1;1;1;3;2;1;2;1;1;1;5;1;2;1;1;1;1;1;1;7;8;8;8;7;8;9;8;8;9;8;4;3;4;2;2;2;1;2;1;3;2;4;3;3;3;2;3;3;2;3;2;3;2;3;2;2;2;410002;410002;410002;2;1;2;1;2;1;2;1;2;1;2;2;1;2;1;2;8;7;8;8;8;7;8;8;7;8;7;8;8;2;2;2;1;2;1;2;2;1955;62;5;3;1;1;1;410;410;410;1;3;1;2390;1;1;3;2;3;2;2;1;2;1;5;1;-3;5;9;-3;2;2;3;6;2;2;20000000;410004;4;2;0;0.19333333333333333;0.11;0.4505555555555556;0.15277777777777776;0.0;0.33;0.0;0.11;0.33;0.0;0.0;0.11;1.0;0.0;0.0;0.3333333333333333;0.33;0.0;0.33;0.22;0.0;1.0;1.0;0.6666666666666666;0.25;0.0;0.0;0.08333333333333333;0.0;0.0;0.6666666666666666;0.2222222222222222;0.66;1.0;0.8300000000000001;0.8300000000000001;1.0;1.0;1.0;1.0;1.0;1.0;1.0;1.0;1.0;1.0;1.0;1.0;1;1;0;1;1;8;8;7;7;8;7;8;7;8;7;8;8;7;8;7;8;-3;-3;3;250;43000;0;-3;8;1;-3;-3;-3;7;8;1;1;6;6;8;7;8;7;6;2;1;2;1;2;1;8;7;7;4
"1-5-0 (2020-11-16)";"doi.org/10.14281/18241.1";2018;410;"KOR";732;"ROK";410071075;20180112;201712;201801;9.02;9.23;21;1;410041;410007;8;5;2;1;1075;2390;"ko";3;1;1.0;0.8032128514056225;41453.815261044176;1;2;1;2;1;2;1;2;2;1;1;2;1;1;2;2;2;1;2;1;2;2;2;1;2;2;1;2;1;2;1;1;2;1;1;1;2;1;1;2;1;2;1;2;3;3;1;1;2;2;7;8;8;4;4;4;4;4;3;2;1;3;2;1;3;3;2;1;2;1;2;1;2;1;2;2;2;1;2;2;3;3;2;2;1;1;2;2;1;2;2;1;2;7;1;1;2;0;0;0;0;0;0;0;0;0;0;0;0;8;7;8;8;8;1;5;2;1;2;1;2;1;2;6;2;0;1;0;1;0;0;1;0;2;2;4;3;4;3;4;3;4;2;1;2;4;4;2;2;3;4;4;1;1;2;3;2;2;3;2;3;7;8;8;7;8;7;5;2;2;2;2;3;2;7;8;3;2;1;7;8;8;7;1;1;1;1;1;1;1;1;1;1;1;1;1;1;1;1;4;4;4;3;3;2;2;1;2;4;2;5;1;3;3;3;3;3;3;3;3;3;3;3;3;1;1;410002;410002;410002;1;2;1;2;1;2;1;2;1;2;2;1;2;1;2;1;5;8;7;8;7;7;8;7;8;7;7;8;7;2;2;2;1;2;2;1;1;1954;63;5;3;1;1;1;410;410;410;1;4;1;2390;1;2;3;2;3;2;0;1;0;1;1;5;8;-5;9;3;1;3;3;5;2;0;100000020;410004;4;2;1;0.3325;0.44333333333333336;0.4225;0.09666666666666668;0.0;0.33;0.0;0.11;0.33;1.0;1.0;0.7766666666666667;1.0;0.0;0.0;0.3333333333333333;0.0;0.0;0.33;0.11;0.0;1.0;1.0;0.6666666666666666;0.25;0.0;0.33;0.19333333333333336;0.0;0.0;0.0;0.0;0.66;1.0;0.8300000000000001;0.8300000000000001;1.0;1.0;1.0;1.0;1.0;1.0;1.0;1.0;1.0;1.0;1.0;1.0;1;1;0;1;1;8;7;8;8;7;7;8;7;8;8;7;8;8;7;8;8;1;3;3;200;20000;0;8;5;2;9;8;9;7;8;1;1;7;6;8;7;7;7;6;2;1;1;2;1;2;8;7;7;4
"1-5-0 (2020-11-16)";"doi.org/10.14281/18241.1";2018;410;"KOR";732;"ROK";410071076;20180112;201712;201801;9.18;9.39;21;1;410045;410011;7;4;3;1;1076;2390;"ko";3;2;1.0;0.8032128514056225;41453.815261044176;1;2;2;2;2;3;2;1;1;2;2;1;1;1;2;2;2;1;1;1;1;2;2;1;1;2;2;2;2;2;3;2;1;1;2;1;2;1;4;2;3;2;3;3;2;3;1;2;2;3;5;6;6;4;4;4;4;4;1;2;1;2;3;3;3;3;3;3;2;2;3;2;2;3;3;3;3;3;3;4;2;3;2;3;3;3;3;3;3;3;3;3;3;5;3;1;1;0;0;0;0;0;0;0;0;0;0;0;0;7;5;2;2;2;2;5;2;3;3;2;2;2;3;5;3;2;2;2;1;0;2;1;1;3;2;4;4;4;4;4;4;4;1;2;2;1;2;2;1;3;3;3;1;1;2;3;1;3;2;3;1;8;7;5;5;7;7;3;2;2;1;1;3;3;7;7;2;2;2;6;2;4;4;4;3;2;2;5;7;3;2;3;1;2;2;3;2;4;5;3;4;4;3;3;5;1;1;5;5;5;5;3;3;3;3;3;3;3;3;3;3;3;3;3;1;1;-2;-2;-2;2;3;3;3;2;2;3;3;2;2;2;2;2;3;3;3;5;8;5;7;8;4;8;3;4;10;8;8;8;2;2;2;3;3;4;4;2;1956;61;5;3;1;1;1;410;410;410;1;3;1;2390;1;2;3;2;3;2;0;1;1;1;5;1;-3;8;9;-3;2;4;5;2;1;7;70000000;410004;3;2;2;0.6783333333333333;0.6366666666666667;0.48976851851851855;0.3137037037037037;0.5;0.33;0.33;0.3866666666666667;0.66;1.0;1.0;0.8866666666666667;1.0;1.0;1.0;1.0;0.66;0.33;0.33;0.44;1.0;0.0;1.0;0.6666666666666666;0.0;0.33;0.33;0.22;0.1111111111111111;0.4444444444444444;0.6666666666666666;0.40740740740740744;0.33;1.0;0.665;0.665;1.0;1.0;1.0;1.0;1.0;1.0;1.0;1.0;1.0;1.0;1.0;1.0;1;0;1;1;0;7;6;6;5;4;6;3;3;4;5;6;7;7;3;7;5;-3;-3;5;300;20000;9000;-3;1;1;-3;-3;-3;6;3;1;1;3;3;5;4;4;4;5;4;1;3;2;3;3;6;3;3;4
"1-5-0 (2020-11-16)";"doi.org/10.14281/18241.1";2018;410;"KOR";732;"ROK";410071077;20180112;201712;201801;9.42;10.02;20;1;410045;410011;7;4;3;1;1077;2390;"ko";3;1;1.0;0.8032128514056225;41453.815261044176;1;2;2;3;2;3;2;1;2;1;1;2;1;1;2;2;2;1;1;1;1;1;2;2;2;2;2;2;2;2;2;2;2;1;2;1;2;1;3;2;4;2;2;3;3;2;2;3;2;2;6;6;6;4;4;4;4;4;3;2;2;2;2;3;3;3;3;3;2;2;3;3;3;3;3;3;3;3;2;4;2;3;3;2;2;2;3;3;2;2;2;2;2;5;3;1;2;0;1;0;0;0;0;0;0;0;0;0;1;8;7;3;2;3;1;5;2;3;2;2;2;2;0;5;2;2;0;2;1;0;2;2;2;3;2;4;4;4;4;4;3;4;2;2;2;1;2;1;2;3;3;3;1;1;2;1;2;2;3;1;3;9;9;1;6;8;8;3;2;1;1;2;3;4;7;8;3;2;1;6;2;5;3;4;3;3;3;3;7;6;2;5;2;5;2;4;3;3;6;2;4;4;2;2;1;1;1;3;3;2;5;3;3;3;3;3;3;3;3;3;3;3;3;3;1;1;8;8;8;2;3;3;3;2;2;3;3;2;2;2;1;3;3;2;3;7;9;4;7;7;4;6;4;4;7;9;7;8;2;2;2;3;3;3;3;1;1961;56;5;3;1;2;1;410;-2;410;1;3;1;2390;3;2;6;3;-3;-3;-2;-2;1;1;3;-3;4;-5;-5;2;1;2;5;2;1;0;100000020;410004;2;2;2;0.775;0.72;0.500925925925926;0.3368518518518519;1.0;0.33;0.33;0.5533333333333333;0.66;1.0;1.0;0.8866666666666667;1.0;1.0;1.0;1.0;0.66;0.66;0.66;0.66;1.0;1.0;1.0;1.0;0.25;0.33;0.33;0.3033333333333334;0.2222222222222222;0.2222222222222222;0.6666666666666666;0.3703703703703704;0.66;0.0;0.33;0.33;1.0;1.0;1.0;1.0;1.0;1.0;1.0;1.0;1.0;1.0;1.0;1.0;0;1;0;0;1;7;7;6;6;2;7;4;4;3;2;5;7;6;3;8;5;4;1;5;300;13000;2000;7;1;2;7;7;6;7;3;1;1;3;3;7;5;5;5;5;3;2;2;3;2;2;5;5;3;-5
"1-5-0 (2020-11-16)";"doi.org/10.14281/18241.1";2018;410;"KOR";732;"ROK";410071078;20180112;201712;201801;9.52;10.22;30;1;410030;410006;8;5;2;1;1078;2390;"ko";3;1;1.0;0.8032128514056225;41453.815261044176;1;2;1;2;2;4;1;2;1;1;1;1;2;2;2;2;2;1;2;1;2;2;2;2;2;1;1;3;3;4;3;3;4;2;3;3;5;2;3;2;2;3;3;5;2;1;2;3;2;2;7;8;7;4;4;4;4;4;1;2;1;3;2;3;3;3;3;3;3;3;3;3;2;2;3;3;2;3;2;3;2;2;3;3;2;2;2;2;2;2;2;2;2;6;3;1;2;0;0;0;0;0;0;0;0;0;0;0;0;7;6;3;4;6;1;9;3;3;3;3;3;3;2;6;3;2;2;1;0;0;1;0;1;2;3;3;1;2;1;3;3;2;1;1;2;3;4;2;1;2;2;4;1;2;1;3;2;1;2;2;1;7;7;4;6;6;9;1;2;2;2;2;4;4;7;7;3;1;2;3;3;3;1;2;2;6;1;6;8;8;3;6;1;1;1;1;3;3;7;2;4;4;3;2;5;1;5;1;5;1;1;2;1;2;2;2;1;2;2;2;1;1;2;3;1;1;-2;-2;-2;2;3;3;2;3;2;3;4;2;3;2;3;3;4;2;4;3;6;1;10;7;1;10;3;1;10;10;7;6;2;2;2;2;2;3;3;2;1991;26;2;1;1;1;1;410;410;410;1;5;1;2390;6;0;6;3;-3;-3;5;3;6;3;1;-3;3;-3;3;2;2;2;2;6;2;0;100000020;410004;3;2;0;0.7483333333333333;0.7216666666666667;0.6911574074074074;0.7164814814814815;1.0;0.33;0.0;0.44333333333333336;1.0;1.0;1.0;1.0;1.0;1.0;1.0;1.0;0.66;0.66;0.33;0.5499999999999999;0.0;1.0;1.0;0.6666666666666666;0.75;0.66;1.0;0.8033333333333333;0.5555555555555556;0.5555555555555556;0.7777777777777778;0.6296296296296297;0.33;1.0;0.665;0.665;1.0;1.0;1.0;1.0;1.0;1.0;1.0;1.0;1.0;1.0;1.0;1.0;1;0;1;1;0;8;6;6;7;2;3;1;1;2;4;7;9;5;7;5;3;1;8;2;1000;35000;0;8;5;1;8;8;7;10;5;1;2;6;6;6;1;5;5;5;2;1;2;2;2;2;7;1;5;-3
"1-5-0 (2020-11-16)";"doi.org/10.14281/18241.1";2018;410;"KOR";732;"ROK";410071079;20180112;201712;201801;9.58;10.19;21;1;410044;410010;7;4;3;1;1079;2390;"ko";2;1;1.0;0.8032128514056225;41453.815261044176;1;2;2;3;1;3;1;1;2;1;1;2;1;2;2;2;2;1;2;1;2;1;2;2;2;2;1;2;1;2;2;2;2;1;1;1;2;1;2;2;3;2;3;2;3;2;1;3;2;2;8;8;8;4;4;4;4;4;3;1;1;2;2;3;3;3;3;2;4;3;3;2;3;3;3;4;2;3;3;2;2;2;2;2;2;2;2;2;2;2;2;2;2;7;2;2;1;1;2;2;0;0;1;1;1;1;1;1;1;8;7;7;8;6;1;8;3;2;3;3;3;1;4;6;4;2;1;2;1;1;1;2;1;3;3;4;3;4;4;4;3;4;1;1;2;1;1;2;2;1;1;1;1;1;1;2;3;2;3;2;1;9;9;8;8;8;8;9;2;2;2;2;3;3;7;8;3;2;2;8;9;8;8;4;2;5;4;5;7;5;5;6;5;6;5;4;4;5;6;3;4;4;3;2;2;1;4;1;2;1;4;1;3;3;3;3;2;2;2;2;3;2;2;3;2;2;-2;-2;-2;2;3;3;2;4;3;2;3;3;3;3;2;3;3;2;2;6;7;6;7;6;7;5;7;6;5;7;6;6;2;2;2;3;2;1;2;1;1985;32;2;2;1;1;1;410;410;410;1;4;1;2390;1;2;6;3;5;3;3;2;3;2;1;5;3;-5;9;2;1;2;3;8;3;0;100000020;410004;3;2;1;0.6925;0.665;0.572962962962963;0.3559259259259259;1.0;0.33;0.0;0.44333333333333336;0.66;1.0;1.0;0.8866666666666667;1.0;1.0;1.0;1.0;0.33;0.33;0.66;0.44;1.0;1.0;1.0;1.0;0.25;0.0;0.33;0.19333333333333336;0.4444444444444444;0.4444444444444444;0.6666666666666666;0.5185185185185185;0.66;0.5;0.5800000000000001;0.5800000000000001;1.0;1.0;1.0;1.0;1.0;1.0;1.0;1.0;1.0;1.0;1.0;1.0;1;1;0;1;0;9;8;7;7;8;7;7;6;7;8;8;8;8;7;8;8;1;5;3;280;9500;0;9;5;2;9;8;9;8;8;1;1;5;5;7;6;6;6;5;2;1;2;3;2;2;9;6;7;4
"1-5-0 (2020-11-16)";"doi.org/10.14281/18241.1";2018;410;"KOR";732;"ROK";410071080;20180112;201712;201801;10.07;10.27;20;1;410045;410011;7;4;3;1;1080;2390;"ko";1;1;1.0;0.8032128514056225;41453.815261044176;1;1;1;2;2;3;1;1;1;1;2;2;2;1;2;2;2;1;2;2;2;2;2;2;2;2;2;2;3;3;4;3;2;1;1;1;4;2;4;3;3;2;2;4;2;2;1;3;2;2;7;7;7;4;4;4;4;4;3;1;1;1;1;3;2;2;3;3;2;2;2;1;1;2;3;3;2;2;1;3;2;1;1;1;1;1;1;1;1;1;1;1;1;6;3;1;2;0;2;1;0;1;1;0;0;0;0;0;0;8;5;2;2;2;1;5;2;3;2;2;2;1;0;4;4;2;2;1;1;1;2;1;1;1;1;4;4;4;4;4;4;4;2;2;2;1;1;2;2;3;4;3;1;1;1;3;1;3;2;1;2;10;10;4;4;3;8;4;2;2;2;2;4;4;7;8;3;1;1;6;3;3;3;3;1;4;2;5;7;7;5;5;2;2;2;2;2;3;6;2;4;4;2;2;5;1;1;1;1;1;4;2;2;2;2;2;2;2;3;3;1;1;2;2;1;1;410002;410002;410002;1;4;3;4;2;2;3;3;2;2;1;1;1;3;2;3;2;9;5;9;9;1;6;2;4;10;10;9;8;1;2;2;2;2;2;2;1;1972;45;4;2;1;1;1;410;410;410;1;5;1;2390;1;3;6;3;6;3;3;2;3;2;3;2;6;5;3;2;1;2;3;5;2;0;100000020;410004;3;2;2;0.5816666666666667;0.72;0.5841203703703703;0.5024074074074074;1.0;0.33;0.33;0.5533333333333333;0.66;1.0;1.0;0.8866666666666667;1.0;1.0;0.0;0.6666666666666666;0.66;0.0;0.0;0.22;1.0;0.0;1.0;0.6666666666666666;0.25;0.66;0.66;0.5233333333333333;0.3333333333333333;0.4444444444444444;0.6666666666666666;0.48148148148148145;0.33;1.0;0.665;0.665;1.0;1.0;1.0;1.0;1.0;1.0;1.0;1.0;1.0;1.0;1.0;1.0;1;0;1;0;1;7;7;6;7;4;6;3;3;2;4;5;7;7;8;5;4;3;3;3;500;33000;10000;8;4;1;7;7;8;7;3;1;3;4;4;8;4;4;4;4;1;1;3;1;2;2;8;4;4;4
"1-5-0 (2020-11-16)";"doi.org/10.14281/18241.1";2018;410;"KOR";732;"ROK";410071081;20180112;201712;201801;10.09;10.3;21;1;410030;410006;8;5;2;1;1081;2390;"ko";1;1;1.0;0.8032128514056225;41453.815261044176;1;1;2;2;1;1;1;1;2;1;2;1;2;2;1;2;2;1;2;1;2;1;2;2;2;2;1;2;4;4;4;2;5;2;1;1;5;2;5;1;1;1;5;3;2;2;1;3;1;2;10;10;10;4;4;4;4;4;1;1;1;1;1;3;1;1;1;2;2;2;2;1;1;2;2;2;2;1;1;2;1;1;1;1;1;1;1;1;1;1;1;1;1;1;3;3;2;1;0;0;0;0;0;0;0;0;2;0;0;2;9;2;2;3;1;8;2;3;2;1;2;2;4;10;4;2;2;2;1;1;2;2;0;1;1;4;4;4;4;4;4;4;2;2;2;4;2;2;2;3;3;3;2;1;1;1;2;1;2;1;3;10;10;10;5;6;6;10;1;1;1;1;4;4;7;4;1;1;2;1;4;1;1;1;1;5;5;5;6;8;1;4;1;4;1;1;4;3;2;4;2;3;3;2;5;1;4;1;5;1;5;1;1;2;1;1;1;2;2;2;1;1;2;2;1;1;410002;410002;410002;1;3;3;3;2;2;3;4;1;2;1;1;2;4;1;4;1;10;1;10;6;1;10;10;5;10;10;8;8;2;1;1;1;1;1;1;1;1980;37;3;2;1;1;1;410;410;410;1;3;1;2390;1;1;3;2;6;3;2;1;2;1;1;5;3;-5;4;1;1;1;5;6;2;2;20000000;410004;2;2;0;0.19416666666666665;0.3333333333333333;0.578287037037037;0.7407407407407407;1.0;0.0;0.0;0.3333333333333333;0.0;0.0;1.0;0.3333333333333333;0.0;0.0;0.0;0.0;0.33;0.0;0.0;0.11;1.0;0.0;1.0;0.6666666666666666;1.0;1.0;1.0;1.0;0.4444444444444444;0.4444444444444444;0.5555555555555556;0.48148148148148145;0.33;0.0;0.165;0.165;1.0;1.0;1.0;1.0;1.0;1.0;1.0;1.0;1.0;1.0;1.0;1.0;0;0;1;0;1;10;8;5;5;10;3;6;3;3;7;8;10;2;10;10;7;1;7;3;400;20000;0;8;3;2;7;8;10;6;10;1;4;5;10;9;1;5;5;8;1;1;1;2;1;2;10;1;5;4
"1-5-0 (2020-11-16)";"doi.org/10.14281/18241.1";2018;410;"KOR";732;"ROK";410071082;20180112;201712;201801;10.15;10.35;20;1;410044;410010;7;4;3;1;1082;2390;"ko";2;1;1.0;0.8032128514056225;41453.815261044176;1;1;1;3;2;3;1;2;2;1;1;1;1;2;2;2;2;1;2;1;2;1;2;1;2;2;1;2;1;1;1;1;3;3;1;1;2;1;2;2;2;2;2;2;2;1;1;3;2;2;8;8;9;4;4;4;4;4;1;1;2;1;2;2;1;2;2;2;3;2;3;2;2;2;3;3;2;2;2;2;2;2;2;2;2;2;2;2;2;2;2;2;2;8;2;3;2;0;2;1;1;0;0;0;1;1;1;1;1;8;7;3;6;3;2;8;4;4;4;4;4;1;3;5;2;1;2;1;2;1;1;1;1;2;2;4;4;3;4;4;4;4;1;1;2;2;2;2;2;1;1;1;1;2;1;1;4;3;1;1;2;8;8;8;7;8;7;8;2;2;2;2;3;2;7;7;2;1;2;7;1;2;2;2;2;2;1;2;5;4;6;5;5;3;2;1;1;2;2;3;4;4;3;2;4;1;4;1;4;1;4;2;1;3;3;3;2;2;2;2;2;2;2;2;1;1;410002;410002;410002;2;1;2;4;2;2;2;3;2;2;1;2;1;2;2;2;6;6;4;5;6;6;5;7;6;7;6;7;6;2;2;2;2;2;3;3;2;1968;49;4;2;1;1;1;410;410;410;1;4;1;2390;1;2;3;2;3;2;1;1;1;1;3;3;5;5;9;2;1;2;3;5;2;0;100000020;410004;1;1;0;0.665;0.665;0.2638888888888889;0.19444444444444445;1.0;0.33;0.0;0.44333333333333336;0.66;1.0;1.0;0.8866666666666667;1.0;1.0;1.0;1.0;0.33;0.33;0.33;0.33;0.0;1.0;1.0;0.6666666666666666;0.5;0.0;0.0;0.16666666666666666;0.1111111111111111;0.1111111111111111;0.4444444444444444;0.22222222222222224;0.0;0.0;0.0;0.0;1.0;1.0;1.0;1.0;1.0;1.0;1.0;1.0;1.0;1.0;1.0;1.0;0;0;0;0;1;8;8;8;8;7;8;7;8;8;7;8;8;7;7;8;7;4;2;3;400;25000;0;8;5;1;8;8;7;8;7;1;1;6;6;7;6;5;5;4;2;1;2;3;2;2;8;6;5;4
"1-5-0 (2020-11-16)";"doi.org/10.14281/18241.1";2018;410;"KOR";732;"ROK";410071083;20180112;201712;201801;10.28;10.48;20;1;410044;410010;7;4;3;1;1083;2390;"ko";3;1;1.0;0.8032128514056225;41453.815261044176;1;2;2;3;2;3;1;2;1;1;2;2;1;1;2;2;2;1;2;1;2;1;2;1;2;1;1;3;2;2;2;2;2;1;1;1;2;1;2;1;2;3;2;2;2;1;1;2;2;2;7;8;7;4;4;4;4;4;1;1;1;1;2;2;3;3;2;3;2;2;2;2;3;3;3;3;3;3;3;3;3;2;2;2;2;2;3;3;3;3;3;2;2;5;2;3;1;0;0;0;0;0;1;1;1;2;1;1;1;4;6;4;3;6;1;9;4;4;3;3;4;1;2;8;1;0;0;2;2;1;1;2;1;3;2;4;4;4;4;4;4;4;1;1;2;2;2;2;2;1;1;2;2;2;1;2;3;2;1;1;2;8;7;8;8;6;8;4;2;2;2;2;2;2;6;7;2;1;2;4;1;1;1;1;1;1;3;5;5;5;4;5;1;3;1;1;1;1;4;2;4;4;3;2;5;1;5;1;1;1;1;2;2;2;2;2;2;2;2;2;2;2;2;2;2;2;-2;-2;-2;2;3;3;2;2;2;2;2;2;2;2;2;1;3;2;3;5;6;3;3;7;7;7;7;7;6;7;8;7;2;3;2;2;2;3;3;2;1996;21;1;1;1;1;1;410;410;410;1;4;2;2390;6;0;5;3;-3;-3;3;2;3;2;6;-3;-3;-3;5;-3;2;2;3;7;2;0;100000020;410004;3;2;1;0.4419444444444445;0.608888888888889;0.37824074074074077;0.29981481481481487;0.5;0.66;0.0;0.3866666666666667;0.66;1.0;0.8333333333333334;0.8311111111111112;0.0;0.0;0.0;0.0;0.66;0.33;0.66;0.5499999999999999;0.0;0.0;1.0;0.3333333333333333;0.25;0.33;0.33;0.3033333333333334;0.0;0.4444444444444444;0.4444444444444444;0.2962962962962963;0.66;0.5;0.5800000000000001;0.5800000000000001;1.0;1.0;1.0;1.0;1.0;1.0;1.0;1.0;1.0;1.0;1.0;1.0;1;1;0;0;1;8;8;8;7;8;7;8;7;8;8;8;7;7;8;7;8;-3;-3;3;400;23000;0;8;7;1;9;8;8;8;8;1;1;5;5;5;4;6;4;3;3;7;2;3;1;2;5;3;6;-3
"1-5-0 (2020-11-16)";"doi.org/10.14281/18241.1";2018;410;"KOR";732;"ROK";410071084;20180112;201712;201801;10.39;10.59;20;1;410045;410011;7;4;3;1;1084;2390;"ko";2;1;1.0;0.8032128514056225;41453.815261044176;1;2;2;3;2;2;2;1;2;1;1;1;1;2;2;2;2;1;1;1;2;1;2;1;1;2;2;2;3;3;4;4;4;2;1;1;5;2;5;3;3;2;3;3;2;2;1;3;2;1;8;8;7;4;4;4;4;4;1;1;1;2;2;2;2;2;2;3;2;2;2;2;2;2;2;2;2;2;2;2;2;2;2;2;2;2;2;2;2;2;2;2;2;6;3;1;2;1;2;1;0;1;0;0;0;0;0;1;0;9;2;2;1;1;1;4;1;3;2;1;2;1;0;4;4;2;2;2;2;1;2;0;2;1;1;4;4;4;4;4;4;4;1;1;2;1;1;2;2;2;2;4;1;1;1;3;1;3;2;2;3;9;8;4;3;7;9;5;1;1;2;2;3;3;2;4;2;2;2;6;2;5;2;2;1;6;2;6;8;8;6;6;1;1;2;2;2;2;6;2;4;4;2;2;1;1;1;1;1;1;5;2;2;2;2;2;2;2;2;2;3;3;3;3;1;1;410002;410002;410002;1;4;3;3;2;2;4;4;2;2;2;1;1;3;2;3;5;9;2;9;9;2;6;4;3;10;10;9;9;2;2;1;1;1;2;2;2;1979;38;3;2;1;1;1;410;410;410;1;4;1;2390;1;2;5;3;6;3;3;2;3;2;1;1;5;3;4;2;2;1;3;5;2;2;20000000;410004;4;2;1;0.5397222222222222;0.5261111111111112;0.7461574074074074;0.6598148148148149;1.0;0.33;0.33;0.5533333333333333;0.33;1.0;0.16666666666666666;0.49888888888888894;1.0;1.0;0.0;0.6666666666666666;0.66;0.33;0.33;0.44;1.0;1.0;1.0;1.0;0.75;0.66;0.66;0.6900000000000001;0.5555555555555556;0.5555555555555556;0.7777777777777778;0.6296296296296297;0.33;1.0;0.665;0.665;1.0;1.0;1.0;1.0;1.0;1.0;1.0;1.0;1.0;1.0;1.0;1.0;1;0;1;1;1;7;7;7;7;4;8;4;4;3;4;5;7;7;8;5;4;4;1;3;600;50000;15000;7;4;1;7;7;7;7;6;1;3;4;5;8;4;4;4;5;2;1;2;2;3;2;8;4;5;4
"1-5-0 (2020-11-16)";"doi.org/10.14281/18241.1";2018;410;"KOR";732;"ROK";410071085;20180112;201712;201801;10.47;11.07;20;1;410044;410010;7;4;3;1;1085;2390;"ko";3;1;1.0;0.8032128514056225;41453.815261044176;1;1;1;3;2;3;1;2;2;1;2;1;1;1;2;2;2;1;2;1;1;1;2;2;2;2;1;2;2;1;2;2;2;1;1;1;2;1;1;2;2;2;1;2;1;1;1;2;2;2;7;8;7;4;4;4;4;4;3;2;1;2;2;3;3;3;2;3;3;2;3;2;4;4;4;4;2;2;3;3;2;2;2;2;2;2;2;2;2;2;2;2;2;8;2;2;1;1;0;0;2;2;0;0;0;1;1;1;1;7;8;8;7;8;1;9;3;4;3;3;3;1;2;8;2;1;0;1;2;1;2;1;1;2;2;2;4;3;2;4;4;4;1;1;2;3;2;2;2;1;1;2;1;2;1;1;2;2;3;3;1;8;8;7;8;8;8;4;2;2;2;2;2;2;7;7;2;2;2;6;3;1;1;1;1;1;1;6;7;4;2;2;1;3;3;4;3;3;3;3;4;3;3;3;5;1;5;5;5;5;5;5;2;3;2;2;2;2;2;2;3;3;3;3;1;1;410002;410002;410002;3;1;2;2;3;3;2;3;3;3;2;2;1;2;3;4;6;8;3;8;6;5;6;7;5;7;6;7;6;2;2;1;1;2;2;2;2;1953;64;5;3;1;1;1;410;410;410;1;2;1;2390;1;2;3;2;3;2;1;1;1;1;5;1;-3;6;9;-3;2;2;3;6;2;7;70000000;410004;2;2;1;0.45666666666666667;0.5816666666666667;0.31601851851851853;0.3003703703703704;0.5;0.33;0.0;0.27666666666666667;0.66;1.0;1.0;0.8866666666666667;0.0;0.0;0.0;0.0;0.66;0.33;1.0;0.6633333333333334;0.0;0.0;1.0;0.3333333333333333;0.25;0.33;0.0;0.19333333333333336;0.0;0.5555555555555556;0.6666666666666666;0.40740740740740744;0.66;0.0;0.33;0.33;1.0;1.0;1.0;1.0;1.0;1.0;1.0;1.0;1.0;1.0;1.0;1.0;0;1;0;1;0;8;8;6;7;6;6;7;5;6;4;6;7;4;7;6;5;-3;-3;3;250;19500;0;-3;5;1;-3;-3;-3;8;6;1;1;4;4;7;6;5;3;4;2;1;1;4;1;2;8;5;6;4
"1-5-0 (2020-11-16)";"doi.org/10.14281/18241.1";2018;410;"KOR";732;"ROK";410071086;20180112;201712;201801;11.02;11.29;27;1;410044;410010;7;4;3;1;1086;2390;"ko";2;1;1.0;0.8032128514056225;41453.815261044176;1;1;2;3;2;3;1;2;1;1;1;2;1;2;2;2;2;1;2;1;2;1;2;1;2;2;1;3;2;4;2;2;3;3;2;1;3;3;3;2;4;2;3;3;2;2;2;3;2;2;8;7;8;4;4;4;4;4;3;1;1;1;2;4;4;4;2;2;3;3;3;3;4;4;4;4;3;2;3;3;2;2;2;2;2;2;3;3;3;3;2;3;3;7;3;1;1;0;1;1;0;0;0;0;0;0;0;0;0;9;6;3;5;3;1;9;4;4;3;3;4;1;3;7;2;0;2;1;1;1;0;2;1;3;2;4;4;4;4;4;4;4;1;1;2;2;2;2;2;1;2;2;2;1;1;2;1;2;1;2;3;8;7;4;8;4;7;1;2;2;2;2;4;3;7;8;3;1;2;6;2;1;1;1;1;4;4;6;6;5;5;6;1;1;1;1;3;1;2;2;4;4;3;2;2;1;2;1;2;1;2;1;2;2;2;2;3;2;2;2;3;3;3;3;1;1;410002;410002;410002;2;3;3;2;2;3;2;2;2;3;2;2;3;3;1;2;6;6;3;5;6;4;6;7;4;4;8;6;7;2;2;1;1;1;3;3;1;1977;40;3;2;1;1;1;410;410;410;1;4;1;2390;1;2;6;3;3;2;1;1;1;1;1;5;3;-5;6;2;1;2;3;6;2;0;100000020;410004;3;2;0;0.4983333333333334;0.665;0.522037037037037;0.5457407407407407;1.0;0.33;0.0;0.44333333333333336;0.66;1.0;1.0;0.8866666666666667;0.0;0.0;0.0;0.0;0.33;0.66;1.0;0.6633333333333334;0.0;1.0;1.0;0.6666666666666666;0.5;0.33;1.0;0.61;0.3333333333333333;0.5555555555555556;0.5555555555555556;0.48148148148148145;0.66;0.0;0.33;0.33;1.0;1.0;1.0;1.0;1.0;1.0;1.0;1.0;1.0;1.0;1.0;1.0;0;1;0;1;1;8;7;8;7;7;8;8;7;8;6;4;8;6;6;7;7;1;4;3;300;18500;2000;8;7;1;8;7;8;8;6;1;1;4;3;6;4;5;3;4;2;1;2;3;1;2;7;4;5;4
"1-5-0 (2020-11-16)";"doi.org/10.14281/18241.1";2018;410;"KOR";732;"ROK";410071087;20180112;201712;201801;11.05;11.25;20;1;410045;410011;7;4;3;1;1087;2390;"ko";1;1;1.0;0.8032128514056225;41453.815261044176;2;1;1;2;2;2;2;1;2;1;1;2;1;1;2;2;2;1;2;2;2;1;2;1;2;2;2;2;4;4;4;3;2;1;2;1;5;2;4;4;4;2;3;3;2;2;1;3;2;2;7;7;6;4;4;4;4;4;3;1;1;2;2;3;2;2;2;2;2;2;2;2;2;2;2;2;2;2;2;2;2;2;2;2;2;2;2;2;2;2;2;2;2;8;3;1;2;1;2;2;0;0;0;0;0;0;0;0;0;10;1;2;2;2;1;3;2;3;2;1;2;1;0;3;4;2;2;1;2;1;1;0;1;1;2;4;4;4;4;4;4;4;1;2;2;1;1;2;2;3;3;4;1;2;1;1;2;2;3;1;3;7;5;4;4;7;8;4;1;2;2;2;3;3;4;4;2;1;2;6;1;5;4;2;2;5;2;6;7;8;5;2;1;2;2;2;2;2;5;3;3;3;2;1;5;1;1;1;1;1;1;1;1;2;1;2;1;2;2;2;1;1;2;2;1;1;410002;410002;410002;2;4;4;4;2;2;4;4;2;1;1;2;1;3;2;3;2;10;1;10;10;1;9;1;2;10;10;9;9;2;2;2;2;2;2;2;1;1994;23;1;1;1;1;1;410;410;410;1;4;2;2390;6;0;3;2;-3;-3;5;3;5;3;6;-3;-3;-3;3;-3;2;2;3;6;2;2;20000000;410004;2;2;2;0.6233333333333333;0.5816666666666667;0.6588888888888889;0.6527777777777778;1.0;0.33;0.33;0.5533333333333333;0.33;1.0;0.5;0.61;1.0;1.0;1.0;1.0;0.33;0.33;0.33;0.33;1.0;1.0;1.0;1.0;0.25;1.0;1.0;0.75;0.4444444444444444;0.5555555555555556;0.6666666666666666;0.5555555555555556;0.66;0.0;0.33;0.33;1.0;1.0;1.0;1.0;1.0;1.0;1.0;1.0;1.0;1.0;1.0;1.0;0;1;0;0;1;8;7;6;7;3;6;2;2;3;4;6;8;7;7;6;4;-3;-3;3;650;50000;189000;-3;4;1;-3;-3;-3;7;1;1;5;3;3;7;4;4;4;4;1;1;3;1;2;3;8;3;3;-3
"1-5-0 (2020-11-16)";"doi.org/10.14281/18241.1";2018;410;"KOR";732;"ROK";410071088;20180112;201712;201801;11.27;11.47;20;1;410045;410011;7;4;3;1;1088;2390;"ko";2;1;1.0;0.8032128514056225;41453.815261044176;2;2;2;2;2;2;2;1;1;1;1;2;1;2;2;2;2;1;2;1;2;1;2;1;1;2;2;2;3;3;3;3;3;3;2;1;4;2;4;4;4;3;3;3;3;2;1;3;2;1;7;7;6;4;4;4;4;4;1;1;1;1;1;2;3;3;2;4;2;2;2;2;2;3;3;3;3;2;2;3;2;2;2;2;3;3;3;3;3;3;3;3;3;6;3;1;2;0;2;1;0;1;1;0;0;0;0;0;0;9;2;1;2;2;1;2;1;3;2;1;2;1;2;3;4;2;2;2;1;0;1;0;1;1;1;4;4;4;4;4;4;4;2;2;2;1;1;2;2;4;4;4;1;1;1;1;3;3;2;3;1;10;10;2;5;3;9;3;2;2;2;2;4;4;7;8;3;1;2;6;4;6;2;2;1;6;2;6;8;8;5;5;2;2;2;2;2;2;5;3;3;3;2;1;1;1;1;1;1;1;3;3;1;2;2;2;1;1;2;2;3;3;3;3;1;1;410002;410002;410002;2;4;4;4;2;2;4;4;2;2;1;2;1;3;2;3;4;10;4;7;8;3;7;4;2;10;9;9;7;2;2;1;1;1;2;2;1;1986;31;2;2;1;1;1;410;410;410;1;1;1;2390;6;0;6;3;-3;-3;5;3;5;3;1;-3;3;-3;3;1;1;1;3;5;2;1;10100000;410004;3;2;1;0.6375;0.665;0.6628240740740742;0.6181481481481482;1.0;0.33;0.33;0.5533333333333333;0.33;1.0;1.0;0.7766666666666667;1.0;1.0;0.0;0.6666666666666666;1.0;0.33;0.33;0.5533333333333333;1.0;1.0;1.0;1.0;0.5;0.66;0.66;0.6066666666666668;0.5555555555555556;0.5555555555555556;0.7777777777777778;0.6296296296296297;0.33;0.5;0.41500000000000004;0.41500000000000004;1.0;1.0;1.0;1.0;1.0;1.0;1.0;1.0;1.0;1.0;1.0;1.0;1;0;1;1;0;7;7;7;7;4;7;3;3;3;6;6;7;7;6;7;6;1;8;3;300;17000;80000;8;3;2;8;8;7;7;4;1;5;2;5;8;4;4;4;4;1;1;3;1;2;1;8;5;5;-3
"1-5-0 (2020-11-16)";"doi.org/10.14281/18241.1";2018;410;"KOR";732;"ROK";410071089;20180112;201712;201801;11.32;11.53;21;1;410044;410010;7;4;3;1;1089;2390;"ko";3;1;1.0;0.8032128514056225;41453.815261044176;1;1;2;3;2;4;1;1;2;1;1;2;2;1;2;2;2;1;2;1;2;2;2;2;2;2;2;4;3;2;2;2;3;3;2;1;4;2;2;3;3;2;4;3;2;1;1;3;2;2;8;7;7;4;4;4;4;4;3;1;1;1;3;4;3;4;3;3;3;3;3;3;4;4;4;4;3;2;3;3;2;3;3;3;2;2;2;2;2;3;2;2;2;7;1;3;1;0;0;2;2;0;1;0;1;2;0;1;1;8;3;4;5;6;1;7;4;4;3;3;2;1;3;7;2;1;0;0;0;1;1;1;1;3;2;4;4;4;4;4;3;4;1;2;2;2;2;2;2;1;1;3;2;1;2;1;2;1;3;1;2;7;8;8;7;8;7;2;2;2;2;2;3;3;7;8;3;1;2;7;2;1;1;1;1;1;1;5;7;5;5;8;1;1;2;2;3;2;4;2;4;4;4;3;5;2;5;1;1;1;1;1;2;3;2;3;3;3;3;3;3;3;3;3;3;3;-2;-2;-2;3;3;2;4;3;3;2;4;3;3;2;3;4;3;2;3;6;5;2;7;8;3;4;8;8;5;7;5;7;2;2;1;1;1;3;2;1;1998;19;1;1;1;1;1;410;410;410;1;4;2;2390;6;0;3;2;-3;-3;3;2;6;3;6;-3;-3;-3;4;-3;2;2;3;6;2;0;100000020;410004;1;1;2;0.5816666666666667;0.7766666666666666;0.4667592592592593;0.4335185185185186;1.0;0.33;0.33;0.5533333333333333;1.0;1.0;1.0;1.0;0.0;0.0;0.0;0.0;0.66;0.66;1.0;0.7733333333333334;1.0;1.0;1.0;1.0;0.5;0.66;0.33;0.49666666666666676;0.0;0.4444444444444444;0.6666666666666666;0.3703703703703704;0.0;0.0;0.0;0.0;1.0;1.0;1.0;1.0;1.0;1.0;1.0;1.0;1.0;1.0;1.0;1.0;0;0;0;0;1;8;8;7;8;7;8;7;8;8;6;8;7;7;6;7;8;-3;-3;3;550;29500;0;7;6;1;8;8;7;8;8;1;1;3;4;5;4;4;3;3;3;7;2;3;3;2;6;3;5;-3
"1-5-0 (2020-11-16)";"doi.org/10.14281/18241.1";2018;410;"KOR";732;"ROK";410071090;20180112;201712;201801;11.46;12.06;20;1;410044;410010;7;4;3;1;1090;2390;"ko";3;1;1.0;0.8032128514056225;41453.815261044176;1;1;1;3;2;4;1;1;1;1;2;1;2;2;2;2;2;1;2;1;2;1;2;1;2;1;2;4;2;3;2;3;3;3;4;2;4;2;3;3;4;3;4;4;1;2;1;3;2;2;9;8;7;4;4;4;4;4;3;2;1;1;1;4;4;4;3;2;4;3;3;3;3;4;4;3;3;3;3;4;4;3;3;4;4;4;4;4;4;4;4;4;2;7;1;1;1;0;0;0;0;0;0;0;0;1;0;0;0;6;4;7;5;7;1;8;3;3;3;3;3;1;4;6;2;0;2;1;1;1;1;1;1;1;2;3;4;4;4;4;4;4;1;2;2;2;2;2;2;1;1;1;1;2;1;1;3;1;3;1;2;4;7;5;8;7;6;7;2;2;2;2;4;4;7;8;3;1;2;7;2;2;1;1;1;1;1;1;5;4;5;7;1;1;1;1;3;2;2;2;4;4;4;2;4;1;5;2;4;2;5;2;3;3;3;3;2;3;3;3;3;3;3;3;1;1;-2;-2;-2;3;4;3;2;3;3;3;4;3;3;2;3;3;4;3;3;7;7;4;4;5;6;4;8;5;7;6;7;6;2;2;1;1;1;3;3;2;1986;31;2;2;1;1;1;410;410;410;1;4;1;2390;1;2;3;2;3;2;1;1;2;1;1;1;5;6;9;2;2;2;3;6;2;0;100000020;410004;2;1;1;0.6091666666666666;0.7766666666666666;0.39037037037037037;0.3224074074074075;1.0;0.33;0.33;0.5533333333333333;1.0;1.0;1.0;1.0;1.0;0.0;0.0;0.3333333333333333;0.33;0.66;0.66;0.55;1.0;0.0;1.0;0.6666666666666666;0.5;0.33;0.66;0.49666666666666676;0.0;0.0;0.4444444444444444;0.14814814814814814;0.0;0.5;0.25;0.25;1.0;1.0;1.0;1.0;1.0;1.0;1.0;1.0;1.0;1.0;1.0;1.0;1;0;0;0;1;8;7;7;6;6;6;7;7;6;8;7;8;8;6;7;8;2;3;3;450;9000;0;8;5;2;8;7;8;7;8;1;1;3;3;3;2;6;4;3;2;3;1;3;3;2;5;3;6;4
"1-5-0 (2020-11-16)";"doi.org/10.14281/18241.1";2018;410;"KOR";732;"ROK";410071091;20180112;201712;201801;11.59;12.19;20;1;410044;410010;7;4;3;1;1091;2390;"ko";2;1;1.0;0.8032128514056225;41453.815261044176;1;1;1;3;1;4;1;2;2;1;1;1;1;2;2;2;2;1;2;1;2;1;2;2;2;2;2;4;3;3;3;3;3;3;3;3;4;2;3;4;3;3;3;3;2;1;1;3;2;2;8;7;8;4;4;4;4;4;3;2;1;1;3;4;4;4;3;2;3;3;3;2;4;4;4;4;3;3;2;4;4;4;3;2;4;4;3;3;3;2;3;2;3;7;1;3;2;0;2;1;1;0;1;0;1;1;1;1;1;7;4;3;6;3;2;9;4;4;4;4;4;1;4;6;2;0;2;1;1;1;1;1;1;2;2;4;4;4;4;4;3;4;1;1;2;2;2;2;2;1;1;2;1;2;1;3;1;1;4;1;2;7;7;4;6;5;7;2;2;2;2;2;4;4;7;8;3;1;2;7;2;1;1;1;1;1;1;5;6;3;6;5;1;1;1;1;2;1;3;3;4;4;3;2;5;1;5;1;2;1;2;2;2;3;3;3;3;3;3;3;3;3;3;3;1;1;-2;-2;-2;3;3;3;3;3;4;3;3;4;3;1;3;4;3;2;3;6;7;6;7;4;5;4;8;4;7;8;8;5;2;2;1;1;1;3;2;2;1975;42;3;2;1;1;1;410;410;410;1;4;1;2390;1;2;3;2;5;3;2;1;2;1;1;1;3;3;6;2;2;2;3;6;2;0;100000020;410004;3;2;0;0.5266666666666666;0.7766666666666666;0.5679166666666666;0.4700000000000001;1.0;0.33;0.33;0.5533333333333333;1.0;1.0;1.0;1.0;0.0;0.0;0.0;0.0;0.33;0.33;1.0;0.5533333333333333;0.0;1.0;1.0;0.6666666666666666;0.5;0.66;0.66;0.6066666666666668;0.0;0.4444444444444444;0.5555555555555556;0.3333333333333333;0.33;1.0;0.665;0.665;1.0;1.0;1.0;1.0;1.0;1.0;1.0;1.0;1.0;1.0;1.0;1.0;1;0;1;0;1;8;7;8;8;7;6;4;4;3;6;4;7;5;4;5;7;1;5;3;580;24500;3000;9;5;1;8;7;8;7;8;1;1;2;3;6;3;5;2;3;2;1;2;3;3;2;7;3;5;4
"1-5-0 (2020-11-16)";"doi.org/10.14281/18241.1";2018;410;"KOR";732;"ROK";410071092;20180112;201712;201801;12.12;12.32;20;1;410044;410010;7;4;3;1;1092;2390;"ko";2;1;1.0;0.8032128514056225;41453.815261044176;1;1;1;3;2;3;1;2;2;1;2;1;1;1;2;2;2;1;2;1;2;1;2;2;2;2;3;4;3;3;3;2;3;3;4;2;3;3;4;4;3;3;2;2;2;1;2;3;2;2;7;7;7;4;4;4;4;4;3;2;1;2;3;4;4;4;3;2;3;2;2;2;3;3;3;3;3;3;3;4;2;3;3;4;4;4;4;4;3;3;3;3;3;4;1;2;2;0;2;2;1;0;0;0;1;1;2;1;1;7;4;2;2;2;1;9;4;4;4;4;4;1;4;8;3;1;1;2;2;1;0;2;1;3;2;4;4;4;4;4;4;4;1;2;2;2;2;2;2;1;2;2;1;2;1;2;1;3;2;1;2;8;6;3;7;6;5;1;2;2;2;2;3;4;7;8;3;1;2;7;2;2;1;1;1;3;4;5;7;3;4;3;1;1;1;2;3;1;4;3;4;4;3;2;5;1;2;4;4;4;5;2;3;3;3;3;3;3;3;2;3;3;3;3;1;1;-2;-2;-2;3;2;3;3;3;2;2;2;3;3;2;3;4;3;3;3;5;4;3;7;7;3;4;7;4;4;8;6;6;2;2;1;1;1;3;3;1;1956;61;5;3;1;1;1;410;410;410;1;2;1;2390;1;3;3;2;3;2;1;1;1;1;1;1;8;8;9;2;1;2;5;4;2;0;100000020;410004;2;2;1;0.5808333333333334;0.7750000000000001;0.3873611111111111;0.5255555555555557;1.0;0.33;0.66;0.6633333333333334;0.66;1.0;1.0;0.8866666666666667;1.0;0.0;0.0;0.3333333333333333;0.33;0.33;0.66;0.44;0.0;0.0;1.0;0.3333333333333333;0.5;0.66;0.66;0.6066666666666668;0.2222222222222222;0.4444444444444444;0.6666666666666666;0.4444444444444445;0.33;0.0;0.165;0.165;1.0;1.0;1.0;1.0;1.0;1.0;1.0;1.0;1.0;1.0;1.0;1.0;0;0;1;0;1;8;8;9;8;8;4;3;4;4;8;7;7;6;4;7;7;2;5;5;280;19000;0;7;4;1;6;7;7;8;6;1;1;2;2;6;2;3;3;3;2;1;2;3;2;2;7;3;5;4
"1-5-0 (2020-11-16)";"doi.org/10.14281/18241.1";2018;410;"KOR";732;"ROK";410071093;20180112;201712;201801;12.45;13.05;20;1;410045;410011;7;4;3;1;1093;2390;"ko";3;2;1.0;0.8032128514056225;41453.815261044176;1;2;2;2;2;2;1;1;2;1;1;2;1;2;2;2;2;1;2;1;2;1;2;1;2;2;2;2;2;2;2;3;2;1;2;1;4;2;3;3;2;3;2;3;3;3;2;1;3;2;6;5;5;4;4;3;3;4;1;1;1;2;2;3;3;3;3;3;2;2;2;2;2;2;2;3;2;2;2;3;2;3;3;2;2;2;2;2;2;2;2;2;2;6;2;2;2;0;1;0;0;0;0;0;0;0;0;0;0;9;6;3;3;4;1;4;1;3;2;1;2;1;1;5;3;2;1;1;1;1;2;1;2;2;2;4;4;4;4;4;4;4;2;2;2;1;1;2;1;2;3;3;1;1;2;2;1;3;4;3;1;10;8;5;5;3;8;4;2;1;1;1;3;4;6;7;3;1;1;6;3;3;3;3;3;5;2;6;7;7;2;2;1;2;2;2;2;2;5;3;4;4;2;2;1;1;1;4;5;3;5;4;2;3;2;3;3;3;3;3;3;3;3;3;1;1;-2;-2;-2;2;4;4;4;2;2;4;3;2;2;2;2;3;3;2;3;7;9;4;8;8;4;5;7;5;8;8;8;7;2;2;2;2;3;4;4;1;1955;62;5;3;1;1;1;410;410;410;1;2;1;2390;1;2;3;2;3;2;-2;-2;-2;-2;7;2;-3;8;9;-3;2;4;5;2;1;0;100000020;410004;2;2;1;0.5952777777777778;0.47055555555555556;0.5059722222222223;0.4294444444444445;0.0;0.33;0.33;0.22;0.33;1.0;0.8333333333333334;0.7211111111111111;1.0;1.0;1.0;1.0;0.66;0.33;0.33;0.44;1.0;1.0;1.0;1.0;0.25;0.33;0.33;0.3033333333333334;0.4444444444444444;0.5555555555555556;0.6666666666666666;0.5555555555555556;0.33;0.0;0.165;0.165;1.0;1.0;1.0;1.0;1.0;1.0;1.0;1.0;1.0;1.0;1.0;1.0;0;0;1;1;0;6;7;6;7;4;7;3;3;3;5;5;5;7;8;6;5;-3;-3;5;180;20000;3000;-3;2;1;-3;-3;-3;5;3;1;1;2;2;6;3;5;3;3;3;3;3;3;2;4;5;3;5;4
"1-5-0 (2020-11-16)";"doi.org/10.14281/18241.1";2018;410;"KOR";732;"ROK";410071094;20180112;201712;201801;13.04;13.24;20;1;410042;410008;7;4;3;1;1094;2390;"ko";3;1;1.0;0.8032128514056225;41453.815261044176;2;2;2;3;1;4;1;1;1;1;2;2;2;1;2;2;2;1;2;1;2;2;2;1;2;1;3;3;1;2;2;2;5;2;1;1;4;2;5;4;2;2;4;4;2;2;1;2;2;2;4;7;6;4;4;4;4;4;1;2;1;2;2;3;3;3;4;3;3;3;3;3;2;3;3;3;2;2;3;2;2;4;4;4;3;3;3;3;3;2;3;2;2;2;3;3;2;0;0;0;0;0;0;0;0;0;0;0;1;8;3;4;3;6;2;8;2;2;2;2;3;2;4;3;2;2;0;2;0;1;0;2;2;2;2;4;3;4;4;4;4;4;1;2;2;1;2;2;2;2;2;3;1;2;1;1;3;1;3;1;4;8;8;3;2;3;9;1;2;2;2;2;4;4;7;8;3;1;2;9;2;3;1;3;2;1;5;3;8;8;3;8;4;3;3;1;5;2;10;2;2;3;3;3;3;2;2;2;2;1;3;2;2;3;2;2;3;2;3;3;3;3;3;3;1;2;-2;-2;-2;1;3;2;3;3;1;4;4;3;1;2;2;2;3;2;4;4;3;1;9;2;1;9;2;2;2;7;7;3;2;2;2;4;4;4;4;1;1991;26;2;1;1;1;1;410;410;410;1;3;2;2390;6;0;6;3;-3;-3;-2;-2;-2;-2;7;-3;-3;-3;9;-3;2;2;3;4;2;0;100000020;410004;1;1;2;0.7616666666666667;0.7483333333333334;0.42333333333333334;0.3883333333333333;0.5;0.33;0.66;0.49666666666666676;1.0;1.0;1.0;1.0;1.0;1.0;1.0;1.0;0.66;0.66;0.33;0.5499999999999999;1.0;0.0;1.0;0.6666666666666666;1.0;0.0;0.33;0.44333333333333336;0.0;0.2222222222222222;0.7777777777777778;0.3333333333333333;0.0;0.5;0.25;0.25;1.0;1.0;1.0;1.0;1.0;1.0;1.0;1.0;1.0;1.0;1.0;1.0;1;0;0;0;0;6;4;5;4;5;3;3;4;3;3;3;7;2;3;8;3;-3;-3;3;300;20000;1000;-3;5;1;-3;-3;-3;7;2;1;1;1;1;1;1;1;1;1;3;7;2;3;1;4;2;2;2;-3
"1-5-0 (2020-11-16)";"doi.org/10.14281/18241.1";2018;410;"KOR";732;"ROK";410071095;20180112;201712;201801;13.19;13.39;20;1;410045;410011;7;4;3;1;1095;2390;"ko";2;1;1.0;0.8032128514056225;41453.815261044176;2;1;3;3;3;3;2;1;2;1;1;2;1;1;2;2;2;1;2;1;2;2;2;1;2;2;2;2;4;4;4;4;5;2;1;1;5;2;5;5;3;3;3;4;1;2;1;3;2;1;7;5;5;4;4;4;4;4;1;2;2;2;3;3;3;3;3;4;2;2;1;1;1;1;2;2;2;2;1;3;2;3;2;1;3;3;3;2;2;2;3;3;2;7;3;1;2;1;1;1;0;0;0;0;1;0;0;1;0;9;4;3;2;4;1;3;2;2;2;2;2;2;2;4;4;2;2;2;1;0;1;1;1;1;2;4;4;4;4;4;4;4;1;2;2;1;1;2;2;3;3;4;1;1;1;2;1;3;2;3;1;10;7;4;5;7;7;4;1;2;2;2;3;3;3;4;2;2;2;4;3;5;2;2;2;4;1;6;7;6;5;5;1;1;1;1;1;1;7;2;4;4;3;3;5;1;5;1;1;1;1;3;2;2;2;2;2;2;2;2;2;2;2;2;4;4;410002;410002;410002;2;4;4;4;2;2;4;4;2;1;1;1;1;4;3;3;2;10;3;10;10;2;7;6;4;10;10;6;7;2;3;2;2;3;3;3;2;1997;20;1;1;1;1;1;410;410;410;1;4;2;2390;6;0;3;2;-3;-3;5;3;5;3;6;-3;-3;-3;1;-3;2;1;3;6;2;2;20000000;410004;2;2;2;0.6652777777777779;0.663888888888889;0.6708796296296297;0.7592592592592593;1.0;0.66;0.33;0.6633333333333334;0.66;1.0;0.3333333333333333;0.6644444444444444;1.0;1.0;1.0;1.0;1.0;0.0;0.0;0.3333333333333333;1.0;1.0;1.0;1.0;1.0;1.0;1.0;1.0;0.3333333333333333;0.5555555555555556;0.6666666666666666;0.5185185185185185;0.33;0.0;0.165;0.165;1.0;1.0;1.0;1.0;1.0;1.0;1.0;1.0;1.0;1.0;1.0;1.0;0;0;1;1;0;7;7;6;5;4;6;4;4;3;4;6;5;7;8;5;3;-3;-3;2;700;40000;8000;-3;5;1;-3;-3;-3;6;1;1;5;4;6;8;3;3;3;6;1;1;3;2;2;1;9;4;4;-3
"1-5-0 (2020-11-16)";"doi.org/10.14281/18241.1";2018;410;"KOR";732;"ROK";410071096;20180112;201712;201801;13.52;14.36;44;1;410045;410011;7;4;3;1;1096;2390;"ko";2;1;1.0;0.8032128514056225;41453.815261044176;1;2;2;2;2;2;2;1;2;1;1;1;1;2;2;2;2;1;2;1;2;1;2;2;2;2;2;2;2;3;3;2;3;3;2;1;4;2;4;2;3;2;2;4;2;2;1;2;2;2;5;7;6;4;4;4;4;4;1;2;1;2;2;3;3;3;3;3;2;2;1;2;2;2;3;3;3;3;2;3;2;3;3;4;2;2;2;2;2;2;2;2;2;3;3;1;2;0;0;1;0;0;0;0;0;0;0;0;0;7;5;3;4;4;1;4;2;3;2;2;3;2;1;5;4;2;2;1;2;0;2;1;1;1;1;4;4;4;4;4;4;4;2;2;2;1;1;2;2;2;3;4;2;1;2;1;3;3;2;1;3;8;8;7;4;7;8;4;2;2;1;2;3;3;7;8;3;1;2;2;1;5;2;1;1;5;1;5;7;7;2;2;1;2;2;2;1;2;6;2;4;4;3;3;5;1;1;5;5;5;5;4;3;3;3;3;3;3;3;3;3;3;3;3;2;1;410002;410002;410002;2;4;3;3;2;2;3;3;2;2;2;2;1;3;2;3;6;10;2;9;9;2;8;4;2;9;9;8;8;2;2;2;2;2;4;4;2;1964;53;4;3;1;1;1;410;410;410;1;4;1;2390;1;2;3;2;5;3;1;1;1;1;5;1;-3;6;7;-3;2;2;3;4;2;0;100000020;410004;3;2;1;0.4841666666666667;0.5816666666666668;0.6075462962962963;0.5075925925925926;0.5;0.33;0.33;0.3866666666666667;0.33;1.0;1.0;0.7766666666666667;1.0;0.0;0.0;0.3333333333333333;0.66;0.33;0.33;0.44;1.0;1.0;1.0;1.0;0.5;0.33;0.66;0.49666666666666676;0.4444444444444444;0.4444444444444444;0.6666666666666666;0.5185185185185185;0.33;0.5;0.41500000000000004;0.41500000000000004;1.0;1.0;1.0;1.0;1.0;1.0;1.0;1.0;1.0;1.0;1.0;1.0;1;0;1;0;1;8;6;6;7;3;6;4;4;4;4;5;8;7;4;7;5;-3;-3;3;500;30000;7500;-3;4;1;-3;-3;-3;9;4;1;1;3;3;7;3;3;3;3;2;1;4;2;2;3;7;3;3;4
"1-5-0 (2020-11-16)";"doi.org/10.14281/18241.1";2018;410;"KOR";732;"ROK";410071097;20180112;201712;201801;13.53;14.13;20;1;410042;410008;7;4;3;1;1097;2390;"ko";3;1;1.0;0.8032128514056225;41453.815261044176;1;2;1;2;1;2;1;1;2;1;1;2;2;1;2;2;2;1;2;1;2;1;2;1;2;2;1;2;1;3;2;2;2;1;2;1;4;2;3;2;2;2;1;3;2;1;1;2;3;2;5;6;4;3;4;4;3;3;1;2;1;2;2;3;2;3;3;3;3;3;2;3;3;3;3;3;3;3;3;3;3;2;2;2;3;3;3;3;3;3;3;2;3;8;3;3;2;0;1;1;0;0;0;0;0;0;0;0;0;4;4;4;4;4;1;8;3;3;3;3;3;2;2;3;4;2;2;2;2;1;2;1;2;3;2;3;2;3;3;3;3;3;1;1;2;1;1;2;2;2;2;2;1;1;1;1;2;1;3;2;4;7;7;7;7;7;7;7;2;2;2;2;3;3;5;7;3;1;1;2;2;1;2;2;1;2;3;5;5;5;3;3;2;2;2;1;2;1;2;2;2;2;2;2;1;1;4;5;5;5;5;2;2;2;2;2;2;3;3;3;2;3;3;3;1;1;410002;410002;410002;2;3;1;2;2;2;2;3;2;2;1;2;2;4;1;4;3;7;3;9;8;3;8;8;7;8;9;8;7;2;2;2;2;3;3;3;1;1961;56;5;3;1;1;1;410;410;410;1;2;2;2390;3;1;3;2;-3;-3;1;1;1;1;1;-3;8;-5;10;1;1;2;3;4;2;0;100000020;410004;1;1;2;0.4838888888888889;0.47111111111111115;0.4091666666666667;0.31833333333333336;0.5;0.33;0.0;0.27666666666666667;0.33;1.0;0.6666666666666666;0.6655555555555556;0.0;1.0;0.0;0.3333333333333333;0.66;0.66;0.66;0.66;1.0;1.0;1.0;1.0;0.25;0.0;0.66;0.30333333333333334;0.1111111111111111;0.4444444444444444;0.4444444444444444;0.3333333333333333;0.0;0.0;0.0;0.0;1.0;1.0;1.0;1.0;1.0;1.0;1.0;1.0;1.0;1.0;1.0;1.0;0;0;0;1;0;4;6;6;7;3;4;4;3;3;3;3;4;5;5;5;5;1;7;3;200;10000;300;4;4;1;5;5;5;4;4;2;1;4;7;8;2;3;4;7;2;1;3;3;2;2;9;2;3;-5
"1-5-0 (2020-11-16)";"doi.org/10.14281/18241.1";2018;410;"KOR";732;"ROK";410071098;20180112;201712;201801;14.15;14.35;20;1;410042;410008;7;4;3;1;1098;2390;"ko";2;1;1.0;0.8032128514056225;41453.815261044176;1;2;2;2;1;1;2;1;1;1;1;2;2;1;2;2;2;1;2;1;2;1;2;1;1;2;2;3;2;4;3;3;3;3;2;1;4;2;5;1;3;1;1;2;2;2;1;1;2;2;8;8;5;4;4;4;4;4;2;2;2;2;2;3;2;3;2;2;3;3;3;2;2;2;3;3;2;2;3;2;2;3;3;3;3;3;2;3;3;3;3;3;3;7;3;3;2;2;0;1;0;0;0;2;1;1;1;0;0;7;5;7;5;1;2;7;2;2;2;2;4;2;4;7;3;2;1;1;1;1;1;1;1;2;2;2;2;4;4;4;4;4;2;2;2;2;3;2;1;2;4;2;2;2;1;1;2;1;3;3;1;6;5;8;9;4;5;10;1;1;1;1;2;3;1;2;1;1;1;8;2;2;1;1;1;1;1;1;1;1;1;1;1;5;1;1;1;1;3;2;2;2;3;3;5;2;5;1;4;4;5;5;1;3;2;3;3;3;2;3;3;3;2;3;1;1;-2;-2;-2;3;3;3;2;3;3;3;3;1;1;1;1;3;3;2;4;9;4;8;10;8;4;10;7;3;8;10;7;7;2;2;2;2;2;2;2;1;1969;48;4;2;1;1;1;410;410;410;1;6;1;2390;1;4;8;3;5;3;1;1;1;1;2;5;3;-5;9;1;1;2;5;2;1;2;20000000;410004;1;1;2;0.22083333333333333;0.11;0.40249999999999997;0.305;0.0;0.33;0.33;0.22;0.0;0.0;0.0;0.0;1.0;0.0;0.0;0.3333333333333333;0.33;0.33;0.33;0.33;1.0;1.0;1.0;1.0;0.5;0.33;1.0;0.61;0.0;0.0;0.0;0.0;0.0;0.0;0.0;0.0;1.0;1.0;1.0;1.0;1.0;1.0;1.0;1.0;1.0;1.0;1.0;1.0;0;0;0;1;0;8;8;7;7;7;5;5;6;5;7;5;8;5;5;8;2;2;5;3;200;10000;0;7;3;5;8;8;8;8;3;1;1;5;4;5;5;5;5;4;1;2;1;4;1;4;5;5;5;4
"1-5-0 (2020-11-16)";"doi.org/10.14281/18241.1";2018;410;"KOR";732;"ROK";410071099;20180112;201712;201801;14.22;14.42;20;1;410048;410014;7;4;3;1;1099;2390;"ko";2;1;1.0;0.8032128514056225;41453.815261044176;1;2;2;2;3;3;1;1;1;1;1;2;2;2;2;2;2;1;2;1;2;1;2;1;2;2;3;2;3;3;3;3;4;2;2;1;2;1;2;2;2;1;2;2;2;3;1;3;2;3;5;5;5;4;4;4;4;4;1;1;1;2;2;2;2;2;3;3;3;3;3;4;4;4;4;4;3;3;3;3;3;3;3;3;3;3;3;3;3;3;3;3;3;7;3;1;2;0;0;0;0;0;0;0;0;0;0;0;0;8;5;7;3;3;2;7;2;2;2;2;2;2;4;7;3;2;2;2;1;2;2;1;1;2;3;4;4;4;4;4;3;4;1;1;2;2;2;2;2;2;2;3;1;2;1;2;1;1;3;1;2;5;5;6;4;5;7;5;1;1;1;1;3;3;4;5;2;2;2;3;3;2;2;3;2;3;2;3;3;2;2;2;2;3;3;2;2;2;2;3;3;4;2;2;5;2;5;1;5;2;5;1;1;2;2;2;2;2;2;2;2;2;2;2;1;1;-2;-2;-2;1;4;2;3;2;2;3;4;1;1;1;2;3;4;3;4;7;7;5;9;5;2;8;5;3;8;8;7;7;2;2;2;2;2;3;3;2;1959;58;5;3;1;1;1;410;410;410;1;4;1;2390;1;2;3;2;3;2;1;1;1;1;5;1;-3;3;9;-3;2;2;3;5;2;7;70000000;410004;1;1;1;0.8175000000000001;0.6916666666666668;0.47805555555555557;0.45611111111111113;1.0;0.33;0.66;0.6633333333333334;0.66;1.0;0.5;0.7200000000000001;1.0;1.0;1.0;1.0;0.66;1.0;1.0;0.8866666666666667;1.0;1.0;1.0;1.0;0.75;0.66;0.66;0.6900000000000001;0.2222222222222222;0.2222222222222222;0.2222222222222222;0.2222222222222222;0.0;0.0;0.0;0.0;1.0;1.0;1.0;1.0;1.0;1.0;1.0;1.0;1.0;1.0;1.0;1.0;0;0;0;0;1;6;5;5;7;5;5;3;3;5;3;3;6;3;5;7;5;-3;-3;3;600;35000;0;-3;5;1;-3;-3;-3;8;5;1;1;3;4;3;6;3;3;2;2;2;2;3;2;3;3;5;3;4
"1-5-0 (2020-11-16)";"doi.org/10.14281/18241.1";2018;410;"KOR";732;"ROK";410071100;20180112;201712;201801;14.37;14.58;21;1;410042;410008;7;4;3;1;1100;2390;"ko";3;1;1.0;0.8032128514056225;41453.815261044176;1;1;2;1;1;2;1;1;2;1;2;1;2;1;2;2;2;1;2;1;2;1;2;1;2;2;1;2;3;3;3;4;3;3;1;1;3;3;5;1;1;1;1;3;2;2;1;3;2;1;10;7;9;4;4;4;4;4;1;1;1;2;1;3;3;3;3;3;3;3;3;3;3;2;3;4;2;3;3;3;3;3;3;4;3;3;3;3;3;3;3;3;3;5;3;1;2;0;1;1;0;1;0;0;0;0;0;0;1;9;7;8;3;7;1;9;3;3;2;2;3;2;3;2;3;2;2;2;1;2;1;2;2;3;2;4;3;3;4;4;4;4;2;2;2;3;1;2;2;3;2;2;1;1;1;1;2;1;3;3;1;10;10;5;5;10;1;1;2;2;2;2;4;4;7;8;3;1;1;4;2;3;1;1;1;4;6;5;5;9;1;5;1;8;1;1;3;1;10;2;3;4;2;2;1;1;5;1;4;1;1;2;2;2;2;2;2;1;3;1;1;1;2;3;1;1;410002;410002;410002;2;4;2;2;4;1;3;4;1;1;1;4;2;4;1;4;1;7;1;10;5;1;5;5;5;10;10;8;8;2;1;1;2;2;4;4;1;1979;38;3;2;1;1;1;410;410;410;1;3;1;2390;6;0;6;3;-3;-3;2;1;3;2;1;-3;3;-3;9;1;2;1;3;3;1;0;100000020;410004;1;1;2;0.5258333333333334;0.555;0.4201851851851852;0.5070370370370371;1.0;0.0;0.0;0.3333333333333333;0.33;1.0;1.0;0.7766666666666667;1.0;0.0;0.0;0.3333333333333333;0.66;0.66;0.66;0.66;1.0;0.0;1.0;0.6666666666666666;0.5;0.66;0.66;0.6066666666666668;0.3333333333333333;0.4444444444444444;0.4444444444444444;0.4074074074074074;0.0;0.0;0.0;0.0;1.0;1.0;1.0;1.0;1.0;1.0;1.0;1.0;1.0;1.0;1.0;1.0;0;0;0;1;0;7;6;3;8;2;3;4;3;2;3;5;8;5;5;10;6;2;7;2;300;20000;1000;7;3;1;7;7;6;10;6;1;1;4;1;10;1;1;4;1;1;1;3;3;2;1;10;1;1;-3
"1-5-0 (2020-11-16)";"doi.org/10.14281/18241.1";2018;410;"KOR";732;"ROK";410071101;20180112;201712;201801;15.09;15.29;20;1;410044;410010;7;4;3;1;1101;2390;"ko";2;1;1.0;0.8032128514056225;41453.815261044176;1;1;1;3;2;3;1;2;1;1;2;2;1;1;2;2;2;1;2;1;2;1;2;2;2;2;3;4;3;2;3;3;3;3;4;2;4;2;4;3;2;3;3;3;2;1;2;2;2;2;6;7;6;4;4;4;4;4;3;1;1;1;2;3;3;3;2;3;3;2;2;1;2;3;3;3;2;2;3;3;3;3;3;2;3;3;3;2;2;3;3;2;2;7;3;3;2;0;2;1;2;0;0;0;1;2;1;1;1;3;4;3;5;4;1;10;4;4;4;3;3;1;3;7;2;1;2;1;0;0;1;1;1;2;2;4;4;4;4;4;4;4;1;1;2;2;2;2;2;1;2;3;2;1;1;2;1;1;3;1;3;7;8;5;8;7;8;8;2;2;2;2;3;4;7;8;3;1;2;8;2;1;1;1;1;2;1;2;1;1;1;1;2;1;1;1;1;1;3;3;4;4;3;2;5;1;2;1;1;1;2;2;3;3;3;3;3;3;3;3;3;3;3;3;2;2;410002;410002;410002;2;3;1;3;3;2;4;3;3;3;2;2;3;2;3;3;6;3;4;5;4;5;5;8;6;6;7;5;6;3;2;1;1;1;2;2;1;1990;27;2;1;1;1;1;410;410;410;1;1;1;2390;6;0;6;3;-3;-3;3;2;3;2;1;-3;5;-3;4;2;1;2;3;6;2;0;100000020;410004;1;1;1;0.4283333333333334;0.6916666666666668;0.2260185185185185;0.2853703703703704;0.5;0.33;0.66;0.49666666666666676;0.66;1.0;1.0;0.8866666666666667;0.0;0.0;0.0;0.0;0.66;0.0;0.33;0.33;0.0;0.0;1.0;0.3333333333333333;0.5;0.66;0.33;0.49666666666666676;0.1111111111111111;0.1111111111111111;0.0;0.07407407407407407;0.0;0.0;0.0;0.0;1.0;1.0;1.0;1.0;1.0;1.0;1.0;1.0;1.0;1.0;1.0;1.0;0;0;0;0;1;8;8;7;7;8;5;6;4;7;7;7;7;6;6;7;6;1;2;3;250;7000;0;8;5;2;7;8;7;8;6;1;1;4;3;6;4;3;2;4;2;1;2;3;3;3;7;2;3;-3
"1-5-0 (2020-11-16)";"doi.org/10.14281/18241.1";2018;410;"KOR";732;"ROK";410071102;20180112;201712;201801;15.28;15.48;20;1;410044;410010;7;4;3;1;1102;2390;"ko";2;1;1.0;0.8032128514056225;41453.815261044176;1;1;1;3;3;3;1;2;1;1;1;2;1;2;2;2;2;1;2;1;2;1;2;2;2;2;3;4;4;3;3;3;3;3;4;2;3;3;4;3;4;3;3;3;1;1;2;2;2;1;7;8;7;4;4;4;4;4;3;2;1;2;3;3;3;3;3;2;3;3;2;4;4;4;3;4;3;3;2;2;2;2;2;3;3;3;2;2;2;2;2;2;2;7;1;3;2;0;2;2;1;1;1;1;0;1;0;1;1;8;7;6;5;5;1;9;4;4;3;3;3;1;4;7;2;0;2;1;1;1;1;2;1;2;2;4;4;4;4;4;4;4;1;2;2;2;2;2;2;1;2;2;2;1;1;1;2;3;1;1;2;6;7;3;5;7;6;3;2;2;2;2;3;3;7;8;3;1;2;7;2;1;1;1;2;1;1;2;5;3;2;2;2;1;2;2;1;2;5;3;3;4;3;2;3;1;3;1;1;1;2;2;2;3;3;3;3;3;3;3;3;3;3;3;2;2;-2;-2;-2;3;4;2;3;3;2;3;3;3;3;2;2;3;3;2;2;6;7;4;5;6;6;5;8;7;8;5;6;5;3;2;1;1;2;3;3;2;1992;25;2;1;1;1;1;410;410;410;1;1;1;2390;6;0;6;3;-3;-3;3;2;3;2;1;-3;3;-3;4;2;1;2;3;5;2;0;100000020;410004;1;1;0;0.6233333333333334;0.6916666666666668;0.39296296296296296;0.45259259259259266;0.5;0.33;0.66;0.49666666666666676;0.66;1.0;1.0;0.8866666666666667;0.0;0.0;1.0;0.3333333333333333;0.33;1.0;1.0;0.7766666666666667;0.0;1.0;1.0;0.6666666666666666;0.5;1.0;0.66;0.7200000000000001;0.0;0.1111111111111111;0.4444444444444444;0.1851851851851852;0.0;0.0;0.0;0.0;1.0;1.0;1.0;1.0;1.0;1.0;1.0;1.0;1.0;1.0;1.0;1.0;0;0;0;0;1;8;8;8;7;7;7;7;5;7;8;6;6;4;6;7;8;1;4;3;230;4000;0;8;6;3;7;7;8;8;7;1;1;3;3;5;3;4;2;2;3;7;2;3;3;3;5;4;6;-3
"1-5-0 (2020-11-16)";"doi.org/10.14281/18241.1";2018;410;"KOR";732;"ROK";410071103;20180112;201712;201801;15.41;16.01;20;1;410044;410010;7;4;3;1;1103;2390;"ko";3;1;1.0;0.8032128514056225;41453.815261044176;1;1;1;4;2;3;1;2;1;1;1;1;2;2;2;2;2;1;2;1;2;1;2;2;2;2;3;3;3;2;3;3;3;3;4;2;3;3;3;3;4;3;2;3;2;1;1;2;2;2;7;8;7;4;4;4;4;4;3;2;1;1;2;3;3;3;3;3;3;3;2;3;3;4;3;4;2;3;3;3;2;2;2;3;3;3;2;2;2;2;2;2;2;7;1;3;2;0;0;0;0;0;1;1;1;2;2;1;1;7;8;7;6;6;1;9;4;4;4;3;3;1;3;6;4;0;2;1;1;0;1;2;1;3;2;4;4;4;4;4;4;4;1;1;2;3;3;2;2;1;2;2;2;1;1;1;2;1;4;1;3;7;6;8;8;6;7;3;2;2;2;2;3;4;7;8;3;1;2;6;2;1;2;1;2;1;2;5;3;2;1;2;1;2;2;1;1;2;4;3;4;4;3;2;5;1;2;2;5;2;5;5;3;3;3;3;3;3;3;3;3;3;3;3;1;1;-2;-2;-2;3;2;4;3;2;3;3;3;4;3;2;3;3;2;3;3;7;7;4;7;6;5;7;7;4;6;5;6;7;2;2;1;1;2;3;3;2;1955;62;5;3;1;1;1;410;410;410;1;2;1;2390;1;2;3;2;3;2;0;1;0;1;1;1;4;4;9;3;2;2;3;7;2;0;100000020;410004;2;2;0;0.5941666666666667;0.6916666666666668;0.38763888888888887;0.35944444444444446;0.5;0.33;0.66;0.49666666666666676;0.66;1.0;1.0;0.8866666666666667;0.0;0.0;1.0;0.3333333333333333;0.66;0.66;0.66;0.66;0.0;1.0;1.0;0.6666666666666666;0.5;0.66;0.33;0.49666666666666676;0.0;0.4444444444444444;0.2222222222222222;0.2222222222222222;0.33;0.0;0.165;0.165;1.0;1.0;1.0;1.0;1.0;1.0;1.0;1.0;1.0;1.0;1.0;1.0;0;0;1;0;1;7;9;8;8;6;6;5;7;7;3;4;6;6;5;5;7;5;2;3;400;26000;0;8;7;1;9;8;7;8;7;1;1;5;3;6;3;5;5;2;3;1;1;3;2;2;7;3;5;4
"1-5-0 (2020-11-16)";"doi.org/10.14281/18241.1";2018;410;"KOR";732;"ROK";410071104;20180112;201712;201801;15.56;16.21;25;1;410045;410011;7;4;3;1;1104;2390;"ko";1;1;1.0;0.8032128514056225;41453.815261044176;1;2;1;2;2;2;2;2;2;1;2;1;1;1;1;2;2;1;2;1;2;1;2;1;2;2;1;2;3;3;4;2;3;3;2;1;4;2;4;3;3;2;2;3;2;2;1;3;1;1;8;8;8;4;4;4;4;4;1;1;1;1;2;3;2;2;2;2;2;2;2;2;1;1;3;2;2;2;1;2;1;2;2;2;2;2;2;2;2;2;2;2;2;4;3;1;2;2;2;2;0;1;0;1;0;0;0;1;0;9;2;2;2;2;1;4;2;3;2;2;2;2;1;4;4;2;2;1;1;1;2;1;1;1;1;4;4;4;4;4;4;4;2;2;2;1;3;2;2;2;3;4;1;1;1;2;1;3;2;1;3;10;9;7;4;4;9;4;1;1;2;2;3;3;1;1;1;1;1;8;1;5;1;1;1;5;1;5;8;6;4;3;1;2;3;3;1;1;5;2;3;3;2;2;1;1;1;5;2;1;5;3;2;2;1;2;1;2;2;2;1;1;2;2;1;1;410002;410002;410002;1;4;4;4;2;2;4;4;2;2;1;1;1;4;3;3;5;10;4;10;10;1;7;2;2;10;10;9;9;1;1;2;2;2;2;2;2;1956;61;5;3;1;1;1;410;410;410;1;5;3;2390;1;2;6;3;8;3;3;2;3;2;5;1;-3;1;3;-3;2;1;2;7;2;2;20000000;410004;2;2;0;0.24916666666666665;0.22166666666666665;0.4151388888888889;0.5811111111111111;1.0;0.0;0.0;0.3333333333333333;0.33;0.0;0.0;0.11;1.0;0.0;0.0;0.3333333333333333;0.33;0.33;0.0;0.22;0.0;0.0;1.0;0.3333333333333333;0.5;0.66;0.66;0.6066666666666668;0.4444444444444444;0.4444444444444444;0.7777777777777778;0.5555555555555556;0.33;0.0;0.165;0.165;1.0;1.0;1.0;1.0;1.0;1.0;1.0;1.0;1.0;1.0;1.0;1.0;0;0;1;0;1;8;7;6;6;3;6;2;2;2;5;6;8;7;8;7;5;-3;-3;2;1000;150000;48000;-3;5;1;-3;-3;-3;8;8;1;2;3;4;7;3;3;3;4;1;1;3;2;3;1;7;3;4;4
"1-5-0 (2020-11-16)";"doi.org/10.14281/18241.1";2018;410;"KOR";732;"ROK";410071105;20180112;201712;201801;16.02;16.22;20;1;410044;410010;7;4;3;1;1105;2390;"ko";2;1;1.0;0.8032128514056225;41453.815261044176;1;1;1;3;2;3;1;2;1;1;2;2;1;1;2;2;2;1;2;1;2;1;2;1;2;2;2;3;2;3;2;3;3;3;4;2;3;3;2;4;3;2;2;2;1;1;2;2;2;2;8;8;7;4;4;4;4;4;3;2;1;1;3;4;4;4;3;3;3;3;3;2;4;4;4;4;3;2;3;4;3;3;2;2;2;2;2;3;2;3;2;2;3;8;1;3;2;0;1;1;0;0;0;1;1;2;1;1;1;7;8;4;3;3;1;9;4;4;4;3;3;1;4;9;2;0;1;2;1;1;1;2;1;3;3;4;4;4;4;4;4;4;1;1;2;2;2;2;2;1;2;2;1;2;1;2;1;1;3;1;2;7;5;5;7;4;7;2;2;2;2;2;3;3;7;8;2;1;2;7;2;2;1;1;1;1;1;7;7;5;3;4;1;3;2;1;1;1;3;3;4;4;3;2;2;1;2;1;2;1;5;2;3;3;3;3;3;3;3;3;3;3;3;3;1;1;-2;-2;-2;3;3;4;2;3;3;2;3;3;3;2;3;2;3;2;3;6;7;6;5;7;7;6;8;8;5;7;5;7;2;2;1;1;1;2;2;2;1968;49;4;2;1;1;1;410;410;410;1;3;1;2390;1;1;6;3;6;3;1;1;1;1;5;3;-3;4;9;-3;2;2;5;6;2;0;100000020;410004;1;1;1;0.5675;0.6366666666666667;0.3186111111111111;0.4705555555555556;0.5;0.33;0.33;0.3866666666666667;0.66;1.0;1.0;0.8866666666666667;1.0;0.0;0.0;0.3333333333333333;0.66;0.33;1.0;0.6633333333333334;0.0;0.0;1.0;0.3333333333333333;0.5;0.33;0.66;0.49666666666666676;0.0;0.6666666666666666;0.6666666666666666;0.4444444444444444;0.0;0.0;0.0;0.0;1.0;1.0;1.0;1.0;1.0;1.0;1.0;1.0;1.0;1.0;1.0;1.0;0;0;0;0;1;7;9;8;6;6;6;4;5;6;7;7;8;7;7;7;6;-3;-3;3;400;26000;5000;9;6;1;8;7;8;8;6;1;1;4;3;5;3;4;3;2;3;7;2;3;3;3;5;3;5;4
"1-5-0 (2020-11-16)";"doi.org/10.14281/18241.1";2018;410;"KOR";732;"ROK";410071106;20180112;201712;201801;16.06;16.25;20;1;410047;410013;7;4;3;1;1106;2390;"ko";2;1;1.0;0.8032128514056225;41453.815261044176;1;2;2;2;2;2;1;1;1;1;1;2;2;2;2;2;2;1;2;1;2;2;2;2;2;2;2;2;2;3;2;2;4;2;1;1;3;3;2;2;4;2;3;2;2;2;1;2;2;2;6;6;7;4;4;4;4;4;3;2;1;3;2;2;2;2;2;3;3;3;3;3;3;3;3;4;3;3;2;3;3;3;3;3;2;2;3;2;2;3;3;2;2;6;1;2;2;1;0;0;0;0;0;0;0;0;0;0;0;6;6;7;5;7;1;6;2;3;2;2;2;1;3;6;3;2;2;2;2;2;2;2;2;2;3;2;1;2;2;2;2;1;1;2;2;4;2;2;2;2;2;3;2;1;2;1;3;3;2;2;1;5;6;7;7;4;7;7;1;1;1;1;3;3;3;4;2;2;1;4;4;5;5;5;5;8;6;7;7;9;4;7;1;6;6;6;4;4;7;3;3;3;2;2;5;1;4;1;3;1;3;2;1;1;1;2;1;2;2;1;1;1;1;1;1;1;410002;410002;410002;2;3;2;2;3;3;2;3;2;3;1;3;1;4;2;4;5;7;7;10;6;3;9;4;3;8;10;8;6;2;2;2;2;1;3;3;2;1976;41;3;2;1;1;1;410;410;410;1;3;1;2390;1;1;6;3;6;3;1;1;1;1;3;3;5;5;5;2;2;2;3;4;2;1;10100000;410004;3;2;1;0.6502777777777778;0.47055555555555556;0.674675925925926;0.6418518518518519;0.5;0.33;0.33;0.3866666666666667;0.33;1.0;0.3333333333333333;0.5544444444444444;1.0;1.0;1.0;1.0;0.66;0.66;0.66;0.66;1.0;1.0;1.0;1.0;0.75;0.33;0.66;0.5800000000000001;0.7777777777777778;0.6666666666666666;0.6666666666666666;0.7037037037037037;0.33;0.5;0.41500000000000004;0.41500000000000004;1.0;1.0;1.0;1.0;1.0;1.0;1.0;1.0;1.0;1.0;1.0;1.0;1;0;1;1;0;6;7;6;7;7;7;7;7;5;6;5;7;6;6;5;7;4;1;2;500;5000;0;7;4;2;8;8;6;5;4;2;1;6;7;8;1;2;5;7;2;1;3;1;1;2;8;1;2;4
"1-5-0 (2020-11-16)";"doi.org/10.14281/18241.1";2018;410;"KOR";732;"ROK";410071107;20180112;201712;201801;16.17;16.37;20;1;410026;410002;8;5;2;1;1107;2390;"ko";2;1;1.0;0.8032128514056225;41453.815261044176;1;2;2;3;3;4;1;1;1;1;1;2;2;2;2;2;2;1;1;1;1;1;2;2;2;2;2;2;1;2;2;2;2;1;2;1;3;3;2;3;2;2;3;3;2;1;1;1;2;2;6;7;7;4;4;4;4;4;1;1;2;2;2;3;3;4;2;3;3;4;3;2;3;3;2;3;3;3;2;3;3;4;3;4;3;3;3;3;2;2;2;2;2;7;1;3;1;0;0;0;0;0;0;0;0;0;0;0;0;6;7;8;6;5;2;9;4;3;3;3;3;3;3;6;3;0;0;2;2;2;2;2;2;3;2;4;4;4;4;4;4;4;2;2;2;2;2;2;2;2;2;2;1;2;1;2;1;3;1;1;2;9;9;8;7;8;10;6;2;2;2;2;3;3;7;8;3;2;2;5;3;1;1;1;1;1;1;1;1;6;1;6;1;1;1;1;1;1;9;2;2;2;2;3;1;2;2;3;2;3;2;2;1;1;1;1;3;3;3;3;3;3;3;3;4;4;410002;410002;410002;3;4;3;3;2;3;3;4;3;3;3;2;3;2;2;3;4;8;8;8;8;8;8;8;9;8;9;8;8;2;3;2;2;2;2;2;1;1956;61;5;3;1;1;1;410;410;410;1;4;1;2390;1;2;3;2;3;2;1;1;1;1;1;5;4;-5;9;2;1;2;2;7;2;0;100000020;410004;1;1;1;0.47;0.665;0.29833333333333334;0.09666666666666668;0.0;0.66;0.33;0.33;1.0;1.0;1.0;1.0;0.0;0.0;0.0;0.0;0.66;0.33;0.66;0.5499999999999999;1.0;1.0;1.0;1.0;0.25;0.0;0.33;0.19333333333333336;0.0;0.0;0.0;0.0;0.0;0.0;0.0;0.0;1.0;1.0;1.0;1.0;1.0;1.0;1.0;1.0;1.0;1.0;1.0;1.0;0;0;0;0;1;9;8;7;8;8;7;7;7;8;7;7;9;7;8;8;8;4;1;2;450;35000;0;8;8;1;9;8;8;8;7;1;1;2;3;8;2;5;2;2;2;1;4;3;2;2;8;5;5;4
"1-5-0 (2020-11-16)";"doi.org/10.14281/18241.1";2018;410;"KOR";732;"ROK";410071108;20180112;201712;201801;16.2;16.41;21;1;410044;410010;7;4;3;1;1108;2390;"ko";2;1;1.0;0.8032128514056225;41453.815261044176;1;1;2;4;2;3;1;2;1;2;1;1;2;1;2;2;2;1;2;1;2;1;2;2;2;2;2;3;4;2;3;3;3;3;4;2;4;2;3;4;3;4;4;4;2;1;2;3;2;2;7;8;7;4;4;4;4;4;3;2;1;1;2;4;4;4;3;3;4;2;3;4;4;4;4;4;3;2;3;2;2;2;2;2;3;3;2;2;3;2;3;3;3;6;1;1;2;0;0;0;0;0;0;0;1;1;1;0;1;8;3;3;4;4;1;9;4;4;4;4;4;1;4;7;3;1;2;0;1;1;1;2;1;3;2;4;4;4;4;4;4;4;1;1;2;2;2;2;2;2;2;3;2;1;1;2;3;3;4;1;2;7;8;6;8;7;7;3;2;2;2;2;4;3;7;8;2;1;2;7;3;2;2;1;2;1;2;2;5;1;2;2;1;1;1;2;2;1;4;3;4;3;3;2;1;1;2;1;1;1;2;1;3;3;3;3;3;3;3;3;3;3;3;3;2;2;-2;-2;-2;3;2;3;3;4;3;2;3;3;3;1;2;3;1;2;2;6;6;7;4;8;5;6;6;5;6;6;4;7;2;2;1;1;2;3;3;1;1980;37;3;2;1;1;1;410;410;410;1;4;1;2390;1;2;6;3;6;3;3;2;3;2;1;1;5;3;4;2;1;2;3;6;2;0;100000020;410004;3;2;1;0.7483333333333333;0.72;0.469212962962963;0.3975925925925926;1.0;0.33;0.33;0.5533333333333333;0.66;1.0;1.0;0.8866666666666667;1.0;0.0;1.0;0.6666666666666666;0.66;1.0;1.0;0.8866666666666667;0.0;1.0;1.0;0.6666666666666666;0.5;1.0;0.33;0.61;0.0;0.1111111111111111;0.4444444444444444;0.1851851851851852;0.33;0.5;0.41500000000000004;0.41500000000000004;1.0;1.0;1.0;1.0;1.0;1.0;1.0;1.0;1.0;1.0;1.0;1.0;1;0;1;0;1;7;8;7;7;6;8;7;7;6;7;6;6;7;7;6;7;2;4;3;480;23500;0;9;5;1;8;8;8;7;7;1;1;3;3;6;4;3;3;3;3;1;2;3;3;2;7;4;5;4
"1-5-0 (2020-11-16)";"doi.org/10.14281/18241.1";2018;410;"KOR";732;"ROK";410071109;20180112;201712;201801;16.35;16.55;20;1;410045;410011;6;3;4;1;1109;2390;"ko";2;1;1.0;0.8032128514056225;41453.815261044176;1;1;2;2;2;2;2;1;2;1;1;1;1;2;2;2;2;1;2;1;2;1;2;1;1;2;2;2;2;3;3;2;3;3;2;1;3;3;4;4;3;2;2;3;2;3;1;3;2;2;4;6;5;4;4;4;4;4;1;2;1;2;3;3;2;3;1;2;2;2;2;1;1;2;2;2;2;2;1;3;2;3;3;3;3;3;2;2;2;2;2;2;2;7;3;1;2;1;0;0;0;0;0;0;0;1;0;0;0;7;7;2;2;2;1;4;2;3;2;2;3;1;0;4;5;2;2;1;1;0;2;1;2;1;2;4;4;4;4;4;4;4;1;2;2;1;2;1;2;3;3;4;1;2;2;1;2;2;4;1;2;8;8;7;4;5;8;7;1;1;2;1;3;3;2;3;1;1;2;3;1;2;1;1;1;3;1;3;5;5;3;2;1;1;1;1;1;1;4;3;4;4;3;3;5;1;1;1;2;1;3;3;2;3;3;3;3;3;3;3;3;2;3;3;1;1;410002;410002;410002;2;4;3;3;2;2;3;4;2;2;1;2;2;3;3;3;4;9;4;9;9;3;6;3;3;9;9;8;8;1;2;2;2;2;2;2;2;1976;41;3;2;1;1;1;410;410;410;1;4;1;2390;1;2;5;3;5;3;3;2;4;2;3;3;10;10;6;2;2;2;3;4;2;2;20000000;410004;3;3;1;0.29055555555555557;0.35944444444444446;0.5732407407407407;0.39648148148148155;1.0;0.33;0.33;0.5533333333333333;0.33;0.0;0.16666666666666666;0.16555555555555557;1.0;0.0;0.0;0.3333333333333333;0.33;0.0;0.0;0.11;1.0;1.0;1.0;1.0;0.5;0.33;0.66;0.49666666666666676;0.2222222222222222;0.2222222222222222;0.4444444444444444;0.2962962962962963;1.0;0.0;0.5;0.5;1.0;1.0;1.0;1.0;1.0;1.0;1.0;1.0;1.0;1.0;1.0;1.0;0;1;1;0;1;7;6;6;7;4;6;3;3;3;5;7;6;6;6;7;5;3;2;3;400;20000;5000;7;4;2;7;7;6;7;5;1;2;2;5;7;2;2;2;2;2;1;2;3;2;2;7;2;1;4
"1-5-0 (2020-11-16)";"doi.org/10.14281/18241.1";2018;410;"KOR";732;"ROK";410071110;20180112;201712;201801;16.38;16.59;21;1;410047;410013;7;4;3;1;1110;2390;"ko";3;2;1.0;0.8032128514056225;41453.815261044176;1;1;1;2;1;3;1;1;1;1;2;2;2;1;2;2;2;1;2;1;2;1;2;1;2;2;1;1;3;3;3;3;4;2;4;2;5;2;4;3;3;4;4;4;1;2;1;3;2;1;8;8;8;4;4;4;4;4;1;2;1;3;2;3;3;3;2;3;2;3;3;2;2;2;3;4;1;2;2;3;2;3;3;3;2;2;2;1;1;3;2;1;1;8;3;3;1;0;0;1;0;0;0;0;0;0;0;0;0;7;4;6;5;7;1;5;2;3;2;1;3;2;3;7;2;0;2;2;1;2;1;2;2;3;3;1;1;2;2;2;1;1;1;1;2;1;1;2;2;3;3;3;2;2;2;3;4;4;1;2;3;7;8;4;8;7;8;3;2;2;1;1;4;4;7;8;3;2;2;7;1;4;4;3;3;7;6;8;7;7;4;6;1;1;4;1;7;4;7;3;4;4;3;3;5;2;5;1;3;1;1;1;1;2;2;2;2;2;2;2;2;1;2;2;1;1;410002;410002;410002;2;3;2;3;2;3;3;3;2;3;1;3;2;4;2;2;4;7;2;10;7;1;7;3;1;10;10;7;7;2;2;2;2;1;3;3;2;1988;29;2;1;1;1;1;410;410;410;1;3;2;2390;6;0;6;3;-3;-3;2;1;2;1;1;-3;3;-3;3;1;2;2;3;7;2;0;100000020;410004;4;2;2;0.6925;0.665;0.7225925925925926;0.6968518518518518;1.0;0.33;0.0;0.44333333333333336;0.66;1.0;1.0;0.8866666666666667;1.0;1.0;1.0;1.0;0.66;0.33;0.33;0.44;1.0;0.0;1.0;0.6666666666666666;0.75;0.66;0.66;0.6900000000000001;0.6666666666666666;0.7777777777777778;0.6666666666666666;0.7037037037037037;0.66;1.0;0.8300000000000001;0.8300000000000001;1.0;1.0;1.0;1.0;1.0;1.0;1.0;1.0;1.0;1.0;1.0;1.0;1;1;0;1;1;8;7;8;7;5;5;5;5;4;4;6;7;6;5;5;7;1;4;2;700;30000;3000;7;6;1;9;8;9;7;8;1;1;6;7;7;1;3;3;5;2;1;3;1;2;2;8;1;5;-3
"1-5-0 (2020-11-16)";"doi.org/10.14281/18241.1";2018;410;"KOR";732;"ROK";410071111;20180112;201712;201801;16.38;16.59;21;1;410044;410010;7;4;3;1;1111;2390;"ko";2;1;1.0;0.8032128514056225;41453.815261044176;1;1;1;3;3;3;1;2;1;1;1;1;2;2;2;2;2;1;2;1;2;1;2;1;2;2;3;3;4;3;3;3;3;3;2;1;4;2;4;3;2;4;3;3;2;1;2;2;2;2;7;7;6;4;4;4;4;4;3;2;1;1;2;3;3;3;3;2;3;2;2;4;3;2;3;4;3;3;3;2;3;3;2;2;2;2;2;3;2;2;2;2;3;7;1;2;1;0;0;2;1;2;2;1;1;1;2;0;1;7;4;3;3;3;1;9;4;4;4;3;3;1;4;7;4;0;2;2;1;0;1;2;1;3;2;4;4;4;4;4;4;4;1;2;2;2;2;2;2;1;2;2;2;1;1;1;2;1;3;1;2;8;7;5;7;8;6;4;2;2;2;2;3;4;7;8;3;2;2;7;2;2;1;1;1;1;1;4;6;4;3;6;2;1;2;1;1;1;1;3;4;3;3;2;1;1;1;1;1;1;2;1;2;3;3;3;2;2;2;2;3;2;2;2;1;1;410002;410002;410002;2;4;3;2;3;3;3;2;3;3;2;2;3;3;2;2;7;8;8;6;7;6;7;8;6;7;7;5;7;2;2;1;1;1;3;3;1;1970;47;4;2;1;1;1;410;410;410;1;4;1;2390;1;2;6;3;6;3;1;1;1;1;1;1;3;5;9;2;1;2;3;7;2;0;100000020;410004;1;1;0;0.5950000000000001;0.6916666666666668;0.42074074074074075;0.5081481481481482;0.5;0.33;0.66;0.49666666666666676;0.66;1.0;1.0;0.8866666666666667;1.0;0.0;0.0;0.3333333333333333;0.33;1.0;0.66;0.6633333333333334;0.0;1.0;1.0;0.6666666666666666;0.5;1.0;0.66;0.7200000000000001;0.0;0.3333333333333333;0.5555555555555556;0.2962962962962963;0.0;0.0;0.0;0.0;1.0;1.0;1.0;1.0;1.0;1.0;1.0;1.0;1.0;1.0;1.0;1.0;0;0;0;0;1;8;7;7;6;6;6;7;5;7;6;7;7;6;6;6;7;1;5;3;550;23000;3500;7;4;1;6;7;7;7;7;1;1;3;4;5;3;4;2;3;2;1;1;3;2;3;6;3;5;4
"1-5-0 (2020-11-16)";"doi.org/10.14281/18241.1";2018;410;"KOR";732;"ROK";410071112;20180112;201712;201801;16.43;17.08;24;1;410026;410002;8;5;2;1;1112;2390;"ko";2;1;1.0;0.8032128514056225;41453.815261044176;1;2;2;3;3;3;1;2;2;1;1;1;2;1;2;2;2;1;2;1;2;2;2;2;2;2;3;2;3;3;3;4;4;2;2;1;4;2;3;4;2;2;4;2;2;1;2;2;2;2;7;6;4;4;4;4;4;4;1;2;1;3;2;4;3;3;3;3;3;4;3;2;2;3;3;3;3;3;3;3;3;3;3;3;3;3;3;3;3;3;3;3;3;10;3;1;2;0;0;0;0;0;0;0;0;0;0;0;1;6;6;4;6;7;2;4;2;3;2;2;3;2;3;7;3;2;1;2;0;2;1;2;2;2;2;4;4;4;4;4;4;4;2;2;2;2;1;1;2;4;2;4;2;1;1;1;3;3;2;1;3;8;8;6;3;7;8;3;2;2;2;2;4;4;6;7;2;1;2;7;3;3;1;1;1;3;2;6;6;5;4;5;1;1;1;1;2;1;5;3;4;4;4;2;5;1;2;1;2;1;5;3;1;2;2;2;3;3;3;2;2;2;3;3;1;1;410002;410002;410002;2;3;2;3;2;2;3;4;2;2;1;4;2;4;1;4;4;8;1;10;8;1;9;3;2;10;9;7;7;3;2;2;2;2;4;4;2;1979;38;3;2;1;1;1;410;410;410;1;4;1;2390;1;2;6;3;6;3;3;2;3;2;5;1;-3;3;8;-3;2;2;5;3;1;7;70000000;410004;3;2;1;0.5252777777777778;0.663888888888889;0.5540277777777778;0.5672222222222223;0.5;0.33;0.66;0.49666666666666676;0.66;1.0;0.8333333333333334;0.8311111111111112;1.0;0.0;0.0;0.3333333333333333;0.66;0.33;0.33;0.44;0.0;1.0;1.0;0.6666666666666666;0.75;0.66;0.66;0.6900000000000001;0.2222222222222222;0.5555555555555556;0.5555555555555556;0.4444444444444445;0.33;0.5;0.41500000000000004;0.41500000000000004;1.0;1.0;1.0;1.0;1.0;1.0;1.0;1.0;1.0;1.0;1.0;1.0;1;0;1;0;1;6;6;4;7;4;4;3;3;4;4;5;6;4;4;8;7;-3;-3;5;280;14000;3000;-3;3;2;-3;-3;-3;8;3;1;2;4;4;5;2;2;3;3;2;1;3;1;3;2;6;1;2;4
"1-5-0 (2020-11-16)";"doi.org/10.14281/18241.1";2018;410;"KOR";732;"ROK";410071113;20180112;201712;201801;16.54;17.14;20;1;410044;410010;7;4;3;1;1113;2390;"ko";2;1;1.0;0.8032128514056225;41453.815261044176;1;1;1;3;2;3;1;2;1;2;1;1;2;1;2;2;2;1;2;1;2;1;2;1;2;2;3;2;3;4;2;3;3;3;4;2;3;3;2;3;3;4;3;3;2;1;1;2;2;2;8;6;8;4;4;4;4;4;3;2;1;1;2;3;3;3;2;3;3;3;2;2;2;4;4;4;3;2;2;3;3;2;2;2;2;2;3;4;2;3;3;2;3;7;1;2;2;0;0;0;0;1;0;1;0;0;1;1;1;6;4;8;5;6;2;9;4;4;4;4;4;1;4;6;2;0;1;0;1;2;1;2;1;3;3;4;4;4;4;4;4;4;1;2;2;2;2;2;2;1;2;2;2;1;2;2;1;3;4;2;1;7;5;7;7;5;5;4;2;2;2;2;3;3;7;8;3;1;2;8;1;2;1;1;1;1;1;5;4;4;2;4;2;1;1;1;1;1;1;2;4;4;3;2;1;1;2;1;2;2;3;1;2;3;3;3;2;2;3;3;3;3;3;3;1;1;410002;410002;410002;4;3;3;2;3;4;3;2;3;3;1;2;3;2;2;4;4;8;3;6;7;5;7;8;8;5;6;7;4;2;2;1;1;1;3;3;1;1954;63;5;3;1;1;1;410;410;410;1;2;1;2390;1;2;3;2;3;2;1;1;1;1;1;5;4;-5;9;2;1;2;3;7;2;0;100000020;410004;2;2;1;0.5391666666666667;0.6916666666666668;0.45273148148148146;0.48962962962962964;0.5;0.33;0.66;0.49666666666666676;0.66;1.0;1.0;0.8866666666666667;1.0;0.0;0.0;0.3333333333333333;0.66;0.33;0.33;0.44;0.0;1.0;1.0;0.6666666666666666;0.5;0.66;1.0;0.7200000000000001;0.0;0.4444444444444444;0.3333333333333333;0.25925925925925924;0.33;0.0;0.165;0.165;1.0;1.0;1.0;1.0;1.0;1.0;1.0;1.0;1.0;1.0;1.0;1.0;0;0;1;1;0;8;5;7;5;6;6;4;6;6;3;7;7;6;3;6;8;3;3;3;450;35000;0;7;6;1;9;7;7;7;8;1;1;4;3;4;3;5;2;3;2;1;3;3;3;3;6;3;5;4
"1-5-0 (2020-11-16)";"doi.org/10.14281/18241.1";2018;410;"KOR";732;"ROK";410071114;20180112;201712;201801;16.57;17.17;20;1;410047;410013;7;4;3;1;1114;2390;"ko";2;1;1.0;0.8032128514056225;41453.815261044176;1;1;2;2;2;3;1;2;1;1;1;2;2;1;2;2;2;1;1;1;1;1;2;1;2;2;1;3;3;3;3;3;3;3;1;1;4;2;3;3;4;2;3;3;2;2;1;3;2;1;7;9;7;4;4;4;4;4;1;1;1;3;2;2;2;3;2;2;2;2;3;2;2;2;3;4;1;2;2;2;2;2;2;3;2;2;2;2;2;2;2;2;2;6;1;2;2;0;1;0;0;0;0;0;0;0;0;0;0;7;8;7;4;4;1;5;2;3;2;2;3;1;3;5;2;2;2;2;2;2;2;2;2;3;3;2;1;1;2;2;2;1;2;2;2;4;2;2;2;2;3;3;1;1;1;1;3;1;2;2;3;7;8;5;8;4;7;5;2;1;1;1;4;4;7;8;3;1;1;4;4;5;2;4;2;6;4;6;5;7;3;4;2;1;3;1;2;4;7;3;3;3;2;2;5;1;4;1;1;1;1;2;1;2;1;2;2;2;2;2;2;1;2;2;1;1;410008;410008;410008;2;3;3;3;3;2;3;4;1;2;2;3;1;4;3;4;5;6;1;10;5;1;8;5;1;10;8;7;6;2;2;1;2;2;3;4;1;1987;30;2;2;1;1;1;410;410;410;1;4;2;2390;6;2;6;3;-3;-3;3;2;3;2;1;-3;3;-3;7;1;2;2;3;6;2;0;100000020;410004;4;2;1;0.665;0.665;0.551712962962963;0.5625925925925926;1.0;0.33;0.0;0.44333333333333336;0.66;1.0;1.0;0.8866666666666667;1.0;1.0;1.0;1.0;0.33;0.33;0.33;0.33;0.0;1.0;1.0;0.6666666666666666;0.5;0.66;0.66;0.6066666666666668;0.5555555555555556;0.5555555555555556;0.4444444444444444;0.5185185185185185;0.33;0.5;0.41500000000000004;0.41500000000000004;1.0;1.0;1.0;1.0;1.0;1.0;1.0;1.0;1.0;1.0;1.0;1.0;1;0;1;1;1;8;7;8;7;8;8;9;7;8;8;8;9;7;9;7;8;1;4;2;800;25000;0;8;6;1;9;7;8;7;8;1;2;6;6;5;1;4;4;6;2;3;3;1;2;3;7;1;5;-3
"1-5-0 (2020-11-16)";"doi.org/10.14281/18241.1";2018;410;"KOR";732;"ROK";410071115;20180112;201712;201801;17.08;17.27;20;1;410045;410011;7;4;3;1;1115;2390;"ko";3;1;1.0;0.8032128514056225;41453.815261044176;1;2;3;2;2;3;1;2;1;1;1;2;1;2;2;2;2;1;2;1;2;1;2;1;1;2;2;2;2;2;2;2;2;1;2;1;3;3;4;3;3;4;2;3;2;1;1;2;3;3;5;5;5;4;4;4;4;4;1;2;1;1;2;3;3;3;3;3;2;2;2;2;2;2;2;2;2;3;1;2;3;3;2;3;2;2;2;2;3;3;2;3;3;3;3;3;2;0;1;0;0;0;0;0;0;0;1;0;0;7;7;2;3;3;1;5;2;3;2;2;2;2;4;5;3;2;2;1;0;0;0;0;2;2;2;4;4;4;4;4;4;4;1;2;2;1;1;2;2;2;2;3;1;1;2;1;3;3;2;1;3;9;9;2;4;4;8;1;2;2;2;2;4;4;7;8;3;2;2;4;1;2;1;1;1;3;1;3;6;6;1;1;1;1;1;1;1;1;4;3;4;4;2;2;1;1;1;5;5;1;5;2;2;3;2;3;2;2;3;3;2;2;3;3;1;1;410002;410002;410002;2;4;4;4;2;2;3;3;2;2;1;2;2;3;3;4;6;9;3;9;9;2;8;6;4;9;8;8;7;2;3;3;3;3;3;3;1;1961;56;5;3;1;1;1;410;410;410;1;2;1;2390;1;3;3;2;3;2;-2;-2;-2;-2;3;5;6;-5;8;2;1;4;5;2;1;0;100000020;410004;3;2;0;0.5391666666666667;0.6916666666666668;0.4295833333333333;0.31833333333333336;0.5;0.66;0.33;0.49666666666666676;0.66;1.0;1.0;0.8866666666666667;1.0;0.0;0.0;0.3333333333333333;0.66;0.33;0.33;0.44;0.0;1.0;1.0;0.6666666666666666;0.25;0.33;0.33;0.3033333333333334;0.2222222222222222;0.2222222222222222;0.5555555555555556;0.3333333333333333;0.33;0.5;0.41500000000000004;0.41500000000000004;1.0;1.0;1.0;1.0;1.0;1.0;1.0;1.0;1.0;1.0;1.0;1.0;1;0;1;0;1;5;6;6;7;3;6;2;2;2;5;7;5;7;4;7;5;4;1;5;250;15000;3000;5;2;1;5;6;5;7;3;2;2;4;4;7;4;4;4;4;2;1;4;1;2;3;7;4;4;4
"1-5-0 (2020-11-16)";"doi.org/10.14281/18241.1";2018;410;"KOR";732;"ROK";410071116;20180112;201712;201801;17.19;17.39;20;1;410047;410013;7;4;3;1;1116;2390;"ko";2;1;1.0;0.8032128514056225;41453.815261044176;1;2;3;3;1;3;2;1;1;1;1;2;2;1;2;2;2;1;1;1;1;1;1;1;2;1;2;1;2;2;2;2;2;1;1;1;2;1;4;3;3;2;2;2;2;2;2;2;2;2;7;8;6;4;4;4;4;4;1;1;1;3;2;4;3;3;3;1;3;3;3;2;2;2;3;4;1;2;2;3;2;2;3;3;2;2;2;3;3;2;2;2;2;5;1;2;2;0;0;0;0;0;0;0;0;0;0;0;0;7;5;7;5;4;1;4;2;4;2;2;2;1;4;7;2;2;2;2;2;2;2;2;2;2;3;2;1;1;3;2;2;2;1;2;2;1;1;2;2;3;2;4;2;2;1;3;1;2;1;2;3;6;8;5;7;7;8;5;1;1;1;1;4;3;7;8;3;2;2;7;4;5;2;3;3;5;5;6;5;7;3;6;1;4;4;3;3;4;7;3;3;3;2;2;4;1;2;1;1;1;4;2;2;2;2;2;2;2;2;2;2;2;2;2;1;1;8;8;8;1;3;3;3;3;1;4;4;1;3;1;1;1;3;2;4;5;5;3;10;7;1;7;4;1;10;10;7;7;2;2;1;1;1;3;4;1;1967;50;4;3;1;1;1;410;410;410;1;4;1;2390;1;2;6;3;3;2;1;1;1;1;1;5;3;-5;9;1;1;2;3;5;2;0;100000020;410004;4;2;2;0.6233333333333334;0.6366666666666667;0.6537037037037037;0.3924074074074074;0.5;0.33;0.33;0.3866666666666667;0.66;1.0;1.0;0.8866666666666667;1.0;1.0;1.0;1.0;0.0;0.33;0.33;0.22;1.0;1.0;1.0;1.0;0.25;0.33;0.33;0.3033333333333334;0.4444444444444444;0.5555555555555556;0.4444444444444444;0.48148148148148145;0.66;1.0;0.8300000000000001;0.8300000000000001;1.0;1.0;1.0;1.0;1.0;1.0;1.0;1.0;1.0;1.0;1.0;1.0;1;1;0;1;1;7;5;5;7;4;5;5;4;4;4;4;8;4;4;5;6;1;4;3;350;10000;3000;6;5;1;7;7;8;7;5;1;1;5;5;5;1;3;4;4;2;4;1;1;1;2;7;2;2;4
"1-5-0 (2020-11-16)";"doi.org/10.14281/18241.1";2018;410;"KOR";732;"ROK";410071117;20180112;201712;201801;17.33;17.52;20;1;410045;410011;7;4;3;1;1117;2390;"ko";2;2;1.0;0.8032128514056225;41453.815261044176;1;1;1;2;2;3;2;1;2;1;1;1;1;2;2;2;2;1;2;1;1;1;2;1;1;2;2;2;3;3;3;3;4;2;2;1;4;2;4;3;3;2;4;4;2;2;2;3;2;1;7;7;7;4;4;4;4;4;1;1;1;2;2;3;2;3;3;3;2;2;2;2;2;2;2;2;2;2;1;2;1;1;1;1;2;2;2;2;2;2;2;2;2;3;3;1;2;0;0;0;0;0;0;0;0;1;1;0;0;7;3;2;2;3;2;5;2;2;2;2;2;1;2;5;4;2;2;2;0;0;2;1;2;2;2;4;3;4;4;4;3;4;2;2;2;1;1;2;2;3;3;3;1;1;2;1;3;3;2;1;2;9;8;7;4;4;8;4;2;2;2;2;4;4;7;8;3;1;1;5;1;2;1;2;3;3;2;5;5;5;4;4;1;3;1;1;1;1;1;3;4;4;2;2;5;1;5;1;2;1;1;2;2;2;2;2;2;2;3;2;2;2;2;3;1;1;410002;410002;410002;2;3;4;3;2;2;3;3;2;2;1;1;1;3;3;3;4;10;3;8;8;3;6;8;3;9;9;8;8;1;2;2;2;2;3;4;2;1988;29;2;1;1;1;1;410;410;410;1;5;2;2390;1;1;5;3;6;3;5;3;5;3;5;1;-3;3;4;-3;2;2;3;4;2;0;100000020;410004;3;2;1;0.72;0.72;0.6188425925925927;0.5301851851851852;1.0;0.33;0.33;0.5533333333333333;0.66;1.0;1.0;0.8866666666666667;1.0;1.0;1.0;1.0;0.66;0.33;0.33;0.44;1.0;1.0;1.0;1.0;0.75;0.66;0.66;0.6900000000000001;0.2222222222222222;0.4444444444444444;0.4444444444444444;0.3703703703703704;0.33;0.5;0.41500000000000004;0.41500000000000004;1.0;1.0;1.0;1.0;1.0;1.0;1.0;1.0;1.0;1.0;1.0;1.0;1;0;1;0;1;7;7;7;8;6;7;4;4;3;6;6;7;7;6;5;5;-3;-3;3;600;50000;3000;-3;4;5;-3;-3;-3;7;4;1;3;2;5;7;2;2;2;5;1;1;4;1;2;2;7;1;2;4
"1-5-0 (2020-11-16)";"doi.org/10.14281/18241.1";2018;410;"KOR";732;"ROK";410071118;20180112;201712;201801;17.38;17.59;21;1;410047;410013;7;4;3;1;1118;2390;"ko";3;2;1.0;0.8032128514056225;41453.815261044176;1;2;3;3;3;3;1;1;1;1;2;2;1;2;2;2;2;1;1;1;1;1;2;1;2;1;2;1;2;2;2;2;2;1;2;1;1;1;2;2;2;2;2;2;2;1;1;2;2;2;8;9;8;4;4;4;4;4;1;2;1;2;2;3;2;2;2;2;2;2;3;1;2;2;2;3;2;2;2;3;1;2;2;2;2;2;2;2;2;2;2;3;3;7;2;1;2;1;0;0;0;0;0;0;0;0;0;0;0;5;6;6;7;5;1;5;2;2;2;2;2;2;3;5;3;2;1;1;1;1;1;1;1;2;2;2;1;2;2;2;2;2;1;1;2;4;3;2;2;3;4;4;2;2;2;2;4;1;3;2;3;7;6;8;6;7;7;6;1;1;1;1;2;2;4;5;1;1;1;4;4;4;3;4;3;4;5;6;4;4;2;6;5;4;4;1;3;3;4;3;3;3;4;3;5;1;5;5;5;5;5;5;3;3;3;3;3;3;3;3;3;3;3;3;1;1;410001;410001;410001;1;3;3;3;3;2;3;3;3;3;1;2;2;3;2;3;3;7;4;10;8;4;7;7;3;6;10;9;9;2;1;1;2;1;4;4;2;1944;73;6;3;1;1;1;410;410;410;1;2;1;2390;5;1;1;1;-3;-3;0;1;0;1;5;-3;-3;-5;9;-3;1;4;5;1;1;7;70000000;410004;2;1;1;0.4708333333333333;0.33166666666666667;0.34435185185185185;0.3553703703703704;0.5;0.0;0.33;0.27666666666666667;0.66;0.0;0.5;0.3866666666666667;1.0;1.0;1.0;1.0;0.33;0.0;0.33;0.22;1.0;0.0;1.0;0.6666666666666666;0.25;0.33;0.33;0.3033333333333334;0.3333333333333333;0.5555555555555556;0.3333333333333333;0.4074074074074074;0.0;0.0;0.0;0.0;1.0;1.0;1.0;1.0;1.0;1.0;1.0;1.0;1.0;1.0;1.0;1.0;0;0;0;1;1;7;8;7;7;8;6;7;7;8;7;7;8;8;6;6;6;-3;-3;5;30;3000;0;8;1;1;9;9;8;7;8;1;1;3;3;5;5;3;3;3;4;2;2;2;3;3;5;5;3;-5
"1-5-0 (2020-11-16)";"doi.org/10.14281/18241.1";2018;410;"KOR";732;"ROK";410071119;20180112;201712;201801;17.55;18.16;21;1;410045;410011;7;4;3;1;1119;2390;"ko";2;1;1.0;0.8032128514056225;41453.815261044176;2;1;1;2;2;2;2;1;2;2;1;2;1;1;1;2;2;1;2;1;2;1;1;1;1;2;2;2;3;3;4;2;2;1;2;1;4;2;4;3;3;2;3;4;2;3;1;2;2;1;7;7;6;4;4;4;4;4;1;2;1;2;3;3;3;2;2;2;2;2;2;1;1;2;3;3;4;2;2;3;2;3;3;2;2;2;2;2;2;2;2;2;2;7;3;1;2;2;2;2;0;0;0;0;1;0;0;0;0;8;4;3;3;3;1;4;3;3;2;1;2;1;2;4;3;2;2;0;1;2;1;2;2;3;2;4;4;4;4;4;4;4;1;2;2;1;2;2;2;3;3;4;1;1;1;1;2;3;4;1;3;9;9;7;5;3;9;7;1;1;1;1;3;3;2;4;1;1;2;3;3;3;1;2;2;1;1;1;4;1;1;1;1;1;1;1;1;1;1;4;4;4;2;2;5;1;1;1;2;1;2;3;1;2;1;3;1;2;2;3;1;1;3;3;1;1;410002;410002;410002;2;4;4;4;2;2;4;4;2;2;1;2;1;3;3;3;4;9;5;9;9;1;7;4;3;9;9;8;8;1;2;2;2;2;3;3;1;1989;28;2;1;1;1;1;410;410;410;1;1;1;2390;6;0;6;3;-3;-3;5;3;5;3;1;-3;3;-3;5;1;1;1;3;3;1;2;20000000;410004;2;2;1;0.4155555555555556;0.27611111111111114;0.4498611111111111;0.3172222222222222;0.5;0.33;0.33;0.3866666666666667;0.33;0.0;0.16666666666666666;0.16555555555555557;1.0;1.0;1.0;1.0;0.33;0.0;0.0;0.11;1.0;1.0;1.0;1.0;0.25;0.66;0.66;0.5233333333333333;0.0;0.0;0.3333333333333333;0.1111111111111111;0.33;0.0;0.165;0.165;1.0;1.0;1.0;1.0;1.0;1.0;1.0;1.0;1.0;1.0;1.0;1.0;0;0;1;0;1;7;6;6;7;3;5;2;2;2;5;6;7;6;5;6;5;1;8;3;250;15000;5000;6;2;2;6;6;6;7;3;1;4;1;2;7;2;3;3;2;1;1;3;2;2;3;8;1;2;-3
"1-5-0 (2020-11-16)";"doi.org/10.14281/18241.1";2018;410;"KOR";732;"ROK";410071120;20180112;201712;201801;18.0;18.25;25;1;410029;410005;8;5;2;1;1120;2390;"ko";3;2;1.0;0.8032128514056225;41453.815261044176;1;1;1;3;1;4;1;1;1;1;2;1;2;2;2;2;2;1;2;1;2;1;2;2;2;2;3;2;2;4;4;4;5;2;4;2;3;3;5;3;5;2;3;3;3;2;2;2;3;2;5;4;4;4;4;4;4;4;3;2;1;2;2;3;3;3;3;3;2;2;2;3;3;3;3;3;3;3;2;3;2;2;2;2;2;2;2;2;2;2;2;2;2;5;1;1;2;0;0;0;0;0;0;0;0;0;0;0;0;5;5;5;5;3;1;5;3;3;3;3;3;2;3;7;3;1;1;1;1;1;1;1;1;2;3;2;1;3;2;3;1;2;1;2;2;3;3;2;2;3;3;3;1;1;1;1;3;4;2;2;1;10;10;3;5;4;10;1;2;2;2;2;4;3;7;8;3;1;2;7;3;5;4;5;5;1;3;1;7;7;4;2;1;3;3;1;3;3;5;1;3;3;3;3;5;3;4;2;2;2;2;2;2;2;2;2;3;3;3;3;3;3;3;3;3;3;-2;-2;-2;2;2;2;2;2;2;2;2;2;2;3;3;3;3;3;3;5;6;3;8;5;5;6;5;3;10;5;5;5;2;2;3;2;2;3;3;2;1995;22;1;1;1;1;1;410;410;410;1;4;2;2390;6;0;3;2;-3;-3;3;2;3;2;1;-3;3;-3;3;3;2;2;3;5;2;0;100000020;410004;4;3;1;0.7891666666666668;0.7483333333333334;0.6038888888888889;0.49944444444444447;0.5;0.33;0.66;0.49666666666666676;1.0;1.0;1.0;1.0;1.0;1.0;1.0;1.0;0.66;0.66;0.66;0.66;1.0;0.0;1.0;0.6666666666666666;1.0;0.33;1.0;0.7766666666666667;0.0;0.0;0.6666666666666666;0.2222222222222222;1.0;0.5;0.75;0.75;1.0;1.0;1.0;1.0;1.0;1.0;1.0;1.0;1.0;1.0;1.0;1.0;1;1;1;1;0;3;5;5;5;3;5;2;2;2;3;3;5;3;5;5;5;1;4;3;500;11000;0;4;3;1;3;3;1;6;3;2;2;5;5;1;1;1;1;1;2;7;2;3;2;3;7;5;5;-3
"1-5-0 (2020-11-16)";"doi.org/10.14281/18241.1";2018;410;"KOR";732;"ROK";410071121;20180112;201712;201801;18.05;18.26;21;1;410042;410008;7;4;3;1;1121;2390;"ko";3;1;1.0;0.8032128514056225;41453.815261044176;1;2;2;2;2;2;1;1;2;2;1;1;2;2;1;2;2;1;2;1;2;1;2;1;2;2;2;2;4;3;2;2;2;1;2;1;4;2;5;1;1;2;1;3;2;1;1;1;2;2;9;9;6;4;4;4;2;3;3;2;1;3;3;3;3;3;4;3;4;4;4;3;3;3;4;4;3;3;3;3;3;3;3;2;2;2;2;2;3;3;3;2;2;6;3;3;2;1;1;2;1;1;2;1;2;1;0;1;1;3;4;2;2;3;1;8;3;3;3;4;4;1;3;8;4;2;1;1;2;0;2;0;1;2;2;4;4;2;3;4;3;4;1;2;2;2;2;2;2;3;3;3;1;1;1;1;2;1;3;1;3;8;8;5;4;7;7;5;1;2;2;2;4;4;2;4;1;2;2;4;3;4;1;2;1;1;1;7;1;7;1;8;1;1;1;1;3;1;1;3;4;4;4;2;5;5;5;5;5;5;3;5;3;3;3;3;3;3;3;3;2;2;3;3;1;1;410008;410008;410008;2;3;2;2;2;2;2;3;2;2;2;4;3;4;2;4;5;8;3;8;8;1;9;8;7;8;9;7;8;2;1;2;2;1;2;2;1;1938;79;6;3;1;1;1;410;410;410;1;2;1;2390;1;2;3;2;0;1;0;1;0;1;4;5;-3;-5;9;-3;1;2;3;4;2;0;100000020;410004;1;1;0;0.40055555555555555;0.13777777777777778;0.46472222222222226;0.42944444444444446;0.0;0.0;0.33;0.11;0.33;0.0;0.16666666666666666;0.16555555555555557;1.0;1.0;0.0;0.6666666666666666;0.66;0.66;0.66;0.66;1.0;1.0;1.0;1.0;0.25;1.0;0.66;0.6366666666666667;0.0;0.6666666666666666;0.0;0.2222222222222222;0.0;0.0;0.0;0.0;1.0;1.0;1.0;1.0;1.0;1.0;1.0;1.0;1.0;1.0;1.0;1.0;0;0;0;0;1;8;8;4;8;7;8;6;6;5;5;4;8;5;5;5;6;-3;-3;3;100;20000;0;8;4;1;7;7;5;9;4;2;1;5;5;7;2;6;6;5;1;3;2;2;2;1;8;2;6;4
"1-5-0 (2020-11-16)";"doi.org/10.14281/18241.1";2018;410;"KOR";732;"ROK";410071122;20180112;201712;201801;18.26;18.51;25;1;410044;410010;7;4;3;1;1122;2390;"ko";2;1;1.0;0.8032128514056225;41453.815261044176;1;1;2;4;3;3;1;2;2;1;1;2;1;1;2;2;2;1;2;1;2;1;2;2;2;2;3;3;2;3;2;3;3;3;2;1;4;2;3;3;4;2;3;3;2;1;1;2;2;1;7;7;7;4;4;4;4;4;3;2;1;1;2;3;3;3;2;2;3;2;3;2;4;4;4;4;3;2;2;3;3;2;2;2;3;3;3;2;2;2;2;3;3;6;1;3;2;0;0;0;1;1;0;1;1;2;1;1;1;7;7;8;7;6;1;9;3;2;3;2;3;1;3;7;2;1;2;2;1;2;0;1;1;3;3;4;4;4;4;4;3;4;1;1;2;2;2;2;2;1;2;3;1;2;1;1;2;1;3;1;2;7;6;7;6;5;6;2;2;2;2;2;3;3;7;8;3;1;2;8;2;1;1;1;1;1;1;1;5;4;4;5;1;1;1;1;2;1;5;3;4;3;3;2;5;1;5;1;1;1;2;1;3;3;3;3;3;3;3;3;3;3;3;3;1;1;-2;-2;-2;3;2;3;4;3;2;3;4;3;3;2;2;3;2;3;3;7;6;7;4;7;7;5;6;7;5;7;5;7;3;2;1;1;1;3;3;2;1981;36;3;2;1;1;1;410;410;410;1;3;1;2390;1;1;6;3;6;3;3;2;3;2;1;1;3;3;9;2;2;2;3;7;2;0;100000020;410004;1;1;1;0.48416666666666675;0.6916666666666668;0.32787037037037037;0.3224074074074075;0.5;0.33;0.66;0.49666666666666676;0.66;1.0;1.0;0.8866666666666667;0.0;0.0;0.0;0.0;0.33;0.33;1.0;0.5533333333333333;0.0;1.0;1.0;0.6666666666666666;0.5;0.33;0.66;0.49666666666666676;0.0;0.0;0.4444444444444444;0.14814814814814814;0.0;0.0;0.0;0.0;1.0;1.0;1.0;1.0;1.0;1.0;1.0;1.0;1.0;1.0;1.0;1.0;0;0;0;0;1;8;6;5;6;6;6;7;6;7;8;6;7;7;5;6;7;1;5;3;550;24000;0;9;7;1;8;8;7;8;7;1;1;4;3;3;2;6;2;3;3;3;2;3;3;2;5;3;6;4
"1-5-0 (2020-11-16)";"doi.org/10.14281/18241.1";2018;410;"KOR";732;"ROK";410071123;20180112;201712;201801;18.28;18.57;29;1;410042;410008;7;4;3;1;1123;2390;"ko";2;1;1.0;0.8032128514056225;41453.815261044176;1;2;2;3;2;3;1;2;1;1;2;1;2;1;2;2;2;1;2;1;1;2;2;1;2;2;2;3;3;3;3;3;3;3;2;1;4;2;3;3;3;2;3;4;2;1;1;3;2;2;7;7;8;4;4;4;4;4;1;2;1;2;2;3;3;3;2;3;4;4;4;2;3;2;4;4;2;3;2;3;2;3;3;3;2;2;2;2;2;2;3;2;2;5;3;1;2;0;0;0;0;0;0;0;0;0;0;0;0;8;5;4;3;4;2;7;3;3;3;3;4;3;4;7;2;1;1;2;1;2;2;2;2;3;3;3;3;3;3;3;3;3;1;1;2;2;2;2;2;2;2;2;1;2;1;2;4;1;2;2;1;7;7;5;5;5;7;6;1;1;1;1;3;3;3;3;2;1;2;5;3;3;3;3;3;6;5;5;6;6;3;5;3;2;2;2;2;2;6;1;1;1;2;2;3;1;5;1;4;1;2;4;2;2;2;2;2;2;2;2;2;2;2;2;1;1;-2;-2;-2;2;3;3;2;3;2;2;3;2;2;2;2;2;3;3;4;4;6;3;9;7;3;8;3;3;9;8;8;8;2;2;2;2;2;3;3;2;1987;30;2;2;1;1;1;410;410;410;1;4;2;2390;6;0;6;3;-3;-3;6;3;6;3;1;-3;3;-3;3;3;2;2;2;5;2;2;20000000;410004;2;2;1;0.6919444444444444;0.6088888888888888;0.40587962962962965;0.5625925925925926;1.0;0.33;0.33;0.5533333333333333;0.66;1.0;0.3333333333333333;0.6644444444444444;1.0;1.0;1.0;1.0;0.66;0.33;0.66;0.5499999999999999;0.0;0.0;1.0;0.3333333333333333;0.5;0.66;0.66;0.6066666666666668;0.5555555555555556;0.4444444444444444;0.5555555555555556;0.5185185185185185;0.33;0.0;0.165;0.165;1.0;1.0;1.0;1.0;1.0;1.0;1.0;1.0;1.0;1.0;1.0;1.0;0;0;1;1;0;7;7;6;6;6;4;4;3;2;2;4;8;4;5;7;5;5;2;2;500;32000;0;-3;5;1;-3;-3;-3;8;7;1;1;7;5;7;2;2;2;2;2;1;2;3;2;3;8;1;2;-3
"1-5-0 (2020-11-16)";"doi.org/10.14281/18241.1";2018;410;"KOR";732;"ROK";410071124;20180112;201712;201801;18.31;18.53;23;1;410029;410005;8;5;2;1;1124;2390;"ko";2;1;1.0;0.8032128514056225;41453.815261044176;1;2;3;3;2;2;1;2;1;2;1;2;1;2;1;2;2;1;2;1;2;1;1;1;1;2;3;1;4;3;2;3;3;3;3;3;3;3;3;3;3;3;3;3;1;3;1;3;2;2;6;7;6;4;3;4;3;4;1;1;1;2;1;3;2;3;1;2;2;3;3;3;3;3;3;3;3;3;3;3;2;2;2;2;2;2;2;2;2;2;2;2;2;8;3;1;2;2;0;0;0;0;0;0;0;0;0;0;0;6;8;4;6;7;1;8;4;4;4;3;3;3;3;5;3;1;2;2;1;1;1;1;1;2;3;3;1;3;3;3;2;2;1;1;2;2;2;2;2;2;2;2;1;1;1;2;1;2;1;2;1;10;10;5;5;5;8;10;1;1;1;1;3;3;1;1;1;1;1;10;5;5;2;3;3;1;2;3;6;5;1;1;1;2;2;2;2;2;2;2;2;3;3;2;5;1;5;2;5;2;3;3;1;2;1;2;2;3;3;3;3;3;3;3;2;2;-2;-2;-2;2;3;2;2;2;2;2;2;2;3;2;1;2;3;2;3;5;5;5;7;5;5;5;5;5;7;7;5;5;2;2;2;2;2;2;3;2;1976;41;3;2;1;1;1;410;410;410;1;4;1;2390;1;2;3;2;5;3;2;1;1;1;1;1;3;4;9;3;2;1;3;4;2;1;10100000;410004;2;2;-1;0.5808333333333333;0.3866666666666667;0.49398148148148147;0.48962962962962964;1.0;0.33;0.66;0.6633333333333334;0.33;0.0;0.0;0.11;1.0;1.0;1.0;1.0;0.33;0.66;0.66;0.55;0.0;1.0;1.0;0.6666666666666666;0.5;1.0;0.66;0.7200000000000001;0.0;0.2222222222222222;0.5555555555555556;0.25925925925925924;0.66;0.0;0.33;0.33;1.0;1.0;1.0;1.0;1.0;1.0;1.0;1.0;1.0;1.0;1.0;1.0;0;1;0;1;0;7;7;6;5;4;6;4;4;4;3;4;8;4;7;5;5;2;3;3;450;20000;10000;6;3;1;5;5;6;7;6;1;5;5;9;8;1;5;5;8;2;5;2;2;2;2;9;1;5;1
"1-5-0 (2020-11-16)";"doi.org/10.14281/18241.1";2018;410;"KOR";732;"ROK";410071125;20180112;201712;201801;18.52;19.13;21;1;410045;410011;7;4;3;1;1125;2390;"ko";3;1;1.0;0.8032128514056225;41453.815261044176;1;2;2;2;2;3;1;1;2;1;2;2;1;1;2;2;2;1;2;1;2;1;2;1;2;2;2;2;2;2;2;2;2;1;1;1;2;1;3;2;2;2;3;2;2;3;1;1;3;3;5;6;6;4;4;4;4;4;1;1;1;1;2;3;3;2;3;3;2;2;2;2;2;2;2;2;2;3;2;3;3;2;3;3;3;3;2;3;3;3;3;2;2;3;3;3;3;0;1;0;0;0;0;1;0;0;1;0;0;8;2;2;2;2;1;3;1;3;2;1;1;1;1;3;4;0;2;2;1;1;1;0;1;1;2;4;3;4;4;4;3;4;2;2;2;1;1;2;1;3;3;4;1;2;2;1;3;3;4;1;3;9;9;7;4;6;9;2;2;2;2;2;4;4;7;8;3;1;1;5;2;3;1;1;1;6;4;6;7;7;3;3;1;1;3;2;1;2;6;2;4;3;2;2;1;1;1;5;5;1;5;2;2;3;2;3;2;3;2;2;1;2;3;3;1;1;410002;410002;410002;2;4;4;4;2;2;3;3;2;1;1;2;2;3;3;2;6;9;2;8;8;3;6;3;3;8;9;9;8;1;2;2;2;2;2;2;1;1957;60;5;3;1;1;1;410;410;410;1;2;1;2390;1;3;4;2;3;2;1;1;2;1;1;5;6;-5;6;2;1;2;4;4;2;0;100000020;410004;3;2;2;0.47;0.5533333333333333;0.4943981481481482;0.447962962962963;0.0;0.33;0.33;0.22;0.66;1.0;1.0;0.8866666666666667;1.0;0.0;0.0;0.3333333333333333;0.66;0.33;0.33;0.44;1.0;0.0;1.0;0.6666666666666666;0.25;0.33;0.33;0.3033333333333334;0.5555555555555556;0.5555555555555556;0.6666666666666666;0.5925925925925927;0.33;0.5;0.41500000000000004;0.41500000000000004;1.0;1.0;1.0;1.0;1.0;1.0;1.0;1.0;1.0;1.0;1.0;1.0;1;0;1;0;1;7;7;6;7;2;6;2;2;3;6;7;7;7;7;5;5;2;4;4;350;35000;5000;6;5;1;7;7;7;7;4;1;1;3;4;7;2;3;3;4;3;1;4;3;2;2;7;4;4;4
"1-5-0 (2020-11-16)";"doi.org/10.14281/18241.1";2018;410;"KOR";732;"ROK";410071126;20180112;201712;201801;19.01;19.22;21;1;410042;410008;7;4;3;1;1126;2390;"ko";2;1;1.0;0.8032128514056225;41453.815261044176;1;1;1;1;2;3;1;2;1;1;1;2;1;2;2;2;2;1;2;2;1;2;2;1;2;2;2;4;4;4;4;2;5;2;3;3;5;2;3;4;1;2;4;4;1;2;1;3;2;2;9;7;5;4;4;4;3;4;1;2;1;3;2;4;4;2;3;4;3;3;3;3;3;4;4;4;2;2;3;2;2;3;3;4;2;2;2;2;2;2;2;2;2;3;3;1;2;0;0;0;0;0;0;0;0;0;0;0;0;9;9;4;3;8;2;10;3;4;4;2;4;3;3;4;3;2;2;0;0;2;2;0;2;2;3;4;2;2;2;4;3;4;1;1;2;1;2;2;2;1;1;3;2;2;2;2;3;1;2;2;1;9;8;2;6;8;3;3;2;1;2;2;4;4;7;3;3;1;2;5;3;3;2;1;1;5;1;4;7;3;3;4;1;1;1;1;1;1;7;2;3;3;3;2;1;1;5;1;5;1;3;2;3;3;3;3;3;2;3;1;2;3;3;3;2;2;-2;-2;-2;3;3;3;2;4;3;2;4;3;3;1;3;1;4;3;4;5;10;1;10;8;1;10;10;1;10;10;5;5;3;3;3;3;3;4;4;2;1990;27;2;1;1;1;1;410;410;410;1;7;2;2390;6;0;6;3;-3;-3;3;2;3;2;2;-3;3;-3;0;1;2;2;3;5;2;0;100000020;410004;3;2;0;0.6641666666666668;0.7750000000000001;0.640787037037037;0.7407407407407407;1.0;0.66;0.33;0.6633333333333334;0.66;1.0;1.0;0.8866666666666667;1.0;0.0;0.0;0.3333333333333333;1.0;0.66;0.66;0.7733333333333334;0.0;1.0;1.0;0.6666666666666666;1.0;1.0;1.0;1.0;0.4444444444444444;0.3333333333333333;0.6666666666666666;0.48148148148148145;0.33;0.5;0.41500000000000004;0.41500000000000004;1.0;1.0;1.0;1.0;1.0;1.0;1.0;1.0;1.0;1.0;1.0;1.0;1;0;1;1;0;7;6;6;6;6;3;1;1;2;1;1;9;5;4;6;5;2;5;3;500;20000;1000;6;3;1;6;6;4;9;3;1;1;1;5;10;1;1;1;1;3;7;2;3;1;3;10;1;1;-3
"1-5-0 (2020-11-16)";"doi.org/10.14281/18241.1";2018;410;"KOR";732;"ROK";410071127;20180112;201712;201801;19.06;19.3;25;1;410029;410005;8;5;2;1;1127;2390;"ko";3;2;1.0;0.8032128514056225;41453.815261044176;1;1;1;2;2;2;1;2;1;1;2;2;2;1;1;2;2;1;2;2;2;2;2;2;2;2;1;1;1;3;1;2;2;1;2;1;2;1;5;2;4;1;1;3;1;2;2;2;3;1;6;4;1;3;3;4;3;4;3;2;2;3;3;3;3;3;2;2;3;3;2;2;2;3;3;3;3;3;2;3;2;2;2;2;2;2;2;2;3;2;2;2;2;10;3;1;2;1;0;0;0;0;0;0;0;0;0;0;0;6;6;4;5;6;2;5;2;2;2;2;2;2;3;8;3;1;1;1;1;1;1;1;1;3;3;3;3;3;3;3;3;3;2;2;2;1;1;2;1;2;2;2;2;2;2;2;3;1;2;1;2;6;6;4;6;5;8;7;1;1;1;1;3;2;3;2;1;1;1;7;5;2;1;3;3;3;5;5;7;7;5;5;3;4;2;3;3;3;9;1;3;3;3;3;5;2;3;2;4;2;2;3;1;2;2;2;2;2;2;2;2;2;2;2;3;3;-2;-2;-2;1;2;1;3;2;2;2;2;2;3;1;1;2;3;2;2;5;5;5;5;7;5;5;4;4;8;6;6;5;2;3;3;3;3;3;3;1;1987;30;2;2;1;1;1;410;410;410;1;5;1;2390;6;0;5;3;-3;-3;1;1;-2;-2;1;-3;1;-3;7;2;2;2;2;4;2;2;20000000;410004;3;2;0;0.48444444444444446;0.30388888888888893;0.3740277777777778;0.37388888888888894;0.5;0.66;0.0;0.3866666666666667;0.33;0.0;0.3333333333333333;0.22111111111111112;1.0;1.0;1.0;1.0;0.33;0.33;0.33;0.33;0.0;0.0;1.0;0.3333333333333333;0.25;0.0;0.66;0.30333333333333334;0.2222222222222222;0.4444444444444444;0.6666666666666666;0.4444444444444445;0.33;0.5;0.41500000000000004;0.41500000000000004;1.0;1.0;1.0;1.0;1.0;1.0;1.0;1.0;1.0;1.0;1.0;1.0;1;0;1;0;1;5;5;5;5;5;5;5;5;5;1;10;5;1;7;6;5;2;3;2;1000;0;0;3;3;1;5;5;5;9;1;2;1;1;1;5;5;5;5;5;2;1;2;2;2;2;10;1;1;-3
"1-5-0 (2020-11-16)";"doi.org/10.14281/18241.1";2018;410;"KOR";732;"ROK";410071128;20180112;201712;201801;19.16;19.36;20;1;410045;410011;7;4;3;1;1128;2390;"ko";1;1;1.0;0.8032128514056225;41453.815261044176;1;3;2;3;2;2;1;2;1;2;2;1;2;1;1;2;2;1;2;1;2;1;1;1;1;2;2;2;3;3;3;2;2;1;1;1;4;2;3;2;2;2;2;4;2;3;2;3;2;2;7;6;7;4;4;4;3;4;1;2;2;2;3;3;3;2;2;2;2;2;1;2;1;1;1;2;1;2;2;3;2;3;2;3;2;2;2;2;3;2;2;2;2;7;3;3;1;2;2;0;0;0;0;0;0;0;0;0;0;8;8;3;3;2;2;4;1;3;2;1;1;1;1;5;3;2;1;1;2;1;1;0;1;1;2;4;4;4;4;4;4;4;2;2;2;1;1;2;2;3;3;4;1;1;2;1;2;3;2;1;2;9;9;7;3;7;8;7;1;1;1;1;3;3;1;1;1;1;2;5;2;2;2;1;1;1;1;1;2;2;2;2;2;2;2;2;2;3;2;3;4;3;3;3;5;1;1;2;1;1;5;3;3;3;3;3;3;3;3;3;3;3;3;3;1;1;410002;410002;410002;2;4;4;3;2;2;4;4;1;1;1;2;2;3;3;3;7;9;3;8;8;3;7;5;2;9;9;9;8;1;2;2;2;3;3;3;2;1966;51;4;3;1;1;1;410;410;410;1;4;1;2390;1;2;3;2;3;2;-2;-2;-2;-2;1;1;5;7;7;2;2;2;3;4;2;2;20000000;410004;2;2;0;0.30416666666666664;0.33166666666666667;0.2646759259259259;0.2801851851851852;1.0;0.33;0.33;0.5533333333333333;0.33;0.0;0.0;0.11;1.0;0.0;0.0;0.3333333333333333;0.33;0.33;0.0;0.22;0.0;0.0;1.0;0.3333333333333333;0.25;0.66;0.66;0.5233333333333333;0.0;0.0;0.1111111111111111;0.037037037037037035;0.33;0.0;0.165;0.165;1.0;1.0;1.0;1.0;1.0;1.0;1.0;1.0;1.0;1.0;1.0;1.0;0;0;1;0;1;7;7;7;7;3;6;3;3;2;7;7;7;7;6;7;6;1;5;3;500;25000;2000;7;3;1;7;7;7;7;4;1;1;4;4;7;3;3;3;4;3;1;3;2;2;3;7;4;4;4
"1-5-0 (2020-11-16)";"doi.org/10.14281/18241.1";2018;410;"KOR";732;"ROK";410071129;20180112;201712;201801;19.49;20.09;21;1;410045;410011;7;4;3;1;1129;2390;"ko";3;2;1.0;0.8032128514056225;41453.815261044176;1;3;3;3;2;2;2;2;1;1;2;2;1;1;1;2;2;1;2;1;2;1;2;2;2;2;2;2;2;3;3;2;2;1;1;1;4;2;4;2;3;2;3;2;2;3;1;2;2;2;7;7;6;4;4;4;4;4;1;2;1;2;2;3;3;3;2;2;3;2;2;1;1;2;2;2;2;1;1;2;1;3;3;3;2;2;2;2;2;2;2;2;2;7;3;2;2;2;0;0;0;0;0;0;0;0;1;0;0;8;6;3;3;2;1;5;1;3;2;1;2;2;2;7;3;2;1;2;1;2;0;1;1;1;2;4;4;4;4;4;4;4;1;2;2;3;3;2;2;3;3;3;1;1;2;4;3;2;3;3;1;8;8;7;8;8;8;7;1;1;1;2;3;3;3;4;1;1;2;4;1;4;2;1;1;2;1;1;4;4;1;1;1;3;1;2;1;1;6;2;4;4;3;3;5;1;1;5;5;5;5;5;3;3;3;3;3;3;3;3;3;3;3;3;1;1;410002;410002;410002;1;4;4;4;2;2;3;4;1;1;1;2;2;2;3;3;6;9;5;9;8;4;7;5;4;8;8;8;7;2;2;2;2;2;2;2;2;1950;67;6;3;1;1;1;410;410;410;1;2;1;2390;1;4;3;2;3;2;-2;-2;1;1;5;4;-3;-5;9;-3;2;3;5;2;1;7;70000000;410004;3;2;0;0.26277777777777783;0.30388888888888893;0.3687037037037037;0.28074074074074074;0.5;0.33;0.33;0.3866666666666667;0.33;0.0;0.3333333333333333;0.22111111111111112;1.0;0.0;0.0;0.3333333333333333;0.33;0.0;0.0;0.11;0.0;0.0;1.0;0.3333333333333333;0.25;0.33;0.66;0.41333333333333333;0.1111111111111111;0.0;0.3333333333333333;0.14814814814814814;0.66;0.5;0.5800000000000001;0.5800000000000001;1.0;1.0;1.0;1.0;1.0;1.0;1.0;1.0;1.0;1.0;1.0;1.0;1;1;0;1;0;7;7;6;7;4;7;5;4;4;6;6;7;7;7;7;6;-3;-3;5;250;53000;5000;-3;3;1;-3;-3;-3;7;6;1;1;5;5;7;5;5;3;5;4;1;4;2;2;2;7;5;5;4
"1-5-0 (2020-11-16)";"doi.org/10.14281/18241.1";2018;410;"KOR";732;"ROK";410071130;20180112;201712;201801;19.58;20.18;21;1;410042;410008;7;4;3;1;1130;2390;"ko";3;1;1.0;0.8032128514056225;41453.815261044176;1;2;2;3;2;3;2;1;1;1;1;2;2;1;2;2;2;1;2;1;2;2;2;2;2;2;2;2;3;3;3;3;4;2;4;2;4;2;3;4;3;3;3;3;2;3;3;3;2;2;7;8;8;4;4;4;3;4;1;1;1;2;2;3;2;2;2;2;2;2;2;2;2;2;3;3;2;2;2;2;2;2;2;2;2;2;2;2;2;2;2;2;2;7;3;1;2;1;1;1;0;0;0;0;0;0;2;0;2;6;6;6;6;6;1;7;2;3;2;2;2;1;3;8;4;2;2;1;1;1;2;1;1;2;3;3;1;3;3;4;3;3;1;1;2;2;2;2;1;3;3;3;1;1;1;2;3;1;2;3;1;7;7;6;6;7;8;8;1;1;1;1;2;3;3;3;2;1;2;7;7;3;3;2;3;5;1;5;5;5;2;5;1;1;1;2;2;1;1;2;3;4;3;1;4;1;2;1;1;1;3;1;2;2;2;2;1;1;1;1;1;1;1;2;1;1;-2;-2;-2;1;3;2;3;3;1;3;3;1;3;1;2;2;4;1;3;5;7;5;8;8;1;7;7;6;8;8;8;7;2;2;2;2;2;2;2;2;1968;49;4;2;1;1;1;410;410;410;1;4;1;2390;1;2;6;3;6;3;3;2;5;3;2;1;3;5;3;1;2;2;2;6;2;1;10100000;410004;3;2;2;0.6369444444444444;0.6088888888888888;0.6373611111111112;0.5672222222222223;1.0;0.33;0.33;0.5533333333333333;0.66;1.0;0.3333333333333333;0.6644444444444444;1.0;1.0;1.0;1.0;0.33;0.33;0.33;0.33;1.0;1.0;1.0;1.0;0.75;0.66;0.66;0.6900000000000001;0.4444444444444444;0.4444444444444444;0.4444444444444444;0.4444444444444444;0.33;0.5;0.41500000000000004;0.41500000000000004;1.0;1.0;1.0;1.0;1.0;1.0;1.0;1.0;1.0;1.0;1.0;1.0;1;0;1;1;0;8;7;7;7;6;6;5;6;6;6;5;8;4;7;5;8;2;5;2;500;10000;3000;8;5;1;8;8;8;9;8;1;1;5;5;5;5;5;5;5;2;1;2;2;2;2;6;5;5;4
"1-5-0 (2020-11-16)";"doi.org/10.14281/18241.1";2018;410;"KOR";732;"ROK";410071131;20180112;201712;201801;20.07;20.28;21;1;410045;410011;7;4;3;1;1131;2390;"ko";1;1;1.0;0.8032128514056225;41453.815261044176;1;2;2;3;2;2;1;1;1;1;2;2;1;2;2;2;2;1;2;1;2;2;2;2;2;2;2;2;3;3;3;3;3;3;2;1;3;3;4;2;3;2;2;4;2;1;1;3;2;3;7;7;6;4;4;4;4;4;1;1;1;2;2;3;2;2;2;2;1;2;2;2;1;2;3;3;2;2;2;3;2;3;3;3;3;3;3;3;2;2;3;2;2;5;3;1;1;0;1;2;0;0;0;0;1;0;1;0;0;8;3;4;1;1;1;3;2;3;2;1;2;1;1;8;3;2;2;1;1;1;2;2;1;1;1;4;4;4;4;4;3;4;1;2;2;4;2;2;2;3;3;4;1;1;2;1;4;1;2;1;3;8;10;8;5;9;8;2;2;2;2;2;4;4;7;8;3;2;2;5;1;1;1;1;1;2;1;3;6;6;1;1;1;1;1;1;1;1;4;3;4;4;3;3;5;1;1;5;5;5;5;5;3;3;3;3;3;3;3;3;3;3;3;3;1;1;410002;410002;410002;1;4;4;4;1;1;4;4;1;1;1;2;2;3;2;3;8;9;2;8;9;1;9;1;1;9;9;8;8;1;2;2;2;2;2;3;2;1951;66;6;3;1;1;1;410;410;410;1;2;1;2390;1;3;6;3;6;3;3;2;3;2;5;4;-3;-5;1;-3;2;2;3;4;2;0;100000020;410004;2;2;1;0.3875;0.665;0.43365740740740744;0.45148148148148154;1.0;0.33;0.33;0.5533333333333333;0.33;1.0;1.0;0.7766666666666667;0.0;0.0;0.0;0.0;0.33;0.33;0.0;0.22;1.0;0.0;1.0;0.6666666666666666;0.5;0.66;0.66;0.6066666666666668;0.1111111111111111;0.2222222222222222;0.5555555555555556;0.2962962962962963;0.33;0.0;0.165;0.165;1.0;1.0;1.0;1.0;1.0;1.0;1.0;1.0;1.0;1.0;1.0;1.0;0;0;1;0;1;6;6;6;7;4;6;3;4;3;6;6;6;7;5;8;7;-3;-3;3;500;35000;0;-3;4;1;-3;-3;-3;7;6;1;1;4;4;7;3;3;3;3;4;1;4;1;3;2;7;5;4;4
"1-5-0 (2020-11-16)";"doi.org/10.14281/18241.1";2018;410;"KOR";732;"ROK";410071132;20180112;201712;201801;20.17;20.37;20;1;410042;410008;7;4;3;1;1132;2390;"ko";3;1;1.0;0.8032128514056225;41453.815261044176;1;1;1;3;1;3;1;1;2;1;2;1;2;1;2;2;2;1;2;1;2;1;2;1;2;2;2;2;3;3;3;2;3;3;2;1;2;1;4;2;2;2;2;4;2;3;1;3;2;1;8;7;7;4;4;4;4;4;1;2;1;2;2;3;2;2;3;2;3;3;3;2;2;2;3;3;2;2;2;2;2;2;2;2;3;3;2;2;2;3;3;3;3;4;3;3;2;0;2;0;0;0;0;0;0;2;0;0;0;8;2;8;2;2;1;10;4;4;3;2;2;2;3;9;3;2;2;2;0;0;2;0;0;2;2;3;3;3;4;4;4;3;1;2;2;4;1;2;2;1;1;3;1;2;1;1;2;1;2;2;3;4;5;8;5;5;7;3;2;2;2;2;4;4;7;7;3;2;2;5;1;4;1;1;1;1;1;3;5;5;3;8;1;1;1;1;2;1;5;2;2;3;3;2;2;2;1;1;1;1;5;1;3;3;1;3;1;1;2;3;2;2;3;3;2;2;-2;-2;-2;1;3;3;3;3;1;3;4;1;1;3;4;4;4;1;4;5;5;1;10;10;5;10;10;1;10;10;5;1;3;2;2;2;2;2;2;1;1953;64;5;3;1;1;1;410;410;410;1;6;1;2390;1;2;5;3;5;3;0;1;0;1;2;1;4;4;9;2;2;2;3;2;1;0;100000020;410004;3;2;2;0.5258333333333333;0.72;0.41513888888888895;0.4144444444444445;1.0;0.33;0.33;0.5533333333333333;0.66;1.0;1.0;0.8866666666666667;1.0;0.0;0.0;0.3333333333333333;0.33;0.33;0.33;0.33;1.0;0.0;1.0;0.6666666666666666;0.5;0.66;0.66;0.6066666666666668;0.0;0.2222222222222222;0.4444444444444444;0.2222222222222222;0.33;0.0;0.165;0.165;1.0;1.0;1.0;1.0;1.0;1.0;1.0;1.0;1.0;1.0;1.0;1.0;0;0;1;1;1;6;5;4;5;4;4;4;3;4;3;4;6;4;5;5;4;5;2;3;200;50000;0;7;3;1;7;7;7;7;7;1;1;1;1;1;1;1;1;1;2;7;2;3;2;3;1;1;1;4
"1-5-0 (2020-11-16)";"doi.org/10.14281/18241.1";2018;410;"KOR";732;"ROK";410071133;20180112;201712;201801;20.51;21.15;24;1;410029;410005;8;5;2;1;1133;2390;"ko";3;2;1.0;0.8032128514056225;41453.815261044176;2;2;2;2;2;3;1;2;1;1;2;1;1;2;2;2;2;1;2;1;2;2;2;1;2;2;3;3;1;2;2;2;2;1;2;1;2;1;4;3;3;1;3;2;2;3;1;3;2;2;6;6;5;4;4;4;4;4;1;2;1;3;2;3;3;2;2;2;2;2;2;2;2;2;2;2;2;2;2;2;2;2;2;2;2;2;2;2;2;2;2;2;2;4;3;1;2;0;0;0;0;0;0;0;0;0;0;0;0;7;7;7;4;5;2;7;2;2;2;2;2;2;2;7;4;2;2;2;2;2;2;1;1;2;4;2;2;3;3;3;3;3;2;2;2;2;2;2;2;2;2;2;2;2;1;1;2;1;4;1;2;7;7;4;7;4;7;4;2;2;1;1;3;3;6;7;2;1;1;8;4;4;4;4;4;4;4;5;6;6;4;4;4;4;4;4;4;4;1;1;4;4;2;2;5;1;2;1;5;2;5;2;1;2;2;2;2;2;2;2;2;2;2;2;2;2;410009;410009;410009;1;2;2;3;2;2;2;3;2;2;1;2;2;3;3;3;6;5;4;6;4;4;5;4;4;6;6;6;6;3;3;2;2;2;3;3;1;1960;57;5;3;1;1;1;410;410;410;1;3;1;2390;1;1;3;2;3;2;-2;-2;-2;-2;1;5;3;-5;6;2;1;2;3;4;2;7;70000000;410004;2;2;0;0.7336111111111112;0.8022222222222224;0.28402777777777777;0.3188888888888889;1.0;0.66;0.66;0.7733333333333334;0.66;1.0;0.8333333333333334;0.8311111111111112;1.0;1.0;1.0;1.0;0.33;0.33;0.33;0.33;0.0;0.0;1.0;0.3333333333333333;0.25;0.0;0.33;0.19333333333333336;0.3333333333333333;0.4444444444444444;0.5555555555555556;0.4444444444444444;0.33;0.0;0.165;0.165;1.0;1.0;1.0;1.0;1.0;1.0;1.0;1.0;1.0;1.0;1.0;1.0;0;0;1;0;1;9;7;8;6;6;7;4;4;5;5;5;9;4;5;5;4;1;4;2;350;15000;0;6;3;1;6;6;6;8;6;2;2;8;6;7;7;7;10;7;2;4;3;3;2;2;8;4;5;1
"1-5-0 (2020-11-16)";"doi.org/10.14281/18241.1";2018;410;"KOR";732;"ROK";410071134;20180112;201712;201801;20.52;21.12;20;1;410045;410011;7;4;3;1;1134;2390;"ko";2;1;1.0;0.8032128514056225;41453.815261044176;1;2;1;2;2;3;1;2;1;2;1;1;2;1;2;2;2;1;2;1;2;1;2;2;2;2;2;2;3;3;3;2;2;1;1;1;4;2;4;2;4;1;3;2;2;2;1;2;2;2;7;7;7;4;4;4;4;4;1;2;1;2;2;3;3;3;3;3;2;2;2;2;1;2;2;3;2;2;2;3;2;3;3;3;2;2;2;2;2;2;2;2;2;3;3;1;2;0;2;2;0;0;0;0;0;0;0;0;0;8;4;2;2;2;1;3;1;3;2;1;1;1;2;7;4;2;2;1;2;2;2;1;1;1;1;4;4;4;4;4;4;4;1;2;2;1;2;2;2;2;2;3;1;2;1;1;3;2;1;1;3;9;9;7;8;7;9;4;2;2;2;2;4;4;7;8;3;1;1;7;1;2;1;1;1;1;1;1;7;7;4;1;1;1;1;1;1;1;3;3;4;4;2;2;1;1;1;1;1;1;3;2;1;2;1;2;1;2;2;2;1;2;3;3;1;1;410002;410002;410002;1;4;4;4;2;1;4;4;1;2;1;2;1;4;3;3;5;9;2;9;9;2;8;4;2;9;9;9;7;1;2;1;1;2;2;2;1;1974;43;3;2;1;1;1;410;410;410;1;4;1;2390;1;2;6;3;6;3;3;2;5;3;1;1;3;3;3;1;1;1;3;4;2;0;100000020;410004;3;2;1;0.4841666666666667;0.6366666666666667;0.4980555555555556;0.37277777777777776;0.5;0.33;0.33;0.3866666666666667;0.66;1.0;1.0;0.8866666666666667;1.0;0.0;0.0;0.3333333333333333;0.66;0.33;0.0;0.33;0.0;1.0;1.0;0.6666666666666666;0.25;0.66;0.66;0.5233333333333333;0.0;0.0;0.6666666666666666;0.2222222222222222;0.66;0.5;0.5800000000000001;0.5800000000000001;1.0;1.0;1.0;1.0;1.0;1.0;1.0;1.0;1.0;1.0;1.0;1.0;1;1;0;0;1;6;6;6;7;3;6;2;3;2;7;7;6;7;5;7;6;1;8;3;700;30000;10000;7;3;1;7;7;7;8;4;1;4;4;5;7;4;5;4;4;2;1;4;1;2;2;7;4;4;4
"1-5-0 (2020-11-16)";"doi.org/10.14281/18241.1";2018;410;"KOR";732;"ROK";410071135;20180112;201712;201801;9.19;9.59;40;1;410029;410005;8;5;2;1;1135;2390;"ko";3;2;1.0;0.8032128514056225;41453.815261044176;1;1;2;3;2;3;1;1;1;1;2;2;2;1;2;2;2;1;2;2;2;1;2;2;2;2;3;2;1;3;3;3;3;3;2;1;1;1;4;1;2;2;4;3;3;3;1;3;2;2;7;7;4;4;4;4;4;4;1;1;1;2;2;3;4;3;3;2;2;2;2;3;3;3;3;3;3;3;3;2;2;2;2;2;2;2;2;2;2;2;2;2;2;4;1;1;2;0;0;0;0;0;0;0;0;0;0;0;0;8;8;6;6;5;1;7;4;4;4;4;4;3;4;8;3;1;1;1;1;1;1;1;1;2;3;2;2;2;2;2;2;2;1;1;2;3;1;2;1;4;4;4;2;2;1;1;3;1;4;2;1;8;8;8;6;7;10;3;2;2;2;2;3;3;7;8;2;1;2;7;4;4;3;3;3;3;4;5;6;6;4;5;3;4;4;4;4;4;4;2;3;3;4;3;5;3;3;2;2;2;2;2;1;2;2;2;2;2;2;2;2;2;2;2;3;3;-2;-2;-2;2;2;2;2;2;2;2;2;2;2;2;1;2;3;3;3;5;5;5;5;5;5;5;5;5;5;5;5;5;2;2;2;2;2;3;3;1;1991;26;2;1;1;1;1;410;410;410;1;3;2;2390;6;0;5;3;-3;-3;-2;-2;-2;-2;1;-3;6;-3;8;2;2;2;5;4;2;0;100000020;410004;3;2;2;0.7750000000000001;0.7750000000000001;0.4689351851851852;0.3970370370370371;1.0;0.33;0.66;0.6633333333333334;0.66;1.0;1.0;0.8866666666666667;1.0;1.0;1.0;1.0;0.33;0.66;0.66;0.55;1.0;0.0;1.0;0.6666666666666666;0.5;0.0;0.66;0.3866666666666667;0.2222222222222222;0.4444444444444444;0.5555555555555556;0.40740740740740744;0.33;0.5;0.41500000000000004;0.41500000000000004;1.0;1.0;1.0;1.0;1.0;1.0;1.0;1.0;1.0;1.0;1.0;1.0;1;0;1;1;0;8;9;9;6;5;6;3;3;2;2;7;8;5;4;4;5;2;6;5;400;0;0;6;4;2;6;6;6;8;5;1;3;5;5;5;5;5;5;5;2;7;2;2;2;2;9;5;5;-3
"1-5-0 (2020-11-16)";"doi.org/10.14281/18241.1";2018;410;"KOR";732;"ROK";410071136;20180112;201712;201801;9.3;9.5;20;1;410030;410006;8;5;2;1;1136;2390;"ko";1;1;1.0;0.8032128514056225;41453.815261044176;1;2;2;2;2;3;1;2;1;1;2;1;2;2;2;1;2;2;2;1;1;1;2;2;1;2;2;3;2;4;2;3;3;3;1;1;4;2;5;3;2;2;3;3;2;2;2;2;2;2;7;7;7;4;4;4;4;4;1;2;1;2;2;3;3;3;3;3;4;4;3;2;2;4;4;4;2;2;1;2;2;4;4;4;4;4;4;4;4;4;4;4;4;4;3;3;2;0;1;0;0;0;0;0;0;0;0;0;0;7;6;7;7;10;2;10;3;3;3;3;4;1;4;8;3;0;0;2;2;2;1;2;2;3;2;3;1;4;2;4;3;3;2;2;2;4;2;2;2;1;1;4;1;2;1;1;2;1;3;1;4;8;9;4;4;7;9;1;1;2;2;2;4;4;7;8;3;2;2;5;1;1;1;1;1;1;1;5;5;5;4;7;2;3;3;1;1;4;3;2;2;2;2;1;1;1;1;1;4;4;1;1;1;2;1;2;1;2;2;2;1;1;1;1;1;1;-2;-2;-2;1;2;1;2;4;4;3;4;1;1;1;2;2;4;2;4;8;7;2;9;7;7;9;7;5;10;10;10;5;3;3;2;2;2;3;4;1;1991;26;2;1;1;1;1;410;410;410;1;4;2;2390;6;0;5;3;-3;-3;3;2;3;2;1;-3;3;-3;6;3;2;1;3;4;2;0;100000020;410004;0;1;0;0.45583333333333337;0.6916666666666668;0.3099074074074074;0.45314814814814813;0.5;0.66;0.33;0.49666666666666676;0.66;1.0;1.0;0.8866666666666667;0.0;0.0;0.0;0.0;0.66;0.33;0.33;0.44;0.0;0.0;1.0;0.3333333333333333;0.5;0.33;1.0;0.61;0.0;0.4444444444444444;0.4444444444444444;0.2962962962962963;0.0;0.0;0.0;0.0;1.0;1.0;1.0;1.0;1.0;1.0;1.0;1.0;1.0;1.0;1.0;1.0;0;0;0;0;0;8;1;1;1;3;2;3;3;1;1;1;6;10;5;5;1;1;6;4;1000;60000;0;8;4;1;4;4;5;8;6;2;1;8;7;6;5;3;8;7;1;4;1;4;1;4;6;5;3;-3
"1-5-0 (2020-11-16)";"doi.org/10.14281/18241.1";2018;410;"KOR";732;"ROK";410071137;20180112;201712;201801;9.42;10.02;20;1;410030;410006;8;5;2;1;1137;2390;"ko";3;1;1.0;0.8032128514056225;41453.815261044176;1;2;2;3;1;4;1;1;2;1;2;1;1;2;2;2;2;1;2;1;2;2;2;2;2;2;2;3;3;3;3;3;4;2;3;3;4;2;4;3;3;4;2;4;2;3;1;3;2;2;9;8;8;4;4;4;4;4;1;2;1;2;2;3;2;3;3;3;3;3;3;3;3;3;3;3;3;3;3;3;3;3;3;3;3;3;3;3;3;3;3;3;3;2;3;1;2;0;0;0;0;0;0;0;0;0;0;0;0;6;6;2;4;5;2;6;3;3;3;3;3;2;3;4;3;1;1;1;1;1;1;1;1;2;3;3;3;3;3;4;3;4;1;1;2;2;2;2;1;3;3;3;1;1;1;1;2;1;2;1;4;5;3;4;3;5;7;5;2;2;2;2;3;4;6;7;3;1;2;7;4;3;2;2;3;5;2;5;6;5;3;6;2;2;2;5;2;2;5;2;3;4;3;2;5;1;5;1;5;1;5;1;2;2;2;2;1;2;2;2;2;2;3;3;1;1;-2;-2;-2;1;3;2;3;2;2;3;4;1;1;1;3;3;4;2;3;5;8;5;6;5;5;4;4;4;5;7;7;7;2;2;3;3;3;3;3;2;1970;47;4;2;1;1;1;410;410;410;1;6;2;2390;6;0;5;3;-3;-3;3;2;3;2;1;-3;3;-3;-5;2;2;1;3;3;1;0;100000020;410004;1;2;1;0.7894444444444445;0.7488888888888889;0.500787037037037;0.5857407407407408;1.0;0.33;0.33;0.5533333333333333;1.0;1.0;0.8333333333333334;0.9444444444444445;1.0;1.0;1.0;1.0;0.66;0.66;0.66;0.66;1.0;0.0;1.0;0.6666666666666666;0.75;0.66;0.66;0.6900000000000001;0.4444444444444444;0.4444444444444444;0.5555555555555556;0.48148148148148145;0.33;0.0;0.165;0.165;1.0;1.0;1.0;1.0;1.0;1.0;1.0;1.0;1.0;1.0;1.0;1.0;0;0;1;0;0;8;5;5;5;2;5;2;2;2;5;4;8;5;2;6;5;1;7;3;2000;50000;0;8;4;1;8;7;8;10;7;1;1;5;5;7;3;5;5;5;3;1;2;3;2;2;9;2;5;-3
"1-5-0 (2020-11-16)";"doi.org/10.14281/18241.1";2018;410;"KOR";732;"ROK";410071138;20180112;201712;201801;9.55;10.16;21;1;410030;410006;8;5;2;1;1138;2390;"ko";2;1;1.0;0.8032128514056225;41453.815261044176;1;2;2;3;2;4;1;2;1;1;2;1;2;1;2;2;2;1;2;1;2;2;2;1;2;2;2;2;3;3;3;4;4;2;3;3;4;2;2;4;3;3;2;4;2;1;1;3;2;2;4;7;7;4;4;4;4;4;1;2;1;3;2;4;3;3;2;2;2;2;3;2;2;2;3;2;2;3;2;3;2;3;3;2;2;2;2;2;2;2;2;2;2;3;3;1;2;0;0;0;0;0;0;0;0;0;0;0;0;7;5;3;4;7;2;7;2;3;2;2;4;1;3;6;4;2;2;1;1;0;1;1;2;2;3;3;2;3;3;4;2;2;1;1;2;1;1;1;2;2;2;2;1;1;2;3;2;1;2;2;1;7;4;7;5;8;8;4;1;1;2;2;4;4;7;8;2;1;2;3;3;3;2;2;2;6;3;6;6;6;3;6;3;3;3;3;3;3;3;2;3;3;4;2;5;5;2;1;3;2;4;3;1;2;1;2;2;2;2;2;2;2;2;2;1;1;-2;-2;-2;1;3;1;3;2;2;3;4;2;3;2;2;2;3;1;4;4;7;3;8;7;3;7;4;4;7;8;7;6;2;2;2;3;3;4;4;2;1980;37;3;2;1;1;1;410;410;410;1;5;1;2390;1;3;6;3;7;3;2;1;1;1;1;1;3;3;8;1;1;2;3;5;2;0;100000020;410004;3;2;1;0.7208333333333333;0.7766666666666666;0.5609722222222223;0.6227777777777779;1.0;0.33;0.33;0.5533333333333333;1.0;1.0;1.0;1.0;1.0;1.0;1.0;1.0;0.33;0.33;0.33;0.33;0.0;0.0;1.0;0.3333333333333333;0.75;0.66;0.66;0.6900000000000001;0.5555555555555556;0.5555555555555556;0.5555555555555556;0.5555555555555556;0.33;1.0;0.665;0.665;1.0;1.0;1.0;1.0;1.0;1.0;1.0;1.0;1.0;1.0;1.0;1.0;1;0;1;1;0;7;7;7;7;4;4;4;3;5;3;4;8;4;6;4;6;1;8;3;700;30000;0;7;4;1;7;7;5;7;6;2;3;3;7;5;5;5;5;5;1;6;3;2;2;3;7;3;7;4
"1-5-0 (2020-11-16)";"doi.org/10.14281/18241.1";2018;410;"KOR";732;"ROK";410071139;20180112;201712;201801;10.12;10.32;21;1;410044;410010;7;4;3;1;1139;2390;"ko";1;1;1.0;0.8032128514056225;41453.815261044176;1;1;1;1;1;1;2;1;2;1;2;1;2;1;2;1;2;1;2;1;2;1;2;1;2;2;1;2;2;3;3;2;2;1;2;1;3;3;3;2;3;2;1;3;2;3;1;3;2;2;8;8;7;4;4;4;4;4;1;2;1;2;2;3;3;3;2;2;2;2;2;2;2;2;2;2;2;2;2;2;2;2;2;2;2;2;2;2;2;2;2;2;2;7;3;1;2;2;2;2;2;2;2;2;2;2;2;2;2;8;3;7;3;3;2;4;2;2;2;2;2;2;3;5;4;2;2;2;1;1;1;2;2;3;2;4;4;4;4;4;4;4;2;2;2;4;4;2;2;4;4;4;1;2;1;1;3;1;2;1;2;8;8;7;4;4;8;6;2;2;2;2;3;3;7;7;2;1;1;3;3;3;2;2;2;2;2;2;2;3;1;2;1;1;1;1;1;1;1;3;4;4;2;2;3;1;1;2;2;2;2;1;2;2;2;2;2;2;2;2;2;2;2;2;2;2;-2;-2;-2;4;4;4;3;3;4;4;4;4;4;1;2;1;4;2;4;3;7;5;9;6;8;9;6;7;8;9;7;7;2;1;2;2;2;2;2;1;1961;56;5;3;1;1;1;410;410;410;1;7;1;2390;1;2;3;2;3;2;0;1;1;1;1;2;6;5;8;2;1;1;3;7;2;0;100000020;410004;3;2;2;0.5825;0.5;0.4015277777777778;0.26222222222222225;1.0;0.0;0.0;0.3333333333333333;0.0;1.0;1.0;0.6666666666666666;1.0;1.0;1.0;1.0;0.33;0.33;0.33;0.33;1.0;0.0;1.0;0.6666666666666666;0.25;0.33;0.66;0.41333333333333333;0.1111111111111111;0.1111111111111111;0.1111111111111111;0.1111111111111111;0.33;0.5;0.41500000000000004;0.41500000000000004;1.0;1.0;1.0;1.0;1.0;1.0;1.0;1.0;1.0;1.0;1.0;1.0;1;0;1;0;1;8;7;6;7;5;6;4;4;4;5;7;8;6;7;7;7;1;8;3;400;30000;0;8;6;1;8;9;8;9;8;1;1;3;3;3;3;3;3;3;2;7;1;1;1;3;5;3;3;4
"1-5-0 (2020-11-16)";"doi.org/10.14281/18241.1";2018;410;"KOR";732;"ROK";410071140;20180112;201712;201801;10.15;10.35;20;1;410030;410006;8;5;2;1;1140;2390;"ko";2;1;1.0;0.8032128514056225;41453.815261044176;1;2;2;2;1;2;1;1;2;1;2;1;2;1;2;2;2;1;2;1;2;1;2;2;2;2;2;2;2;4;3;3;2;1;2;1;4;2;4;3;3;2;2;4;2;2;2;3;2;2;7;7;7;4;4;4;4;4;1;2;1;2;2;3;2;3;3;2;2;2;3;3;2;2;2;3;3;3;3;3;3;3;3;3;3;3;3;3;3;3;3;3;3;2;3;1;2;0;0;0;0;0;0;0;0;0;0;0;0;6;6;6;5;6;2;6;3;3;3;3;3;2;3;5;3;1;1;1;1;1;1;1;1;2;3;3;3;3;3;4;3;4;1;1;2;2;2;2;2;4;4;4;1;1;1;3;2;1;3;1;3;5;4;5;4;5;5;5;2;2;2;2;3;3;7;8;3;2;2;5;5;4;3;4;5;1;1;5;6;7;3;5;1;5;1;2;2;4;4;2;4;2;3;2;3;1;2;1;1;1;3;1;2;2;2;2;2;1;3;2;1;3;1;3;1;1;410002;410002;410002;2;2;2;1;3;2;2;3;2;2;2;3;2;2;3;3;4;4;5;6;5;5;5;5;5;6;5;6;5;2;2;1;1;1;1;2;1;1972;45;4;2;1;1;1;410;410;410;1;4;1;2390;1;2;6;3;6;3;2;1;2;1;1;1;3;3;7;1;1;1;3;4;2;0;100000020;410004;2;1;2;0.6925;0.665;0.5066666666666666;0.43000000000000005;1.0;0.33;0.33;0.5533333333333333;0.33;1.0;1.0;0.7766666666666667;1.0;1.0;1.0;1.0;0.33;0.66;0.33;0.44;1.0;0.0;1.0;0.6666666666666666;0.25;0.33;1.0;0.5266666666666667;0.0;0.4444444444444444;0.5555555555555556;0.3333333333333333;0.0;1.0;0.5;0.5;1.0;1.0;1.0;1.0;1.0;1.0;1.0;1.0;1.0;1.0;1.0;1.0;1;0;0;0;1;8;7;6;7;7;7;7;7;4;6;6;8;3;3;6;5;1;8;3;800;30000;0;8;4;1;8;8;8;8;8;1;4;6;3;7;2;5;5;5;3;1;2;4;3;2;7;3;5;4
"1-5-0 (2020-11-16)";"doi.org/10.14281/18241.1";2018;410;"KOR";732;"ROK";410071141;20180112;201712;201801;10.23;10.53;30;1;410044;410010;7;4;3;1;1141;2390;"ko";2;1;1.0;0.8032128514056225;41453.815261044176;1;2;2;2;1;3;1;1;2;1;1;2;2;2;2;1;2;1;2;2;2;2;2;2;2;2;1;2;3;3;3;2;3;3;1;1;4;2;3;3;3;1;1;5;2;1;1;2;2;2;3;8;7;4;4;4;4;4;1;1;1;1;2;3;2;2;3;2;2;2;2;2;2;2;3;3;2;2;2;2;2;2;2;3;2;2;2;2;2;2;2;2;2;2;3;3;2;0;0;0;1;0;0;0;0;0;1;0;0;5;10;1;6;9;1;8;2;3;2;2;3;2;3;5;3;2;0;2;0;2;2;2;2;2;2;4;4;4;4;4;4;3;2;2;2;3;1;2;2;2;3;4;2;2;1;1;2;1;3;1;4;10;10;3;2;9;3;3;2;2;2;2;4;4;7;8;3;2;2;9;1;1;1;1;1;5;1;5;10;6;5;7;1;1;1;1;1;1;5;2;3;4;3;2;2;1;4;2;5;2;4;2;3;3;2;3;1;2;2;2;2;2;2;2;1;1;-2;-2;-2;1;4;3;2;2;2;2;4;3;3;1;1;2;4;1;4;5;10;1;10;10;1;10;10;1;10;10;7;5;3;3;2;2;2;3;3;1;1970;47;4;2;1;1;1;410;410;410;1;4;1;2390;1;2;3;2;3;2;1;1;2;1;1;1;3;3;7;2;1;1;3;5;2;0;100000020;410004;0;1;1;0.4008333333333334;0.6366666666666667;0.5590740740740741;0.6181481481481482;0.5;0.66;0.0;0.3866666666666667;0.66;1.0;1.0;0.8866666666666667;0.0;0.0;0.0;0.0;0.33;0.33;0.33;0.33;1.0;1.0;1.0;1.0;0.5;0.66;0.66;0.6066666666666668;0.4444444444444444;0.4444444444444444;1.0;0.6296296296296297;0.0;0.0;0.0;0.0;1.0;1.0;1.0;1.0;1.0;1.0;1.0;1.0;1.0;1.0;1.0;1.0;0;0;0;0;0;8;3;2;5;2;4;2;2;2;2;3;9;7;1;3;3;1;8;3;600;50000;0;8;5;1;6;6;4;9;7;1;2;5;5;5;5;5;5;5;2;1;2;1;1;4;5;5;5;4
"1-5-0 (2020-11-16)";"doi.org/10.14281/18241.1";2018;410;"KOR";732;"ROK";410071142;20180112;201712;201801;10.31;10.52;21;1;410030;410006;8;5;2;1;1142;2390;"ko";2;1;1.0;0.8032128514056225;41453.815261044176;1;2;2;3;2;3;1;1;1;1;1;2;2;2;2;2;2;1;2;1;2;2;2;2;2;2;2;3;1;2;2;3;2;1;3;3;3;3;3;2;3;3;2;3;2;3;1;3;2;2;9;8;7;4;4;4;4;4;1;2;1;2;2;3;2;3;3;3;3;3;3;3;3;3;3;3;3;3;3;3;3;3;3;3;3;3;3;3;3;3;3;3;3;2;3;3;2;0;0;0;0;0;0;0;0;0;1;0;0;7;6;5;4;5;2;5;3;3;3;3;3;2;3;4;3;1;1;1;1;1;1;1;1;2;3;3;3;3;3;4;3;4;1;1;2;2;2;2;1;3;3;3;1;1;1;2;1;3;1;2;1;5;5;5;5;4;5;4;2;2;2;2;3;3;7;8;3;1;2;8;4;4;5;4;3;4;5;4;4;5;3;5;1;5;4;5;5;5;5;2;2;2;3;2;3;1;3;1;1;1;3;2;2;2;2;2;2;2;2;2;2;2;2;2;1;1;410002;410002;410002;2;1;3;2;3;2;2;2;2;3;2;2;3;2;2;2;5;5;5;5;5;5;5;5;5;5;5;5;5;2;2;1;1;1;1;2;2;1966;51;4;3;1;1;1;410;410;410;1;4;1;2390;1;2;6;3;6;3;3;2;3;2;1;1;3;3;6;2;2;1;3;4;2;0;100000020;410004;1;1;1;0.775;0.72;0.38166666666666665;0.2633333333333333;1.0;0.33;0.33;0.5533333333333333;0.66;1.0;1.0;0.8866666666666667;1.0;1.0;1.0;1.0;0.66;0.66;0.66;0.66;1.0;1.0;1.0;1.0;0.25;0.0;0.33;0.19333333333333336;0.3333333333333333;0.3333333333333333;0.3333333333333333;0.3333333333333333;0.0;0.0;0.0;0.0;1.0;1.0;1.0;1.0;1.0;1.0;1.0;1.0;1.0;1.0;1.0;1.0;0;0;0;1;0;8;5;5;5;3;4;5;4;4;5;4;8;3;5;5;5;1;7;3;800;35000;0;8;5;1;8;8;8;8;7;1;5;5;5;5;5;5;5;5;2;1;2;3;2;3;8;5;5;4
"1-5-0 (2020-11-16)";"doi.org/10.14281/18241.1";2018;410;"KOR";732;"ROK";410071143;20180112;201712;201801;10.49;11.19;30;1;410043;410009;7;4;3;1;1143;2390;"ko";2;1;1.0;0.8032128514056225;41453.815261044176;1;2;2;3;3;3;1;1;1;2;2;1;2;1;2;2;2;1;2;1;2;2;2;2;2;2;2;1;3;2;2;2;4;2;3;3;4;2;4;3;3;4;3;3;2;3;1;2;2;2;8;8;7;4;4;4;4;4;3;2;1;1;1;3;2;3;3;3;3;2;3;3;3;2;3;2;2;3;3;3;2;2;3;3;3;3;3;3;3;3;3;3;3;5;3;1;2;0;0;0;0;0;0;0;0;0;1;0;0;5;5;5;5;5;2;5;1;1;1;1;1;1;1;4;2;1;1;1;1;1;1;1;1;3;3;4;4;4;4;4;4;4;1;1;2;2;2;2;2;4;4;4;1;1;1;2;4;3;1;1;2;4;4;4;4;4;6;5;2;2;2;2;3;4;7;8;3;2;2;7;4;4;4;3;3;2;1;4;6;6;1;5;1;5;1;3;1;1;3;2;2;2;3;2;5;1;5;5;5;5;5;1;3;3;3;3;3;3;3;3;3;3;3;3;1;1;-2;-2;-2;2;3;2;2;2;2;3;3;2;3;2;2;2;2;3;2;6;5;5;5;5;5;5;5;5;5;5;5;5;2;2;2;2;1;3;3;2;1948;69;6;3;1;1;1;410;410;410;1;6;2;2390;1;2;1;1;1;1;1;1;1;1;1;1;4;6;9;3;2;2;3;3;1;7;70000000;410004;1;1;2;0.7333333333333334;0.6366666666666667;0.395;0.45666666666666667;0.5;0.33;0.33;0.3866666666666667;0.66;1.0;1.0;0.8866666666666667;1.0;1.0;1.0;1.0;0.66;0.66;0.66;0.66;1.0;0.0;1.0;0.6666666666666666;0.75;0.66;0.33;0.5800000000000001;0.1111111111111111;0.3333333333333333;0.5555555555555556;0.3333333333333333;0.0;0.0;0.0;0.0;1.0;1.0;1.0;1.0;1.0;1.0;1.0;1.0;1.0;1.0;1.0;1.0;0;0;0;0;1;8;5;5;5;5;5;3;4;4;5;5;8;5;5;5;5;4;1;3;300;15000;0;7;4;1;7;6;7;7;6;1;1;5;5;5;5;5;5;5;2;2;3;2;3;3;5;5;5;4
"1-5-0 (2020-11-16)";"doi.org/10.14281/18241.1";2018;410;"KOR";732;"ROK";410071144;20180112;201712;201801;10.54;11.15;21;1;410044;410010;7;4;3;1;1144;2390;"ko";2;1;1.0;0.8032128514056225;41453.815261044176;1;2;2;1;1;3;1;2;1;1;2;1;1;2;2;2;2;1;2;1;2;2;2;2;2;2;1;4;2;4;2;3;4;2;2;1;2;1;4;2;3;4;1;4;2;1;2;3;2;1;7;8;8;4;4;4;4;4;1;2;1;3;2;3;3;3;3;3;4;4;3;3;4;2;3;3;3;3;2;4;4;3;4;3;3;3;2;3;2;3;3;3;3;4;3;1;2;0;1;1;0;0;0;0;0;0;0;0;0;8;9;3;5;5;2;8;2;3;2;2;4;2;0;7;3;2;2;0;1;0;1;0;1;1;2;3;2;3;2;4;3;3;2;2;2;3;1;2;2;2;2;3;1;2;1;1;3;1;3;1;2;7;6;3;4;4;7;2;1;2;2;2;4;4;7;8;2;2;2;5;4;2;3;1;1;7;6;7;7;7;3;8;3;6;4;3;3;3;4;2;3;3;2;2;2;2;2;1;2;1;3;3;2;2;2;2;1;2;2;2;1;2;2;3;1;1;410002;410002;410002;2;3;3;3;4;3;3;4;3;2;1;2;2;3;3;4;7;7;2;9;9;3;7;5;6;8;8;7;7;2;2;2;2;2;2;3;1;1982;35;3;2;1;1;1;410;410;410;1;4;1;2390;6;0;6;3;-3;-3;1;1;1;1;1;-3;3;-3;4;2;1;1;3;4;2;0;100000020;410004;2;1;0;0.6091666666666666;0.665;0.4858333333333333;0.6799999999999999;1.0;0.33;0.0;0.44333333333333336;0.66;1.0;1.0;0.8866666666666667;1.0;0.0;0.0;0.3333333333333333;0.66;0.66;1.0;0.7733333333333334;0.0;0.0;1.0;0.3333333333333333;0.75;0.33;1.0;0.6933333333333334;0.6666666666666666;0.6666666666666666;0.6666666666666666;0.6666666666666666;0.0;0.5;0.25;0.25;1.0;1.0;1.0;1.0;1.0;1.0;1.0;1.0;1.0;1.0;1.0;1.0;1;0;0;0;1;8;5;3;8;5;5;3;2;2;2;2;8;6;4;9;7;1;8;2;400;20000;10000;8;4;1;9;9;7;9;5;1;2;1;1;6;1;1;1;1;2;1;3;1;3;1;10;1;1;-3
"1-5-0 (2020-11-16)";"doi.org/10.14281/18241.1";2018;410;"KOR";732;"ROK";410071145;20180112;201712;201801;11.06;11.27;21;1;410044;410010;7;4;3;1;1145;2390;"ko";2;1;1.0;0.8032128514056225;41453.815261044176;1;2;2;2;2;3;1;2;1;1;1;2;1;2;2;2;2;2;2;1;2;1;2;1;2;2;1;3;3;3;2;2;3;3;1;1;3;3;3;2;2;1;3;3;2;2;2;2;2;2;9;9;8;4;4;4;4;4;3;2;1;2;2;4;3;2;3;3;3;3;3;2;2;3;3;3;3;2;1;2;2;2;3;3;2;2;2;2;2;2;2;2;2;7;3;1;2;0;0;0;1;0;0;0;0;0;0;0;0;8;6;4;6;4;1;7;2;3;2;2;3;1;2;8;3;1;1;1;1;1;1;1;1;2;2;4;4;4;4;4;4;4;1;2;2;1;1;2;2;2;2;2;1;2;1;1;2;1;3;1;2;9;8;8;7;6;8;6;2;2;2;2;3;3;7;8;3;2;2;8;6;6;4;1;1;1;1;1;1;6;3;5;1;5;1;1;2;1;7;2;4;3;3;2;5;2;5;1;5;1;5;3;3;3;3;3;3;3;3;3;2;2;3;3;1;1;-2;-2;-2;1;3;3;3;2;2;3;3;1;1;1;3;3;3;1;4;6;6;3;7;7;1;5;8;2;10;10;8;7;2;1;1;2;1;2;3;1;1990;27;2;1;1;1;1;410;410;410;1;2;2;2390;6;0;6;3;-3;-3;6;3;6;3;1;-3;4;-3;-5;2;1;1;3;5;2;0;100000020;410004;1;1;0;0.45666666666666667;0.5266666666666667;0.31833333333333336;0.3033333333333334;0.5;0.0;0.0;0.16666666666666666;0.66;1.0;1.0;0.8866666666666667;1.0;0.0;0.0;0.3333333333333333;0.66;0.33;0.33;0.44;0.0;1.0;1.0;0.6666666666666666;0.5;0.66;0.66;0.6066666666666668;0.0;0.0;0.0;0.0;0.0;0.0;0.0;0.0;1.0;1.0;1.0;1.0;1.0;1.0;1.0;1.0;1.0;1.0;1.0;1.0;0;0;0;0;1;8;5;3;7;6;7;8;6;6;7;6;10;6;5;8;7;1;6;3;400;70000;0;9;5;2;7;7;5;7;6;1;1;7;1;3;2;3;7;1;2;4;1;4;2;3;3;2;3;-3
"1-5-0 (2020-11-16)";"doi.org/10.14281/18241.1";2018;410;"KOR";732;"ROK";410071146;20180112;201712;201801;11.22;11.42;20;1;410044;410010;7;4;3;1;1146;2390;"ko";2;1;1.0;0.8032128514056225;41453.815261044176;1;1;1;2;1;2;1;1;1;1;2;2;1;2;2;2;2;1;2;1;2;2;2;2;2;2;2;2;3;3;3;3;3;3;2;1;4;2;3;3;2;2;3;3;2;1;1;3;2;2;8;8;8;4;4;4;4;4;1;1;1;2;2;3;2;2;3;2;2;2;2;2;2;3;3;3;2;2;2;2;2;2;2;2;2;2;2;2;2;2;2;2;2;4;3;3;2;0;0;0;0;0;0;0;0;0;0;0;0;8;6;6;6;6;1;7;2;2;2;2;2;2;3;8;3;1;1;1;1;1;1;1;1;2;1;4;4;4;4;4;4;4;1;2;2;3;2;2;2;2;4;2;1;1;2;3;2;2;1;1;2;8;8;3;3;3;9;8;2;2;2;2;3;4;7;8;3;1;1;6;3;3;1;1;1;6;6;6;6;6;6;6;1;1;1;1;1;1;1;2;4;3;3;3;5;2;5;2;5;2;5;5;3;3;3;3;3;3;3;3;3;3;3;3;2;2;-2;-2;-2;2;2;2;2;2;2;2;3;2;2;1;2;2;3;2;4;6;8;3;8;7;6;7;6;6;6;8;8;8;2;2;3;3;3;3;3;2;1987;30;2;2;1;1;1;410;410;410;1;4;2;2390;6;0;6;3;-3;-3;3;2;3;2;1;-3;3;-3;4;1;2;2;2;6;2;0;100000020;410004;3;2;1;0.49833333333333335;0.665;0.6647222222222222;0.5811111111111111;1.0;0.33;0.33;0.5533333333333333;0.33;1.0;1.0;0.7766666666666667;1.0;0.0;0.0;0.3333333333333333;0.33;0.33;0.33;0.33;1.0;0.0;1.0;0.6666666666666666;0.5;0.66;0.66;0.6066666666666668;0.5555555555555556;0.5555555555555556;0.5555555555555556;0.5555555555555556;0.66;1.0;0.8300000000000001;0.8300000000000001;1.0;1.0;1.0;1.0;1.0;1.0;1.0;1.0;1.0;1.0;1.0;1.0;1;1;0;0;1;8;6;6;6;5;6;4;4;4;4;4;9;8;6;6;7;1;8;2;700;50000;0;8;6;1;8;8;8;8;8;1;1;5;5;5;5;5;5;5;3;3;3;3;3;3;5;5;5;-3
"1-5-0 (2020-11-16)";"doi.org/10.14281/18241.1";2018;410;"KOR";732;"ROK";410071147;20180112;201712;201801;11.33;11.54;21;1;410044;410010;7;4;3;1;1147;2390;"ko";2;1;1.0;0.8032128514056225;41453.815261044176;1;2;2;2;1;3;1;2;1;1;1;2;2;1;2;2;2;1;2;1;1;2;2;2;2;2;1;2;3;3;3;3;4;2;4;2;4;2;4;4;2;2;3;4;2;3;1;1;1;2;9;10;8;4;4;4;4;4;1;1;1;1;2;2;3;3;3;2;2;2;2;2;2;2;2;2;2;2;2;2;2;3;3;3;3;3;2;2;2;2;2;2;2;8;2;2;2;0;1;0;2;0;0;0;0;0;0;0;0;8;2;3;4;3;1;4;2;3;2;2;2;1;3;9;4;2;0;0;0;1;1;1;2;3;1;4;4;4;4;4;4;4;1;1;2;3;2;2;2;3;3;3;2;2;1;3;4;3;1;2;1;9;9;9;2;8;10;3;2;2;2;2;3;3;7;8;3;1;1;8;3;3;2;1;1;2;1;2;9;5;5;1;1;1;1;1;1;1;7;2;3;4;2;2;5;1;5;1;2;1;5;2;1;3;2;2;1;1;3;3;3;3;3;3;1;1;410002;410002;410002;1;3;2;3;3;2;3;3;2;2;1;4;2;4;1;4;2;9;2;10;8;2;8;8;3;9;10;8;8;2;1;1;2;2;3;3;2;1977;40;3;2;1;1;1;410;410;410;1;3;1;2390;1;1;3;2;3;2;1;1;1;1;1;1;3;6;6;2;2;2;2;7;2;0;100000020;410004;2;1;1;0.3875;0.44333333333333336;0.5567592592592593;0.5301851851851852;0.0;0.0;0.0;0.0;0.66;1.0;1.0;0.8866666666666667;1.0;0.0;0.0;0.3333333333333333;0.33;0.33;0.33;0.33;0.0;1.0;1.0;0.6666666666666666;0.75;0.66;0.66;0.6900000000000001;0.1111111111111111;0.1111111111111111;0.8888888888888888;0.3703703703703704;0.0;1.0;0.5;0.5;1.0;1.0;1.0;1.0;1.0;1.0;1.0;1.0;1.0;1.0;1.0;1.0;1;0;0;1;0;8;7;6;8;7;6;6;6;8;8;7;9;9;7;9;3;1;8;2;500;40000;5000;10;6;1;10;10;7;10;10;1;1;1;7;9;1;1;1;7;1;5;3;3;1;2;10;1;1;4
"1-5-0 (2020-11-16)";"doi.org/10.14281/18241.1";2018;410;"KOR";732;"ROK";410071148;20180112;201712;201801;11.45;12.06;21;1;410044;410010;7;4;3;1;1148;2390;"ko";2;1;1.0;0.8032128514056225;41453.815261044176;1;1;2;3;1;3;1;2;1;1;2;1;2;1;2;2;2;2;2;2;2;2;1;2;2;2;1;3;4;4;4;3;5;2;1;1;5;2;5;3;3;1;2;4;2;2;1;2;2;3;5;5;3;3;4;3;3;4;1;2;2;2;2;2;2;2;3;3;4;3;4;2;4;4;4;4;3;3;3;2;2;3;3;3;3;3;3;3;3;3;3;3;3;5;3;1;2;2;0;0;0;0;1;0;1;1;1;1;1;10;6;7;5;2;1;9;3;3;3;3;3;2;2;7;3;2;1;2;0;2;0;2;2;3;2;3;2;3;3;4;2;4;1;2;2;3;3;2;2;1;2;1;2;2;1;2;1;1;3;1;3;9;10;2;6;6;9;10;1;1;1;1;1;1;1;1;1;1;1;6;1;5;1;1;1;1;1;5;5;5;1;6;1;4;1;1;1;1;6;2;4;4;3;2;5;1;5;1;5;1;5;1;1;3;3;3;2;2;2;2;2;2;2;2;1;1;410002;410002;410002;3;2;3;3;2;2;3;3;3;2;1;3;2;3;2;3;3;8;6;9;8;4;8;8;3;7;3;8;8;2;1;1;2;2;3;3;2;1960;57;5;3;1;1;1;410;410;410;1;4;1;2390;1;2;2;1;2;1;1;1;1;1;1;1;8;6;9;2;2;2;3;4;2;0;100000020;410004;1;1;1;0.3458333333333333;0.19333333333333333;0.4074074074074074;0.6481481481481481;0.5;0.0;0.0;0.16666666666666666;0.66;0.0;0.0;0.22;1.0;0.0;0.0;0.3333333333333333;0.66;0.33;1.0;0.6633333333333334;0.0;0.0;1.0;0.3333333333333333;1.0;1.0;1.0;1.0;0.0;0.4444444444444444;0.4444444444444444;0.2962962962962963;0.0;0.0;0.0;0.0;1.0;1.0;1.0;1.0;1.0;1.0;1.0;1.0;1.0;1.0;1.0;1.0;0;0;0;0;1;7;4;4;4;5;2;3;4;3;2;6;8;2;5;5;1;2;6;3;300;18000;5000;5;4;1;7;7;4;6;3;2;1;3;3;7;3;3;3;3;1;1;2;2;2;2;7;3;3;4
"1-5-0 (2020-11-16)";"doi.org/10.14281/18241.1";2018;410;"KOR";732;"ROK";410071149;20180113;201712;201801;12.06;12.27;21;1;410044;410010;7;4;3;1;1149;2390;"ko";3;1;1.0;0.8032128514056225;41453.815261044176;1;1;2;3;1;2;1;2;1;1;2;1;2;1;2;2;2;2;2;2;2;2;2;1;2;2;2;2;3;3;2;3;2;1;3;3;3;3;3;2;2;3;2;3;2;1;2;2;3;2;7;6;5;4;4;4;4;4;1;1;1;1;1;3;3;3;2;2;2;2;2;2;2;2;2;2;2;2;2;2;2;2;2;3;3;3;3;3;3;3;3;3;3;6;2;2;2;0;0;0;0;0;0;0;0;0;0;0;0;8;6;7;3;7;1;7;3;3;3;3;3;2;3;6;3;1;1;1;1;1;1;1;1;3;3;4;4;4;4;4;4;4;1;1;2;3;3;2;2;2;3;3;1;2;1;2;1;1;3;1;2;8;7;6;7;7;7;5;1;1;1;1;3;3;7;8;3;2;2;8;2;2;1;1;2;3;1;5;5;5;1;4;1;2;1;2;2;1;3;2;3;3;3;3;5;1;5;5;5;5;5;2;3;3;3;3;3;3;3;3;3;3;3;3;1;1;-2;-2;-2;2;2;2;3;2;2;3;3;3;2;2;2;3;3;2;2;7;7;5;4;7;4;5;8;6;8;7;7;8;2;2;2;2;2;2;3;2;1947;70;6;3;1;1;1;410;410;410;1;2;1;2390;1;5;1;1;1;1;1;1;0;1;5;4;-3;-5;8;-3;2;2;5;3;1;0;100000020;410004;1;1;1;0.54;0.5816666666666668;0.30675925925925923;0.44685185185185183;0.5;0.33;0.33;0.3866666666666667;0.33;1.0;1.0;0.7766666666666667;1.0;0.0;1.0;0.6666666666666666;0.33;0.33;0.33;0.33;0.0;0.0;1.0;0.3333333333333333;0.25;0.66;0.66;0.5233333333333333;0.2222222222222222;0.4444444444444444;0.4444444444444444;0.3703703703703704;0.0;0.0;0.0;0.0;1.0;1.0;1.0;1.0;1.0;1.0;1.0;1.0;1.0;1.0;1.0;1.0;0;0;0;0;1;7;6;6;6;6;5;5;5;7;5;5;7;5;5;5;5;-3;-3;5;200;15000;0;-3;4;1;-3;-3;-3;8;3;1;1;2;2;8;2;2;2;2;3;1;2;2;2;2;8;2;2;4
"1-5-0 (2020-11-16)";"doi.org/10.14281/18241.1";2018;410;"KOR";732;"ROK";410071150;20180113;201712;201801;12.21;12.41;20;1;410044;410010;7;4;3;1;1150;2390;"ko";3;1;1.0;0.8032128514056225;41453.815261044176;1;1;2;3;1;3;1;1;1;1;2;1;2;2;2;2;2;1;1;2;1;2;2;2;2;2;2;2;2;3;2;2;3;3;2;1;3;3;2;2;2;2;3;2;2;1;2;3;3;3;8;8;5;4;4;4;4;4;1;2;1;2;1;3;3;3;3;2;3;3;3;3;3;3;3;3;2;2;3;2;2;3;3;3;3;3;3;3;3;3;3;3;3;6;3;3;2;0;0;0;0;0;0;0;0;0;0;0;0;8;4;7;3;5;1;7;2;2;2;2;2;2;2;6;3;1;1;1;1;1;1;1;1;2;2;4;4;4;4;4;4;4;1;1;2;3;3;2;2;3;3;3;2;2;1;2;1;1;3;1;2;6;7;7;7;7;6;4;2;2;2;2;2;3;7;8;3;1;1;7;2;2;1;2;1;2;1;5;6;6;2;5;2;3;1;2;1;1;1;3;3;3;2;2;4;1;3;5;5;5;5;2;3;3;3;3;3;3;3;3;3;3;3;3;1;1;410001;410001;410001;3;2;3;3;3;3;3;2;3;3;2;3;2;3;3;2;5;5;5;7;8;3;5;6;5;5;5;6;6;2;2;2;2;2;2;3;1;1946;71;6;3;1;1;1;410;410;410;1;3;1;2390;1;4;1;1;1;1;0;1;0;1;4;5;-3;-5;9;-3;1;3;5;1;1;0;100000020;410004;1;1;1;0.6641666666666666;0.72;0.38342592592592595;0.4335185185185186;1.0;0.33;0.33;0.5533333333333333;0.66;1.0;1.0;0.8866666666666667;1.0;1.0;0.0;0.6666666666666666;0.33;0.66;0.66;0.55;1.0;0.0;1.0;0.6666666666666666;0.5;0.33;0.66;0.49666666666666676;0.1111111111111111;0.4444444444444444;0.5555555555555556;0.3703703703703704;0.0;0.0;0.0;0.0;1.0;1.0;1.0;1.0;1.0;1.0;1.0;1.0;1.0;1.0;1.0;1.0;0;0;0;0;1;3;6;6;6;6;4;4;5;6;6;4;3;5;5;5;6;-3;-3;5;50;10000;0;-3;1;1;-3;-3;-3;5;3;1;1;5;5;5;5;5;5;5;2;2;3;2;3;3;5;5;5;4
"1-5-0 (2020-11-16)";"doi.org/10.14281/18241.1";2018;410;"KOR";732;"ROK";410071151;20180113;201712;201801;12.32;12.52;20;1;410044;410010;6;3;4;1;1151;2390;"ko";3;1;1.0;0.8032128514056225;41453.815261044176;1;1;2;3;2;3;1;1;1;1;2;1;2;2;2;2;2;2;2;2;2;2;2;1;2;2;2;2;2;3;3;3;3;3;2;1;3;3;2;2;2;2;2;3;2;1;1;3;2;3;7;7;5;4;4;4;4;4;1;1;1;1;1;3;3;3;2;2;2;2;2;2;2;2;2;2;2;2;2;2;2;2;2;2;3;3;3;3;3;3;3;3;3;8;2;3;2;0;0;0;0;0;0;0;0;0;0;0;0;8;6;8;2;6;1;5;2;2;2;2;2;2;2;6;3;2;2;0;0;0;0;0;1;3;2;4;4;4;4;4;4;4;1;1;2;3;3;2;2;3;3;3;1;1;2;1;2;3;1;1;2;8;8;8;7;8;7;6;2;2;2;2;3;3;7;8;3;1;1;8;2;2;1;2;2;3;1;5;6;6;2;4;2;2;1;2;2;2;4;3;3;3;3;3;5;1;5;5;5;5;5;2;3;3;3;3;3;3;3;3;3;3;3;3;1;1;-2;-2;-2;2;2;3;2;2;2;2;3;2;2;2;3;3;3;3;3;7;8;5;6;8;3;7;7;3;8;8;6;6;2;2;2;2;2;3;3;2;1944;73;6;3;1;1;1;410;410;410;1;1;1;2390;1;1;1;1;1;1;0;1;0;1;1;1;9;9;-5;2;2;2;5;3;1;0;100000020;410004;1;1;1;0.6925;0.72;0.39268518518518525;0.4520370370370371;1.0;0.33;0.33;0.5533333333333333;0.66;1.0;1.0;0.8866666666666667;1.0;1.0;1.0;1.0;0.33;0.33;0.33;0.33;1.0;0.0;1.0;0.6666666666666666;0.5;0.33;0.66;0.49666666666666676;0.2222222222222222;0.4444444444444444;0.5555555555555556;0.40740740740740744;0.0;0.0;0.0;0.0;1.0;1.0;1.0;1.0;1.0;1.0;1.0;1.0;1.0;1.0;1.0;1.0;0;0;0;0;1;8;5;6;6;6;6;4;5;7;6;6;8;6;4;4;5;5;2;5;70;15000;0;6;3;1;6;6;6;7;4;1;1;5;5;7;6;5;5;5;2;1;2;2;2;2;7;6;5;4
"1-5-0 (2020-11-16)";"doi.org/10.14281/18241.1";2018;410;"KOR";732;"ROK";410071152;20180113;201712;201801;10.01;10.22;21;1;410042;410008;7;4;3;1;1152;2390;"ko";3;1;1.0;0.8032128514056225;41453.815261044176;1;1;1;2;1;3;1;1;2;1;2;2;1;1;2;2;2;1;2;1;2;1;2;2;2;2;2;3;3;4;4;3;3;3;2;1;3;3;4;2;3;3;3;3;2;3;1;2;2;2;5;5;6;3;4;4;4;4;1;2;2;2;2;2;2;2;2;2;2;2;2;2;2;2;3;3;3;2;2;2;2;2;2;2;2;2;2;2;2;2;2;2;2;6;1;1;1;0;0;0;1;0;1;0;0;1;0;1;0;6;6;5;6;6;2;6;2;2;2;2;2;2;2;5;4;2;2;2;2;2;2;2;2;2;2;3;3;3;3;3;3;3;1;1;2;1;1;2;1;2;2;2;2;2;1;1;2;1;2;1;3;6;6;6;6;6;6;6;2;2;2;2;3;3;6;5;3;1;2;6;6;6;6;6;6;6;6;6;6;7;1;6;6;1;2;2;6;6;6;1;1;1;2;2;3;1;3;1;1;1;4;4;1;2;2;2;2;2;2;2;2;2;2;2;2;2;-2;-2;-2;1;1;1;3;3;3;3;1;1;2;2;2;2;3;2;4;6;6;6;6;6;6;6;6;6;6;6;6;7;2;2;2;3;2;3;4;2;1957;60;5;3;1;1;1;410;410;410;1;5;1;2390;1;3;3;2;4;2;3;2;5;3;2;2;8;4;8;2;2;2;3;6;2;0;100000020;410004;2;2;2;0.6369444444444445;0.608888888888889;0.5268055555555555;0.6377777777777778;0.5;0.33;0.33;0.3866666666666667;0.66;1.0;0.8333333333333334;0.8311111111111112;1.0;1.0;1.0;1.0;0.33;0.33;0.33;0.33;1.0;0.0;1.0;0.6666666666666666;0.5;0.66;1.0;0.7200000000000001;0.5555555555555556;0.5555555555555556;0.5555555555555556;0.5555555555555556;0.33;0.0;0.165;0.165;1.0;1.0;1.0;1.0;1.0;1.0;1.0;1.0;1.0;1.0;1.0;1.0;0;0;1;0;1;5;6;6;6;6;6;6;6;6;6;6;5;6;6;6;5;5;2;3;150;10000;1000;6;5;1;5;5;5;5;5;1;1;6;5;6;6;6;6;5;3;7;2;3;2;2;6;6;6;4
"1-5-0 (2020-11-16)";"doi.org/10.14281/18241.1";2018;410;"KOR";732;"ROK";410071153;20180113;201712;201801;11.21;11.44;23;1;410029;410005;8;5;2;1;1153;2390;"ko";2;1;1.0;0.8032128514056225;41453.815261044176;1;2;2;2;2;3;1;1;2;1;2;2;1;1;2;2;2;1;2;1;2;1;2;2;2;2;1;2;2;2;2;2;1;1;1;1;2;1;4;2;2;2;2;2;2;3;1;2;1;2;9;9;8;4;4;4;4;4;1;2;2;3;2;3;3;3;3;2;3;2;2;3;3;3;3;3;3;3;2;3;2;2;2;2;2;2;2;2;2;2;2;2;2;9;3;1;2;0;2;1;1;1;1;1;0;0;2;0;1;7;4;3;4;7;1;9;2;2;2;3;2;1;3;8;3;2;2;2;2;2;2;2;2;3;2;4;2;3;4;4;2;3;2;2;2;2;2;2;2;3;3;3;1;2;2;1;4;3;1;1;2;8;9;8;6;4;8;3;2;2;2;2;3;2;6;7;3;1;1;4;2;2;2;2;1;1;3;3;5;5;1;3;1;2;2;2;3;1;1;4;4;4;2;2;2;2;2;1;2;1;2;1;2;2;2;2;1;1;2;2;1;2;2;2;1;1;410002;410002;410002;2;3;2;2;2;2;2;2;2;2;2;1;2;3;2;3;3;9;4;10;2;6;10;8;5;10;10;7;7;2;2;2;2;2;2;3;1;1964;53;4;3;1;1;1;410;410;410;1;3;1;2390;1;1;6;3;3;2;1;1;1;1;3;5;3;-5;10;2;1;1;2;7;2;0;100000020;410004;1;1;2;0.5811111111111111;0.553888888888889;0.2772222222222222;0.2211111111111111;0.5;0.33;0.0;0.27666666666666667;0.66;1.0;0.8333333333333334;0.8311111111111112;1.0;1.0;0.0;0.6666666666666666;0.33;0.66;0.66;0.55;1.0;0.0;1.0;0.6666666666666666;0.0;0.33;0.33;0.22;0.0;0.2222222222222222;0.4444444444444444;0.2222222222222222;0.0;0.0;0.0;0.0;1.0;1.0;1.0;1.0;1.0;1.0;1.0;1.0;1.0;1.0;1.0;1.0;0;0;0;0;1;10;7;6;8;6;7;7;7;7;7;7;10;4;8;5;7;3;3;2;2000;160000;50000;8;5;1;8;8;10;9;8;1;1;6;6;10;6;5;5;5;2;1;3;2;2;2;10;7;8;4
"1-5-0 (2020-11-16)";"doi.org/10.14281/18241.1";2018;410;"KOR";732;"ROK";410071154;20180113;201712;201801;11.27;12.23;56;1;410029;410005;8;5;2;1;1154;2390;"ko";3;1;1.0;0.8032128514056225;41453.815261044176;1;1;1;1;1;3;1;1;1;1;2;2;2;1;2;2;2;1;1;1;1;1;2;2;2;2;3;2;3;2;2;4;4;2;1;1;4;2;5;2;2;2;2;2;3;3;3;3;2;3;1;6;6;4;4;4;4;4;2;1;1;1;1;3;3;3;2;2;2;2;2;2;2;2;2;2;2;2;2;2;2;2;2;2;2;2;2;2;2;2;2;2;2;8;3;3;2;0;0;0;0;0;0;0;0;0;0;0;0;8;8;6;4;7;2;10;3;3;3;3;3;3;2;8;3;1;1;1;1;1;1;1;1;2;3;3;3;3;3;3;3;3;1;1;2;2;1;2;2;2;2;2;1;1;2;2;1;1;3;1;4;8;8;2;8;6;9;1;2;2;2;2;3;3;7;8;3;1;1;4;3;3;3;3;3;3;3;3;6;6;4;4;4;4;4;1;1;1;7;2;3;3;2;1;4;1;4;1;5;1;4;1;2;2;2;2;2;2;2;2;2;2;2;2;1;1;410002;410002;410002;3;3;3;3;3;3;2;3;2;2;1;1;1;4;1;4;4;8;3;10;8;2;9;8;7;9;9;9;9;2;2;2;2;2;2;3;2;1968;49;4;2;1;1;1;410;410;410;2;3;1;2390;1;1;3;2;3;2;0;1;0;1;3;3;5;8;9;2;2;2;3;4;2;0;100000020;410004;0;1;2;0.7200000000000001;0.7750000000000001;0.395;0.45666666666666667;1.0;0.33;0.66;0.6633333333333334;0.66;1.0;1.0;0.8866666666666667;1.0;1.0;1.0;1.0;0.33;0.33;0.33;0.33;1.0;0.0;1.0;0.6666666666666666;0.75;0.66;0.33;0.5800000000000001;0.2222222222222222;0.2222222222222222;0.5555555555555556;0.3333333333333333;0.0;0.0;0.0;0.0;1.0;1.0;1.0;1.0;1.0;1.0;1.0;1.0;1.0;1.0;1.0;1.0;0;0;0;0;0;9;7;7;9;3;7;4;4;4;4;4;9;4;10;6;7;4;1;3;400;10000;0;6;3;3;10;7;10;8;6;1;2;1;2;5;1;1;1;2;2;1;4;1;1;1;9;1;1;4
"1-5-0 (2020-11-16)";"doi.org/10.14281/18241.1";2018;410;"KOR";732;"ROK";410071155;20180113;201712;201801;11.53;12.27;34;1;410027;410003;8;5;2;1;1155;2390;"ko";3;1;1.0;0.8032128514056225;41453.815261044176;1;2;2;2;1;3;2;1;2;2;1;1;1;1;2;2;2;1;2;1;2;1;2;1;1;2;2;2;3;3;3;2;3;3;2;1;2;1;2;3;2;2;2;2;2;3;1;2;2;2;7;7;4;4;4;4;4;4;2;2;1;3;2;3;3;4;2;2;2;3;2;3;3;3;3;3;3;2;2;3;2;2;3;3;3;3;2;2;3;3;2;2;3;7;3;1;2;1;0;0;0;0;0;0;0;0;1;0;0;7;6;5;6;4;2;7;3;4;3;3;3;3;4;7;3;2;2;1;0;1;1;2;2;2;2;3;2;3;3;3;2;3;1;1;2;2;2;2;2;2;3;3;2;2;1;2;1;3;4;1;3;8;7;5;5;2;7;5;1;1;2;2;2;3;3;4;2;2;2;4;1;1;1;1;1;5;1;4;4;4;1;4;1;1;1;2;1;1;4;2;4;4;2;2;2;1;2;1;2;1;1;1;2;3;3;3;3;3;3;3;3;3;3;3;1;1;410001;410001;410001;1;4;4;3;1;1;4;4;1;1;1;3;2;3;3;2;8;6;7;7;6;4;6;7;3;7;8;5;8;2;2;2;2;2;3;3;2;1953;64;5;3;1;1;1;410;410;410;1;2;1;2390;1;2;3;2;3;2;1;1;1;1;1;4;4;-5;10;2;1;2;3;2;1;7;70000000;410004;2;2;2;0.4002777777777778;0.5255555555555556;0.5355092592592593;0.4885185185185186;0.5;0.33;0.33;0.3866666666666667;0.66;1.0;0.3333333333333333;0.6644444444444444;0.0;0.0;0.0;0.0;0.33;0.66;0.66;0.55;1.0;1.0;1.0;1.0;0.5;0.66;0.66;0.6066666666666668;0.4444444444444444;0.3333333333333333;0.3333333333333333;0.3703703703703704;0.33;0.0;0.165;0.165;1.0;1.0;1.0;1.0;1.0;1.0;1.0;1.0;1.0;1.0;1.0;1.0;0;0;1;0;1;7;7;4;5;4;4;4;4;3;7;6;6;4;5;6;4;4;1;4;200;30000;5000;7;3;1;7;6;6;8;6;2;1;2;1;6;4;2;2;1;2;2;3;4;1;3;4;6;2;4
"1-5-0 (2020-11-16)";"doi.org/10.14281/18241.1";2018;410;"KOR";732;"ROK";410071156;20180113;201712;201801;12.26;12.52;26;1;410029;410005;8;5;2;1;1156;2390;"ko";3;1;1.0;0.8032128514056225;41453.815261044176;1;2;1;1;1;3;1;1;2;1;1;2;1;2;2;2;2;1;2;1;2;2;2;2;2;2;3;2;2;2;2;3;3;3;2;1;3;3;3;3;3;2;2;3;2;3;3;3;2;2;3;8;6;4;4;4;4;4;1;2;1;3;3;3;3;3;3;3;3;3;3;3;3;3;3;3;3;3;3;3;3;3;3;3;3;3;3;3;3;3;3;3;3;9;2;3;2;0;0;0;0;0;0;0;0;0;0;0;0;3;10;1;1;10;2;10;4;4;4;4;4;4;0;10;3;2;0;2;2;2;2;2;2;3;3;4;4;4;4;4;4;4;2;2;2;1;1;2;2;3;3;3;1;1;2;3;1;1;2;1;2;10;10;1;10;1;10;1;2;2;2;2;4;4;7;8;3;2;2;1;1;1;1;1;1;6;1;1;6;6;1;6;1;1;1;1;1;1;1;1;4;4;1;1;5;1;2;1;1;1;1;1;1;1;2;2;1;2;1;1;1;1;1;2;2;2;-2;-2;-2;2;4;4;4;3;3;3;4;1;3;1;2;2;4;2;4;1;10;1;1;1;1;1;10;1;10;10;7;7;2;2;2;2;2;3;3;2;1985;32;2;2;1;1;1;410;410;410;1;3;1;2390;1;1;3;2;3;2;2;1;2;1;1;1;1;6;-5;2;2;1;3;5;2;0;100000020;410004;3;2;1;0.5525000000000001;0.7750000000000001;0.6055092592592592;0.3785185185185186;1.0;0.33;0.66;0.6633333333333334;0.66;1.0;1.0;0.8866666666666667;0.0;0.0;0.0;0.0;0.66;0.66;0.66;0.66;1.0;1.0;1.0;1.0;0.5;0.33;0.33;0.3866666666666667;0.5555555555555556;0.0;0.5555555555555556;0.3703703703703704;0.33;1.0;0.665;0.665;1.0;1.0;1.0;1.0;1.0;1.0;1.0;1.0;1.0;1.0;1.0;1.0;1;0;1;0;1;8;7;7;7;7;7;4;4;4;4;4;8;4;8;8;8;1;3;2;450;30000;15000;8;4;1;8;8;3;8;6;1;2;1;1;7;1;1;1;1;2;1;3;2;2;2;7;1;1;4
"1-5-0 (2020-11-16)";"doi.org/10.14281/18241.1";2018;410;"KOR";732;"ROK";410071157;20180113;201712;201801;13.04;13.44;40;1;410029;410005;8;5;2;1;1157;2390;"ko";2;2;1.0;0.8032128514056225;41453.815261044176;1;3;2;1;1;2;1;2;2;2;2;1;1;1;1;2;2;1;2;1;2;1;2;2;1;2;3;2;3;2;2;3;2;1;1;1;2;1;5;1;1;2;2;2;2;2;2;2;2;3;9;9;9;4;4;4;4;4;1;2;1;1;1;3;4;4;1;2;2;2;2;2;2;2;2;2;2;2;2;2;2;2;2;2;2;2;2;2;2;2;2;2;2;3;2;1;2;2;0;0;0;0;0;0;0;0;0;0;0;10;8;3;3;6;2;7;3;3;3;3;3;3;3;3;4;2;2;2;2;2;2;2;2;4;3;3;3;3;3;3;3;3;1;1;2;2;2;2;2;2;2;2;1;1;1;1;2;1;2;1;2;7;4;9;6;6;10;10;1;1;1;1;3;3;2;4;1;1;1;10;1;1;1;1;1;1;1;1;1;1;1;1;1;1;1;1;1;1;1;2;3;3;2;1;5;1;1;1;5;5;5;1;2;2;2;2;1;2;1;1;1;2;1;2;1;1;410002;410002;410002;1;3;3;4;2;3;3;4;1;3;1;1;1;4;1;3;3;8;6;9;7;3;7;7;7;7;8;8;8;1;2;1;1;1;4;4;2;1958;59;5;3;1;1;1;410;410;410;1;4;1;2390;1;2;2;1;3;2;0;1;0;1;1;1;4;4;9;2;1;1;2;7;2;1;10100000;410004;2;2;0;0.24805555555555558;0.33111111111111113;0.22791666666666666;0.2066666666666667;0.5;0.33;0.66;0.49666666666666676;0.33;0.0;0.16666666666666666;0.16555555555555557;0.0;0.0;0.0;0.0;0.33;0.33;0.33;0.33;0.0;0.0;1.0;0.3333333333333333;0.25;0.66;0.33;0.4133333333333334;0.0;0.0;0.0;0.0;0.33;0.0;0.165;0.165;1.0;1.0;1.0;1.0;1.0;1.0;1.0;1.0;1.0;1.0;1.0;1.0;0;0;1;0;1;9;5;5;5;2;4;4;4;4;3;3;9;3;10;10;8;4;1;2;500;60000;0;10;7;1;10;10;10;10;10;1;5;3;3;8;1;3;1;3;2;1;2;2;2;2;8;1;3;4
"1-5-0 (2020-11-16)";"doi.org/10.14281/18241.1";2018;410;"KOR";732;"ROK";410071158;20180113;201712;201801;14.07;14.28;21;1;410042;410008;7;4;3;1;1158;2390;"ko";2;1;1.0;0.8032128514056225;41453.815261044176;1;2;2;2;2;3;1;1;2;1;1;1;2;2;2;2;2;1;2;2;2;2;2;1;2;2;2;3;4;4;3;3;5;2;2;1;5;2;1;5;3;2;4;4;2;1;2;3;2;2;7;7;6;4;4;4;4;4;1;1;1;2;2;3;2;2;3;3;3;3;2;3;2;3;3;4;3;3;3;3;2;2;3;2;2;2;2;2;2;2;2;2;3;7;3;3;2;0;0;0;1;0;0;0;0;0;0;0;0;6;7;2;4;4;1;8;2;3;3;2;2;2;2;10;2;2;0;1;0;1;2;2;1;2;2;4;4;4;4;4;4;4;2;2;2;3;2;2;2;2;2;4;1;2;1;1;3;2;3;1;3;7;8;7;6;2;9;5;2;2;2;2;3;3;7;7;3;1;2;4;3;5;1;1;1;8;2;5;8;9;2;8;1;1;1;1;5;1;8;1;4;4;3;2;5;1;1;2;4;1;2;1;1;2;1;2;1;1;3;2;2;3;3;3;2;2;-2;-2;-2;2;3;2;3;3;2;3;4;2;2;1;2;3;4;2;4;3;9;2;9;8;1;8;7;1;9;8;7;7;2;3;2;3;2;4;4;1;1997;20;1;1;1;1;1;410;410;410;1;5;1;2390;1;2;6;3;5;3;3;2;7;3;1;2;3;3;1;1;1;2;2;5;2;0;100000020;410004;3;2;1;0.6083333333333334;0.7750000000000001;0.8116666666666666;0.8333333333333333;1.0;0.66;0.33;0.6633333333333334;0.66;1.0;1.0;0.8866666666666667;1.0;0.0;0.0;0.3333333333333333;0.66;0.66;0.33;0.5499999999999999;1.0;1.0;1.0;1.0;1.0;1.0;1.0;1.0;0.7777777777777778;0.4444444444444444;0.7777777777777778;0.6666666666666666;0.66;0.5;0.5800000000000001;0.5800000000000001;1.0;1.0;1.0;1.0;1.0;1.0;1.0;1.0;1.0;1.0;1.0;1.0;1;1;0;0;1;7;5;5;5;5;4;2;2;3;3;4;8;3;6;6;4;1;8;2;400;20000;10000;6;5;1;8;8;3;7;6;1;1;1;1;1;1;1;1;1;1;7;1;2;1;2;5;1;1;4
"1-5-0 (2020-11-16)";"doi.org/10.14281/18241.1";2018;410;"KOR";732;"ROK";410071159;20180113;201712;201801;14.08;14.31;23;1;410027;410003;8;5;2;1;1159;2390;"ko";3;1;1.0;0.8032128514056225;41453.815261044176;1;2;1;2;1;2;2;2;2;1;1;1;1;1;2;2;2;1;2;1;2;1;1;1;1;2;1;2;2;3;2;2;2;1;3;3;3;3;2;2;3;1;2;1;2;3;1;2;2;2;7;6;4;4;4;4;4;4;2;2;1;2;3;4;3;4;2;3;3;2;2;3;3;3;3;3;3;2;3;2;3;3;2;3;3;3;2;3;3;3;2;2;3;7;3;1;3;1;0;0;0;0;0;0;0;0;1;0;0;7;6;4;6;4;2;1;3;3;3;3;3;3;4;7;3;2;2;1;0;0;1;2;2;2;3;3;2;3;3;4;2;3;1;1;2;2;1;2;2;1;2;3;2;2;1;2;1;3;1;1;3;7;7;5;7;2;8;6;1;1;2;2;3;3;5;6;2;2;2;8;1;1;1;1;1;5;1;3;5;4;1;4;1;1;1;3;1;1;4;2;4;4;2;2;5;1;5;1;4;1;1;1;3;3;3;3;3;3;3;3;3;3;3;3;1;1;410001;410001;410001;1;4;4;3;1;1;4;4;1;1;1;3;3;3;2;3;8;7;4;8;7;6;6;7;3;7;7;6;8;2;1;2;2;2;3;4;2;1960;57;5;3;1;1;1;410;410;410;1;4;1;2390;1;2;3;2;3;2;1;1;0;1;5;1;-3;8;10;-3;2;2;4;3;1;0;100000020;410004;1;1;1;0.3730555555555556;0.4161111111111111;0.3625925925925926;0.3918518518518519;0.5;0.0;0.0;0.16666666666666666;0.33;1.0;0.6666666666666666;0.6655555555555556;0.0;0.0;0.0;0.0;0.66;0.66;0.66;0.66;0.0;1.0;1.0;0.6666666666666666;0.25;0.33;0.66;0.41333333333333333;0.4444444444444444;0.2222222222222222;0.4444444444444444;0.3703703703703704;0.0;0.0;0.0;0.0;1.0;1.0;1.0;1.0;1.0;1.0;1.0;1.0;1.0;1.0;1.0;1.0;0;0;0;0;1;7;4;6;5;6;4;5;4;4;6;4;7;4;4;6;7;-3;-3;4;200;30600;3000;-3;4;1;-3;-3;-3;6;6;2;1;2;1;6;7;3;2;1;3;2;4;4;1;3;6;7;3;4
"1-5-0 (2020-11-16)";"doi.org/10.14281/18241.1";2018;410;"KOR";732;"ROK";410071160;20180113;201712;201801;14.26;14.46;20;1;410042;410008;7;4;3;1;1160;2390;"ko";2;1;1.0;0.8032128514056225;41453.815261044176;1;1;2;2;1;1;1;1;1;1;2;2;2;1;2;2;2;1;2;2;2;2;2;2;2;2;2;3;3;3;2;2;3;3;2;1;4;2;2;2;2;1;1;3;2;3;1;3;2;2;7;7;6;4;4;4;4;4;1;2;1;3;2;3;3;3;2;2;3;3;3;2;2;2;3;3;2;2;2;3;2;3;3;2;2;2;2;2;2;2;2;2;2;6;3;1;2;0;0;0;0;0;0;0;0;0;0;0;0;3;6;4;3;3;1;8;3;3;2;2;4;2;3;8;3;2;2;0;2;0;2;0;0;2;2;3;2;3;3;4;3;4;1;1;2;2;2;2;2;3;3;3;1;2;1;1;3;1;3;1;2;5;5;5;4;5;8;5;1;1;1;1;3;3;4;5;2;1;1;8;1;1;1;1;1;8;1;5;5;10;7;5;4;1;3;1;5;3;8;1;3;4;2;2;5;1;2;1;1;1;1;2;1;2;1;2;2;3;3;3;2;2;2;2;1;1;-2;-2;-2;3;3;2;2;2;1;1;4;2;3;3;3;3;3;2;3;6;9;5;8;2;2;5;5;5;5;5;8;6;3;3;3;3;2;2;2;1;1992;25;2;1;1;1;1;410;410;410;1;4;2;2390;6;0;3;2;-3;-3;3;2;3;2;7;-3;-3;-3;4;-3;2;2;3;5;2;2;20000000;410004;2;1;2;0.3733333333333334;0.5816666666666668;0.5197222222222222;0.5811111111111111;1.0;0.66;0.33;0.6633333333333334;0.0;1.0;0.5;0.5;0.0;0.0;0.0;0.0;0.33;0.33;0.33;0.33;1.0;0.0;1.0;0.6666666666666666;0.5;0.66;0.66;0.6066666666666668;0.7777777777777778;0.4444444444444444;0.4444444444444444;0.5555555555555555;0.0;0.5;0.25;0.25;1.0;1.0;1.0;1.0;1.0;1.0;1.0;1.0;1.0;1.0;1.0;1.0;1;0;0;0;1;7;5;5;5;3;5;3;3;4;4;3;7;5;5;5;5;-3;-3;3;200;20000;3000;-3;5;1;-3;-3;-3;8;5;1;3;5;4;5;5;5;5;4;3;5;2;3;1;4;5;5;5;-3
"1-5-0 (2020-11-16)";"doi.org/10.14281/18241.1";2018;410;"KOR";732;"ROK";410071161;20180113;201712;201801;14.48;15.19;31;1;410029;410005;8;5;2;1;1161;2390;"ko";2;2;1.0;0.8032128514056225;41453.815261044176;1;1;2;3;2;3;1;2;1;1;2;2;1;1;2;2;2;1;2;1;2;1;2;1;2;1;2;2;3;2;2;3;2;1;1;1;4;2;4;2;2;2;2;2;2;1;1;2;2;2;9;8;6;4;4;4;4;4;1;2;2;3;2;4;3;3;2;3;3;2;2;2;2;3;3;3;3;3;2;3;2;2;2;2;2;2;2;2;2;2;2;2;2;8;3;1;2;2;0;0;0;0;0;0;0;0;1;0;0;3;9;1;5;7;2;10;3;3;3;3;3;1;3;9;2;2;2;2;2;2;2;2;2;3;2;3;2;3;4;4;2;3;2;1;2;3;2;2;2;3;3;3;1;2;2;1;2;3;1;1;2;9;10;9;6;6;8;7;1;1;1;1;2;2;4;5;2;1;2;7;1;1;1;1;1;1;1;1;5;4;1;1;1;1;1;1;1;1;1;4;4;4;3;2;5;2;5;1;5;1;5;1;2;3;3;3;2;2;3;3;2;2;3;3;2;2;410002;410002;410002;2;3;3;2;2;2;2;2;2;2;1;1;2;3;2;3;3;10;6;10;1;6;9;9;6;9;9;7;7;2;2;2;1;2;3;3;2;1961;56;5;3;1;1;1;410;410;410;1;5;1;2390;1;3;3;2;3;2;1;1;2;1;5;3;-3;4;6;-3;2;2;3;3;1;7;70000000;410004;1;1;1;0.3866666666666667;0.5533333333333335;0.22370370370370368;0.28074074074074074;0.5;0.33;0.33;0.3866666666666667;0.66;1.0;0.5;0.7200000000000001;0.0;0.0;0.0;0.0;0.66;0.33;0.33;0.44;0.0;0.0;1.0;0.3333333333333333;0.25;0.66;0.33;0.4133333333333334;0.0;0.0;0.4444444444444444;0.14814814814814814;0.0;0.0;0.0;0.0;1.0;1.0;1.0;1.0;1.0;1.0;1.0;1.0;1.0;1.0;1.0;1.0;0;0;0;0;1;8;7;6;6;4;6;3;4;5;5;5;8;4;6;5;7;-3;-3;3;550;40000;10000;-3;3;1;-3;-3;-3;9;6;1;1;6;5;9;5;7;5;5;2;1;3;2;2;2;9;5;7;4
"1-5-0 (2020-11-16)";"doi.org/10.14281/18241.1";2018;410;"KOR";732;"ROK";410071162;20180113;201712;201801;14.5;15.1;20;1;410042;410008;7;4;3;1;1162;2390;"ko";3;1;1.0;0.8032128514056225;41453.815261044176;1;1;1;1;1;2;1;1;2;1;1;1;2;2;2;2;2;1;2;2;2;2;2;2;2;2;1;3;3;3;3;2;3;3;2;1;3;3;3;2;3;2;2;2;2;1;1;1;2;2;7;8;7;4;4;4;4;4;1;1;1;2;2;3;2;3;2;2;2;2;2;2;2;2;3;4;3;2;2;2;2;2;2;2;2;2;2;2;2;2;2;2;2;4;3;1;2;0;0;0;0;0;0;0;0;0;0;0;0;8;8;4;3;3;1;7;2;2;2;2;2;1;3;9;3;1;1;1;1;1;1;1;1;3;2;3;3;3;3;3;3;3;2;2;2;4;4;2;2;3;3;3;1;2;1;1;2;1;2;1;2;8;8;7;4;7;8;4;1;1;1;1;3;3;4;7;2;1;1;8;4;1;1;1;1;6;1;1;5;9;1;5;1;1;1;1;1;1;1;2;3;3;2;2;1;1;1;1;2;2;1;1;2;2;2;2;3;3;3;3;2;2;2;2;1;1;410001;410001;410001;2;3;2;3;2;2;3;3;2;2;1;2;2;4;2;4;8;7;3;7;3;1;10;3;3;9;10;8;8;2;2;2;2;2;2;2;1;1979;38;3;2;1;1;1;410;410;410;1;4;1;2390;1;2;6;3;6;3;1;1;1;1;1;1;3;1;7;1;1;1;3;7;2;2;20000000;410004;2;2;1;0.2625;0.36;0.52625;0.4700000000000001;0.0;0.33;0.0;0.11;0.33;1.0;0.5;0.61;0.0;0.0;0.0;0.0;0.33;0.33;0.33;0.33;1.0;1.0;1.0;1.0;0.5;0.66;0.66;0.6066666666666668;0.5555555555555556;0.0;0.4444444444444444;0.3333333333333333;0.33;0.0;0.165;0.165;1.0;1.0;1.0;1.0;1.0;1.0;1.0;1.0;1.0;1.0;1.0;1.0;0;0;1;0;1;8;7;7;7;7;7;7;7;7;7;7;9;7;6;7;3;1;6;3;400;5000;1000;8;7;1;8;8;8;8;8;1;1;5;5;6;5;5;5;5;2;2;1;4;4;2;5;5;5;4
"1-5-0 (2020-11-16)";"doi.org/10.14281/18241.1";2018;410;"KOR";732;"ROK";410071163;20180113;201712;201801;16.13;16.34;21;1;410042;410008;7;4;3;1;1163;2390;"ko";2;1;1.0;0.8032128514056225;41453.815261044176;1;1;2;2;1;1;1;1;1;1;1;2;2;2;2;2;2;1;2;2;2;2;2;1;2;2;2;3;3;4;3;2;4;2;2;1;4;2;4;2;2;1;1;3;2;3;1;3;2;2;8;8;8;4;4;4;4;4;1;2;1;2;2;3;3;3;2;2;3;3;3;2;2;2;3;3;2;2;2;2;2;3;3;2;2;2;2;2;2;2;2;2;2;6;3;1;2;2;1;1;2;1;1;1;2;1;1;2;1;3;5;5;5;3;1;8;3;3;3;2;4;2;3;8;3;2;2;0;2;0;2;0;0;2;2;3;2;3;3;4;3;4;1;1;2;2;2;2;2;3;3;3;1;2;1;1;2;1;3;1;3;5;1;5;4;5;8;9;1;1;1;1;2;2;1;1;1;1;1;8;5;1;1;1;5;1;1;5;5;5;5;5;1;1;3;1;5;3;5;1;3;4;2;2;1;1;2;1;1;1;1;2;1;2;1;1;2;2;2;2;2;2;2;2;1;1;410002;410002;410002;3;3;2;2;2;1;1;4;2;3;3;3;3;4;1;3;3;8;5;10;10;5;10;2;2;10;10;8;5;3;2;2;2;2;2;2;2;1976;41;3;2;1;1;1;410;410;410;1;5;2;2390;1;3;6;3;7;3;3;2;3;2;1;1;1;2;6;2;1;2;3;5;2;2;20000000;410004;1;1;1;0.3041666666666667;0.27666666666666667;0.5249074074074074;0.5498148148148148;1.0;0.33;0.33;0.5533333333333333;0.0;0.0;0.0;0.0;0.0;0.0;1.0;0.3333333333333333;0.33;0.33;0.33;0.33;1.0;1.0;1.0;1.0;0.75;0.66;1.0;0.8033333333333333;0.0;0.4444444444444444;0.4444444444444444;0.2962962962962963;0.0;0.0;0.0;0.0;1.0;1.0;1.0;1.0;1.0;1.0;1.0;1.0;1.0;1.0;1.0;1.0;0;0;0;0;1;8;6;5;5;3;5;3;3;4;4;3;8;5;10;10;5;1;5;2;200;50000;0;8;5;1;8;8;8;8;5;1;3;1;1;6;1;1;1;1;2;1;2;3;1;4;6;1;1;4
"1-5-0 (2020-11-16)";"doi.org/10.14281/18241.1";2018;410;"KOR";732;"ROK";410071164;20180113;201712;201801;16.36;16.57;21;1;410042;410008;7;4;3;1;1164;2390;"ko";3;1;1.0;0.8032128514056225;41453.815261044176;1;2;2;2;1;3;1;1;1;1;1;2;2;2;2;2;2;1;2;1;2;1;2;1;2;2;1;2;2;2;2;2;3;3;2;1;2;1;3;2;3;2;2;2;2;1;1;1;3;2;6;5;4;4;3;4;2;2;1;2;1;2;2;3;2;3;2;2;2;2;2;2;2;2;3;2;3;3;2;2;2;3;3;3;3;3;3;3;3;3;3;3;3;4;3;1;2;0;0;0;0;0;0;0;0;0;0;0;0;7;5;6;7;7;1;5;2;2;2;2;2;2;3;8;3;1;1;1;1;1;1;1;1;3;3;3;3;3;3;3;3;3;1;1;2;3;2;2;2;2;2;2;1;2;1;1;2;1;2;1;3;5;5;5;4;5;5;4;2;2;2;2;3;3;4;2;1;1;2;5;5;2;2;2;2;2;2;2;3;3;2;4;1;1;1;1;1;1;5;2;3;4;3;3;2;1;2;1;4;2;3;2;2;2;2;2;3;3;3;3;2;2;2;2;1;1;410001;410001;410001;2;2;2;3;2;2;3;3;2;2;1;2;2;4;2;4;6;6;4;5;5;5;5;5;5;7;9;7;7;2;2;2;2;2;3;3;2;1959;58;5;3;1;1;1;410;410;410;1;4;1;2390;1;1;3;2;3;2;1;1;1;1;1;1;4;4;9;2;1;2;3;3;1;7;70000000;410004;2;2;1;0.45666666666666667;0.24833333333333335;0.4249537037037037;0.2674074074074074;0.0;0.33;0.0;0.11;0.66;0.0;0.5;0.3866666666666667;1.0;1.0;1.0;1.0;0.33;0.33;0.33;0.33;1.0;1.0;1.0;1.0;0.5;0.33;0.33;0.3866666666666667;0.1111111111111111;0.1111111111111111;0.2222222222222222;0.14814814814814814;0.33;0.0;0.165;0.165;1.0;1.0;1.0;1.0;1.0;1.0;1.0;1.0;1.0;1.0;1.0;1.0;0;0;1;0;1;4;5;5;7;6;6;5;5;5;5;4;6;5;5;5;4;4;1;3;100;5000;1000;6;5;3;7;8;7;7;3;2;1;5;5;4;5;5;5;5;2;2;2;3;1;2;5;5;5;4
"1-5-0 (2020-11-16)";"doi.org/10.14281/18241.1";2018;410;"KOR";732;"ROK";410071165;20180113;201712;201801;16.54;17.14;20;1;410042;410008;7;4;3;1;1165;2390;"ko";3;1;1.0;0.8032128514056225;41453.815261044176;1;2;2;2;1;1;1;1;2;1;2;2;2;2;1;2;1;1;2;2;2;2;2;1;2;1;1;2;3;3;3;2;1;1;1;1;1;1;2;2;2;3;2;2;2;2;2;2;1;2;4;3;3;1;1;3;2;2;1;2;2;3;2;2;2;2;3;2;3;2;2;3;3;3;4;4;3;2;2;2;2;3;2;2;3;3;2;2;4;4;4;3;3;6;1;1;2;0;0;0;0;0;0;0;0;0;0;0;0;8;8;3;6;7;2;7;2;3;2;3;3;2;3;7;3;1;1;1;1;1;1;1;1;3;3;2;2;2;2;2;3;3;2;2;2;4;4;2;2;4;4;4;2;2;1;2;1;1;2;1;3;8;7;5;6;6;7;7;1;2;2;2;2;2;5;1;1;1;2;6;5;6;1;1;1;1;1;1;1;1;1;1;1;1;1;1;1;1;1;1;1;2;2;3;2;2;3;3;2;2;3;3;2;2;2;2;3;3;3;3;3;3;3;3;1;2;410008;410008;410008;3;3;2;2;3;3;2;3;3;2;3;3;2;2;2;2;4;5;4;4;4;4;3;5;4;6;6;5;5;2;2;1;3;1;4;1;2;1961;56;5;3;1;1;1;410;410;410;1;4;1;2390;1;2;3;2;3;2;1;1;1;1;1;4;8;-5;9;1;1;1;2;6;2;1;10100000;410004;2;2;-1;0.34555555555555556;0.24944444444444444;0.2345833333333333;0.22;0.5;0.33;0.0;0.27666666666666667;0.0;0.0;0.6666666666666666;0.2222222222222222;1.0;0.0;0.0;0.3333333333333333;0.33;0.66;0.66;0.55;1.0;0.0;0.0;0.3333333333333333;0.0;0.66;0.66;0.44;0.0;0.0;0.0;0.0;0.33;0.0;0.165;0.165;1.0;1.0;1.0;1.0;1.0;1.0;1.0;1.0;1.0;1.0;1.0;1.0;0;0;1;0;1;8;2;7;5;5;5;3;3;5;3;7;10;6;6;7;8;1;3;2;200;30000;0;3;5;1;3;2;2;3;2;1;1;3;2;5;3;3;2;3;2;1;3;2;2;3;5;2;3;4
"1-5-0 (2020-11-16)";"doi.org/10.14281/18241.1";2018;410;"KOR";732;"ROK";410071166;20180113;201712;201801;17.16;17.37;21;1;410042;410008;7;4;3;1;1166;2390;"ko";3;1;1.0;0.8032128514056225;41453.815261044176;1;3;2;3;1;4;1;1;2;2;1;1;2;1;2;2;2;1;2;1;2;2;2;1;2;1;2;2;3;3;3;2;1;1;1;1;3;3;5;2;3;2;2;1;2;3;1;3;1;2;9;9;9;4;4;4;4;4;3;2;1;3;3;4;3;3;3;2;3;2;2;3;3;3;4;4;3;2;3;2;2;2;3;3;2;2;2;2;2;2;3;3;3;4;1;1;2;1;1;1;0;0;0;0;0;0;0;0;0;8;8;3;6;6;2;5;2;3;2;3;3;2;4;6;1;0;0;1;1;2;1;2;1;3;3;3;2;3;3;4;3;3;1;1;2;2;3;2;2;2;3;2;1;2;1;1;2;1;2;1;2;6;6;8;5;5;8;3;1;2;2;2;3;4;3;4;2;1;2;6;3;1;1;3;1;1;3;6;5;5;3;5;1;2;2;1;1;2;8;2;2;2;3;3;1;1;5;3;5;5;4;2;1;2;2;3;3;3;3;3;3;3;3;3;2;2;-2;-2;-2;3;3;2;2;3;3;3;4;1;2;2;2;2;4;2;4;7;6;3;5;6;5;4;5;3;6;7;6;7;2;2;1;1;1;3;2;2;1949;68;6;3;1;1;1;410;410;410;1;2;1;2390;5;2;2;1;-3;-3;1;1;1;1;2;-3;4;-5;10;2;2;2;3;4;2;7;70000000;410004;2;2;2;0.553611111111111;0.6655555555555555;0.4845833333333333;0.38666666666666666;1.0;0.33;0.33;0.5533333333333333;1.0;1.0;0.3333333333333333;0.7777777777777777;0.0;1.0;0.0;0.3333333333333333;0.33;0.66;0.66;0.55;1.0;1.0;1.0;1.0;0.0;0.66;0.66;0.44;0.0;0.5555555555555556;0.4444444444444444;0.3333333333333333;0.33;0.0;0.165;0.165;1.0;1.0;1.0;1.0;1.0;1.0;1.0;1.0;1.0;1.0;1.0;1.0;0;0;1;0;1;9;6;7;5;6;5;5;5;6;3;4;7;5;4;8;4;5;2;3;150;30000;0;6;3;1;6;6;9;9;8;2;1;3;2;5;3;3;2;3;2;7;3;3;2;3;5;2;3;-5
"1-5-0 (2020-11-16)";"doi.org/10.14281/18241.1";2018;410;"KOR";732;"ROK";410071167;20180113;201712;201801;19.3;19.5;20;1;410043;410009;6;3;4;1;1167;2390;"ko";2;1;1.0;0.8032128514056225;41453.815261044176;1;2;2;2;1;3;1;1;1;2;2;1;1;2;2;2;2;1;2;1;2;2;2;1;2;2;2;3;2;2;2;2;3;3;3;3;3;3;3;3;2;3;3;3;2;1;3;2;2;2;7;8;7;4;4;4;4;4;1;2;1;3;2;3;3;2;2;2;3;2;3;2;2;3;2;3;3;3;3;3;3;3;3;3;3;3;3;3;3;3;3;3;3;5;1;1;2;0;0;0;0;0;0;0;0;0;1;0;0;4;5;5;5;5;2;5;2;2;2;2;2;2;3;5;3;1;1;1;1;1;1;1;1;2;2;3;2;3;3;3;3;3;1;2;2;2;2;2;2;3;3;3;1;1;1;2;3;1;2;1;4;5;5;5;4;7;4;4;2;2;2;2;4;4;7;8;3;2;2;5;4;4;3;3;3;5;5;5;6;5;5;5;4;3;3;3;5;5;5;2;3;3;3;2;4;3;2;1;1;1;1;1;2;2;2;2;2;2;2;2;3;3;3;3;1;1;-2;-2;-2;2;3;2;3;3;3;2;2;3;3;2;2;3;2;3;3;6;5;5;5;5;5;5;4;5;5;5;5;5;2;3;2;2;1;2;2;2;1982;35;3;2;1;1;1;410;410;410;1;4;2;2390;6;0;6;3;-3;-3;3;2;3;2;1;-3;3;-3;9;2;2;2;2;6;2;0;100000020;410004;2;2;1;0.6783333333333335;0.6916666666666668;0.48745370370370367;0.43407407407407406;0.5;0.66;0.33;0.49666666666666676;0.66;1.0;1.0;0.8866666666666667;1.0;1.0;1.0;1.0;0.33;0.33;0.33;0.33;1.0;0.0;1.0;0.6666666666666666;0.5;0.33;0.33;0.3866666666666667;0.4444444444444444;0.4444444444444444;0.5555555555555556;0.48148148148148145;0.33;0.5;0.41500000000000004;0.41500000000000004;1.0;1.0;1.0;1.0;1.0;1.0;1.0;1.0;1.0;1.0;1.0;1.0;1;0;1;0;0;8;7;5;6;4;5;5;5;4;4;4;8;4;5;7;6;1;4;2;700;40000;0;7;6;1;7;7;6;7;5;1;1;5;5;7;5;5;5;5;2;1;2;3;3;2;7;5;5;-3
"1-5-0 (2020-11-16)";"doi.org/10.14281/18241.1";2018;410;"KOR";732;"ROK";410071168;20180113;201712;201801;20.43;21.03;20;1;410043;410009;6;3;4;1;1168;2390;"ko";1;1;1.0;0.8032128514056225;41453.815261044176;1;1;2;2;1;3;1;1;2;1;1;1;2;2;2;2;2;1;2;2;2;2;2;1;2;2;2;3;3;4;4;2;5;2;2;1;5;2;3;5;2;2;4;4;2;1;3;3;2;2;7;8;7;4;4;4;4;4;1;1;1;2;2;3;2;2;2;3;2;3;2;1;1;2;3;3;1;1;1;3;2;2;2;1;2;2;2;2;2;2;2;2;2;9;3;1;2;0;1;0;0;0;0;0;0;0;0;0;0;3;8;3;5;5;1;8;2;3;2;1;3;1;4;7;4;2;2;0;0;0;0;0;0;2;1;4;3;3;4;4;4;4;2;2;2;2;3;2;2;2;4;4;1;1;1;3;4;2;1;2;3;7;8;3;3;7;6;2;2;2;2;2;3;4;7;8;3;2;2;2;7;4;2;4;4;10;7;2;9;9;2;7;1;1;1;1;5;2;6;2;4;4;2;2;3;2;5;1;5;1;5;2;2;2;2;2;2;3;2;2;2;2;2;2;4;4;410002;410002;410002;1;3;2;3;2;1;2;4;2;2;1;3;3;4;2;4;3;9;2;10;8;1;9;8;4;10;9;7;7;2;2;1;2;2;3;3;1;1998;19;1;1;1;1;1;410;410;410;1;6;2;2390;6;0;3;2;-3;-3;3;2;3;2;1;-3;3;-3;10;1;2;2;3;4;2;0;100000020;410004;4;2;1;0.665;0.72;0.8458333333333333;0.7766666666666666;1.0;0.33;0.33;0.5533333333333333;0.66;1.0;1.0;0.8866666666666667;1.0;1.0;1.0;1.0;0.66;0.0;0.0;0.22;1.0;1.0;1.0;1.0;1.0;0.66;1.0;0.8866666666666667;1.0;0.1111111111111111;0.8888888888888888;0.6666666666666666;0.66;1.0;0.8300000000000001;0.8300000000000001;1.0;1.0;1.0;1.0;1.0;1.0;1.0;1.0;1.0;1.0;1.0;1.0;1;1;0;1;1;7;6;3;3;3;2;2;3;3;3;4;9;6;4;7;6;2;4;2;300;40000;5000;7;4;1;7;9;6;9;3;1;1;6;6;7;5;5;6;6;2;8;3;2;3;2;8;4;5;-3
"1-5-0 (2020-11-16)";"doi.org/10.14281/18241.1";2018;410;"KOR";732;"ROK";410071169;20180113;201712;201801;20.58;21.18;20;1;410043;410009;6;3;4;1;1169;2390;"ko";1;1;1.0;0.8032128514056225;41453.815261044176;1;2;2;4;2;3;1;2;1;1;1;2;2;1;2;2;2;1;2;1;2;1;2;2;2;2;2;2;2;3;2;2;2;1;2;1;4;2;4;2;2;2;3;4;2;2;1;2;2;2;8;7;8;4;4;4;4;4;1;2;1;2;2;3;2;3;2;2;3;3;3;2;2;3;3;2;2;1;2;2;3;2;3;2;2;2;2;2;2;2;2;2;2;6;3;1;2;0;0;0;1;0;0;0;0;0;0;0;0;7;4;7;3;3;2;4;2;2;1;1;3;2;2;7;3;1;2;2;1;2;1;2;2;2;2;4;3;4;4;4;4;4;2;2;2;2;2;2;2;2;3;4;1;1;1;1;3;2;1;1;3;7;7;6;7;3;7;3;2;2;2;2;3;4;6;7;3;1;2;7;3;3;2;3;3;2;5;6;6;6;6;8;1;3;1;1;4;2;8;2;4;4;2;2;2;1;3;1;3;1;5;2;3;3;3;3;3;3;3;3;3;3;3;3;1;1;410001;410001;410001;1;3;1;3;1;4;2;4;4;4;1;2;2;2;2;2;8;8;7;7;8;7;8;8;3;8;9;7;7;2;2;2;3;2;3;4;1;1966;51;4;3;1;1;1;410;410;410;1;4;1;2390;1;2;6;3;6;3;3;2;3;2;1;1;3;3;6;2;1;1;3;5;2;0;100000020;410004;3;2;1;0.6369444444444445;0.608888888888889;0.5168518518518519;0.4103703703703704;0.5;0.33;0.33;0.3866666666666667;0.66;1.0;0.8333333333333334;0.8311111111111112;1.0;1.0;1.0;1.0;0.33;0.33;0.33;0.33;0.0;1.0;1.0;0.6666666666666666;0.25;0.33;0.66;0.41333333333333333;0.1111111111111111;0.5555555555555556;0.5555555555555556;0.40740740740740744;0.66;0.5;0.5800000000000001;0.5800000000000001;1.0;1.0;1.0;1.0;1.0;1.0;1.0;1.0;1.0;1.0;1.0;1.0;1;1;0;0;1;8;5;7;6;5;4;4;4;3;3;4;7;5;6;6;2;1;7;3;700;20000;0;7;4;1;8;7;7;8;7;2;1;4;1;2;5;3;2;1;4;2;1;4;1;3;3;5;3;4
"1-5-0 (2020-11-16)";"doi.org/10.14281/18241.1";2018;410;"KOR";732;"ROK";410071170;20180113;201712;201801;9.22;9.42;20;1;410043;410009;6;3;4;1;1170;2390;"ko";2;1;1.0;0.8032128514056225;41453.815261044176;1;1;2;3;3;4;1;1;2;2;2;1;1;1;2;2;2;1;2;1;2;2;2;2;2;2;2;2;3;2;3;2;4;2;3;3;3;3;4;3;4;3;4;4;2;2;2;2;2;2;6;5;6;3;2;3;3;3;1;1;2;2;3;2;2;2;2;2;2;2;3;2;3;2;2;3;3;3;3;2;2;2;2;2;2;2;2;2;2;2;2;2;2;5;3;1;2;0;0;0;0;0;0;0;0;0;0;0;0;6;5;6;6;6;2;5;2;2;2;3;2;2;2;5;3;1;1;1;2;2;1;1;1;2;2;3;3;3;3;3;3;3;2;2;2;3;3;2;2;3;3;3;1;1;1;2;3;1;3;2;3;5;6;7;6;6;5;6;2;2;2;2;3;3;7;8;3;1;2;6;7;6;7;7;7;6;6;7;6;7;6;7;7;7;7;6;7;7;6;3;3;3;2;2;2;2;3;1;2;2;3;2;3;3;3;3;3;3;3;3;3;3;3;3;1;1;410008;410008;410008;2;2;2;2;3;2;2;3;2;1;3;2;2;3;2;3;6;5;6;6;7;6;7;6;7;6;7;6;7;2;2;2;2;2;2;2;1;1940;77;6;3;1;1;1;410;410;410;1;5;1;2390;1;5;1;1;1;1;1;1;1;1;1;1;9;9;9;3;1;1;3;5;2;2;20000000;410004;3;1;2;0.7066666666666667;0.6933333333333334;0.5223148148148148;0.5862962962962963;0.5;0.33;0.33;0.3866666666666667;1.0;1.0;1.0;1.0;1.0;1.0;1.0;1.0;0.33;0.33;0.66;0.44;1.0;0.0;1.0;0.6666666666666666;0.75;0.66;0.33;0.5800000000000001;0.5555555555555556;0.6666666666666666;0.5555555555555556;0.5925925925925927;0.0;0.5;0.25;0.25;1.0;1.0;1.0;1.0;1.0;1.0;1.0;1.0;1.0;1.0;1.0;1.0;1;0;0;1;1;5;6;5;7;6;7;6;7;6;7;6;6;7;6;7;6;4;1;3;200;7000;0;6;5;1;7;7;6;6;6;1;1;2;1;5;4;3;2;2;2;2;2;2;2;2;5;4;3;4
"1-5-0 (2020-11-16)";"doi.org/10.14281/18241.1";2018;410;"KOR";732;"ROK";410071171;20180113;201712;201801;9.34;9.55;21;1;410043;410009;6;3;4;1;1171;2390;"ko";1;1;1.0;0.8032128514056225;41453.815261044176;1;2;2;3;2;4;1;1;2;1;1;1;2;2;2;2;2;1;2;1;2;1;2;2;2;2;2;2;3;2;3;3;2;1;2;1;3;3;3;3;3;4;3;3;2;2;1;2;2;2;5;6;5;2;2;3;2;3;1;2;2;2;3;2;3;2;2;2;3;3;3;3;2;2;2;3;3;2;2;2;2;2;2;2;2;2;3;3;2;2;2;2;2;5;3;1;2;0;0;0;0;0;0;0;0;0;1;0;0;6;5;6;6;6;2;5;2;2;3;2;3;2;3;6;2;1;1;1;1;1;1;1;1;2;2;2;3;2;3;2;3;2;2;2;2;2;2;2;2;3;3;3;1;1;1;2;3;1;4;1;3;5;6;5;6;6;5;5;2;2;2;2;4;4;7;8;3;2;2;5;5;5;6;6;5;6;6;6;5;6;5;6;6;6;5;6;5;6;6;2;3;3;4;2;5;1;5;5;5;5;5;1;3;3;3;3;3;3;3;3;3;3;3;3;1;1;410008;410008;410008;2;2;3;2;3;2;2;2;2;2;3;3;3;2;3;2;6;5;6;6;6;5;6;6;5;6;6;6;5;3;2;1;1;1;1;2;2;1948;69;6;3;1;1;1;410;410;410;1;4;1;2390;1;2;2;1;2;1;1;1;1;1;2;2;9;9;9;3;1;1;3;5;2;0;100000020;410004;3;2;1;0.7066666666666667;0.6933333333333334;0.586712962962963;0.46592592592592597;0.5;0.33;0.33;0.3866666666666667;1.0;1.0;1.0;1.0;1.0;1.0;1.0;1.0;0.33;0.66;0.33;0.44;1.0;1.0;1.0;1.0;0.25;0.66;0.33;0.4133333333333334;0.5555555555555556;0.5555555555555556;0.4444444444444444;0.5185185185185185;0.33;0.5;0.41500000000000004;0.41500000000000004;1.0;1.0;1.0;1.0;1.0;1.0;1.0;1.0;1.0;1.0;1.0;1.0;1;0;1;0;1;5;5;6;5;6;5;6;5;6;5;6;6;5;6;5;6;4;1;3;200;7000;0;5;6;1;6;7;6;6;5;1;1;5;5;8;5;5;5;5;3;2;2;2;2;2;8;5;5;4
"1-5-0 (2020-11-16)";"doi.org/10.14281/18241.1";2018;410;"KOR";732;"ROK";410071172;20180113;201712;201801;9.43;10.04;20;1;410043;410009;6;3;4;1;1172;2390;"ko";1;1;1.0;0.8032128514056225;41453.815261044176;1;2;2;3;4;4;1;1;2;1;2;1;1;2;2;2;2;1;2;1;2;1;2;2;2;2;2;2;3;2;3;3;2;1;3;3;3;3;3;3;3;4;3;4;2;2;1;2;2;2;6;5;6;4;4;4;4;4;3;2;1;1;1;1;2;2;2;2;3;2;3;2;3;3;2;2;2;3;3;3;3;2;2;2;2;2;2;2;2;2;2;2;2;6;3;1;2;0;0;0;0;0;0;0;0;0;1;0;0;5;6;5;6;5;2;6;2;2;2;2;2;3;3;6;3;1;1;1;1;1;1;1;1;2;2;4;4;4;4;4;4;4;2;2;2;4;4;2;2;4;4;4;1;1;1;1;3;1;4;1;3;6;5;6;6;5;6;5;2;2;2;2;4;4;7;8;3;2;2;6;6;5;7;6;5;6;7;6;6;5;6;7;6;6;7;6;7;6;6;3;2;3;3;2;5;1;5;5;5;5;5;1;2;2;2;2;3;3;3;3;3;3;3;3;1;1;410001;410001;410001;2;2;3;3;3;3;3;3;3;3;2;2;3;3;2;3;6;6;5;6;6;5;6;6;5;6;5;6;5;3;3;2;2;2;2;2;1;1946;71;6;3;1;1;1;410;410;410;1;1;1;2390;5;0;1;1;-3;-3;1;1;1;1;1;-3;9;-5;9;3;1;1;3;5;2;0;100000020;410004;3;2;1;0.7341666666666667;0.7483333333333334;0.5126388888888889;0.48444444444444446;0.5;0.66;0.33;0.49666666666666676;1.0;1.0;1.0;1.0;1.0;1.0;1.0;1.0;0.33;0.33;0.66;0.44;1.0;0.0;1.0;0.6666666666666666;0.25;0.66;0.33;0.4133333333333334;0.5555555555555556;0.5555555555555556;0.5555555555555556;0.5555555555555556;0.33;0.5;0.41500000000000004;0.41500000000000004;1.0;1.0;1.0;1.0;1.0;1.0;1.0;1.0;1.0;1.0;1.0;1.0;1;0;1;0;1;5;5;6;6;7;5;6;5;6;6;7;6;6;7;6;5;4;1;3;200;7000;0;6;6;1;5;6;6;5;6;1;1;5;5;5;7;5;5;5;2;2;2;3;2;2;5;7;5;-5
"1-5-0 (2020-11-16)";"doi.org/10.14281/18241.1";2018;410;"KOR";732;"ROK";410071173;20180113;201712;201801;9.45;10.29;45;1;410044;410012;6;3;4;1;1173;2390;"ko";2;1;1.0;0.8032128514056225;41453.815261044176;1;2;2;2;2;3;1;1;2;2;1;1;2;1;2;2;2;1;2;1;2;1;2;1;2;2;2;3;2;3;3;3;3;3;2;1;4;2;4;2;2;2;2;3;2;2;2;2;2;2;6;7;6;4;4;4;4;4;1;2;1;2;2;3;3;3;3;2;3;3;3;3;3;3;3;3;2;2;2;3;3;3;3;3;3;3;3;3;3;3;3;3;3;5;3;1;2;0;1;0;0;0;0;0;0;0;1;0;0;7;3;4;4;4;2;6;2;2;2;2;2;2;4;7;4;2;1;2;1;2;1;1;2;2;2;3;2;2;2;3;3;3;1;2;2;2;2;2;2;3;2;3;1;1;1;1;2;1;2;1;2;4;6;6;6;7;7;3;2;2;2;2;3;4;7;7;2;2;2;4;2;1;1;3;3;1;5;4;6;6;2;4;5;5;2;2;5;2;3;3;3;3;2;2;2;1;1;1;2;1;5;1;2;2;2;2;2;2;2;2;1;1;2;2;1;1;410008;410008;410008;2;3;1;2;3;2;2;3;2;2;1;4;2;4;2;4;5;7;1;10;7;1;9;6;1;10;10;6;6;2;2;3;3;2;3;3;1;1981;36;3;2;1;1;1;410;410;410;1;3;2;2390;6;0;6;3;-3;-3;2;1;3;2;1;-3;5;-3;9;2;1;2;3;5;2;0;100000020;410004;2;2;2;0.6225;0.6366666666666667;0.4894907407407408;0.39648148148148155;0.5;0.33;0.33;0.3866666666666667;0.66;1.0;1.0;0.8866666666666667;0.0;1.0;1.0;0.6666666666666666;0.33;0.66;0.66;0.55;1.0;1.0;1.0;1.0;0.5;0.33;0.66;0.49666666666666676;0.0;0.3333333333333333;0.5555555555555556;0.2962962962962963;0.33;0.0;0.165;0.165;1.0;1.0;1.0;1.0;1.0;1.0;1.0;1.0;1.0;1.0;1.0;1.0;0;0;1;0;1;7;6;6;6;6;6;7;6;4;4;5;7;6;7;6;7;1;4;3;250;19000;2000;7;5;1;7;7;6;7;5;1;1;4;1;1;1;2;2;1;2;3;1;3;2;3;2;1;5;-3
"1-5-0 (2020-11-16)";"doi.org/10.14281/18241.1";2018;410;"KOR";732;"ROK";410071174;20180113;201712;201801;9.56;10.17;21;1;410043;410009;6;3;4;1;1174;2390;"ko";3;1;1.0;0.8032128514056225;41453.815261044176;1;2;2;2;1;3;1;1;1;1;2;1;2;2;2;2;2;1;1;1;2;1;2;1;2;2;2;1;2;3;2;3;2;1;1;1;3;3;4;3;3;3;2;2;2;3;3;3;2;3;9;8;6;4;4;4;4;4;1;1;2;3;2;3;3;3;3;3;4;4;3;3;2;2;3;3;2;3;2;3;3;3;4;3;3;3;3;3;3;3;3;3;3;4;3;1;2;0;0;0;0;0;0;0;0;0;1;0;1;8;7;8;7;8;2;6;4;4;4;3;4;2;2;9;3;1;2;1;1;2;2;2;2;2;2;4;4;4;4;4;3;4;1;1;2;2;1;2;1;2;2;2;2;2;1;2;1;3;1;1;4;6;7;6;7;6;7;6;2;2;2;2;4;4;7;8;3;2;2;6;6;7;6;6;7;6;7;6;6;6;7;6;7;6;7;6;7;7;6;2;3;2;2;2;3;1;1;1;2;1;5;1;2;2;2;2;2;2;2;2;2;2;2;2;1;1;410002;410002;410002;2;2;3;2;3;2;3;2;3;3;2;2;3;2;3;2;6;6;5;6;6;7;6;7;6;7;6;7;6;3;2;1;1;1;1;1;2;1971;46;4;2;1;1;1;410;410;410;1;4;2;2390;1;2;3;2;3;2;1;1;1;1;1;1;3;3;9;1;2;1;3;5;2;7;70000000;410004;0;1;1;0.7474999999999999;0.72;0.40888888888888886;0.48444444444444446;1.0;0.33;0.33;0.5533333333333333;0.66;1.0;1.0;0.8866666666666667;1.0;1.0;1.0;1.0;0.66;0.66;0.33;0.5499999999999999;1.0;0.0;1.0;0.6666666666666666;0.25;0.33;0.66;0.41333333333333333;0.5555555555555556;0.5555555555555556;0.5555555555555556;0.5555555555555556;0.0;0.0;0.0;0.0;1.0;1.0;1.0;1.0;1.0;1.0;1.0;1.0;1.0;1.0;1.0;1.0;0;0;0;0;0;9;5;6;5;6;5;6;5;6;5;6;8;5;6;6;3;1;6;3;500;25000;0;7;5;1;6;6;7;5;6;2;1;5;5;8;3;3;3;3;2;1;2;2;2;2;8;5;5;4
"1-5-0 (2020-11-16)";"doi.org/10.14281/18241.1";2018;410;"KOR";732;"ROK";410071175;20180113;201712;201801;10.27;10.49;22;1;410043;410009;6;3;4;1;1175;2390;"ko";2;1;1.0;0.8032128514056225;41453.815261044176;1;1;1;3;2;2;1;1;1;2;2;1;1;2;2;2;2;1;2;1;2;1;2;2;2;2;2;3;2;3;3;2;2;1;3;3;3;3;3;2;3;3;3;2;2;2;2;2;3;2;5;5;5;4;4;4;4;4;3;2;1;1;1;3;2;2;3;3;3;3;3;3;3;3;3;3;3;3;3;3;3;3;3;3;3;3;3;3;3;3;3;3;3;5;3;2;2;0;0;0;0;0;0;0;0;0;1;0;0;5;5;5;5;5;2;6;2;2;2;2;2;2;3;5;3;1;1;1;1;1;0;2;1;2;2;4;4;4;4;4;4;4;2;2;2;2;2;2;2;4;4;4;1;1;1;2;1;2;1;1;2;4;4;4;5;5;5;5;2;2;2;2;2;3;7;8;3;2;2;5;5;5;5;5;5;5;5;5;5;5;5;5;5;5;5;5;5;5;5;2;2;2;3;2;5;1;5;1;5;1;5;1;3;3;3;3;3;3;3;3;3;3;3;3;2;2;-2;-2;-2;2;3;2;2;2;3;3;3;3;2;3;2;3;2;2;2;5;5;5;5;5;5;5;5;5;5;5;5;5;2;2;1;1;1;1;1;1;1973;44;3;2;1;1;1;410;410;410;1;1;1;2390;6;0;3;2;-3;-3;1;1;1;1;1;-3;6;-3;9;3;1;2;3;4;2;0;100000020;410004;2;2;1;0.7058333333333334;0.5816666666666668;0.4636111111111111;0.4288888888888889;0.5;0.33;0.33;0.3866666666666667;0.33;1.0;1.0;0.7766666666666667;1.0;1.0;1.0;1.0;0.66;0.66;0.66;0.66;1.0;0.0;1.0;0.6666666666666666;0.25;0.33;0.66;0.41333333333333333;0.4444444444444444;0.4444444444444444;0.4444444444444444;0.4444444444444444;0.66;0.0;0.33;0.33;1.0;1.0;1.0;1.0;1.0;1.0;1.0;1.0;1.0;1.0;1.0;1.0;0;1;0;0;1;5;5;5;5;5;5;5;5;5;5;5;5;5;5;5;5;2;2;3;200;4000;0;5;4;1;5;5;5;5;5;1;1;5;5;5;5;5;5;5;2;7;3;2;2;3;5;5;5;-3
"1-5-0 (2020-11-16)";"doi.org/10.14281/18241.1";2018;410;"KOR";732;"ROK";410071176;20180113;201712;201801;10.4;11.0;20;1;410043;410009;6;3;4;1;1176;2390;"ko";2;1;1.0;0.8032128514056225;41453.815261044176;1;2;2;3;3;3;1;1;1;2;2;1;1;2;2;2;2;1;2;1;2;1;2;2;2;2;2;3;3;2;3;3;2;1;3;3;2;1;2;3;3;3;2;3;2;2;2;2;2;2;5;5;5;4;4;4;4;4;3;2;1;1;1;3;2;2;3;3;3;3;3;3;2;3;3;3;2;2;3;3;3;3;3;3;3;3;3;3;3;3;3;3;3;5;3;3;2;0;0;0;0;0;0;0;0;0;1;0;0;5;5;5;5;5;2;5;2;2;3;2;2;2;3;5;2;1;1;1;1;1;1;1;1;2;2;4;4;4;4;4;4;4;2;2;2;2;2;2;2;4;4;4;1;1;1;1;2;2;1;1;2;5;5;5;5;5;5;5;2;2;2;2;2;2;7;8;3;2;2;5;5;5;5;5;5;5;5;5;5;5;5;5;5;5;5;5;5;5;5;2;3;3;3;2;5;1;5;5;5;5;5;1;3;3;3;3;3;3;3;3;3;3;3;3;1;1;410001;410001;410001;2;3;2;2;2;3;2;3;2;3;2;2;3;2;2;2;4;5;5;5;5;5;5;5;5;5;5;5;5;2;2;2;2;2;2;2;2;1959;58;5;3;1;1;1;410;410;410;1;1;1;2390;5;3;1;1;-3;-3;1;1;1;1;1;-3;9;-5;9;3;1;2;3;4;2;0;100000020;410004;2;2;1;0.7058333333333333;0.6366666666666667;0.4636111111111111;0.4288888888888889;0.5;0.33;0.33;0.3866666666666667;0.66;1.0;1.0;0.8866666666666667;1.0;1.0;1.0;1.0;0.66;0.66;0.33;0.5499999999999999;1.0;0.0;1.0;0.6666666666666666;0.25;0.66;0.33;0.4133333333333334;0.4444444444444444;0.4444444444444444;0.4444444444444444;0.4444444444444444;0.66;0.0;0.33;0.33;1.0;1.0;1.0;1.0;1.0;1.0;1.0;1.0;1.0;1.0;1.0;1.0;0;1;0;0;1;5;4;5;5;5;5;5;5;5;5;5;5;5;5;5;5;4;1;3;120;7000;0;5;4;1;6;6;6;5;5;1;1;3;3;5;5;3;3;3;2;2;3;2;2;3;5;5;3;-5
"1-5-0 (2020-11-16)";"doi.org/10.14281/18241.1";2018;410;"KOR";732;"ROK";410071177;20180113;201712;201801;10.49;11.09;20;1;410030;410006;8;5;2;1;1177;2390;"ko";2;1;1.0;0.8032128514056225;41453.815261044176;1;2;2;3;3;3;1;2;1;1;2;1;1;2;2;2;2;1;2;1;2;1;2;2;2;2;2;3;2;3;2;2;2;1;3;3;3;3;3;2;3;3;3;2;2;2;2;2;2;2;5;5;5;4;4;4;4;4;3;2;1;1;1;3;2;2;2;3;3;3;3;2;3;3;3;3;2;2;3;2;3;3;3;3;3;3;3;3;3;3;3;3;3;5;2;3;1;0;0;0;0;0;0;0;0;0;1;0;0;5;5;5;5;5;2;5;2;2;2;2;2;2;2;5;3;1;1;1;1;1;1;1;1;2;2;4;4;4;4;4;4;4;2;2;2;3;3;2;2;4;4;4;1;1;1;1;2;1;2;2;1;5;5;5;5;5;5;5;2;2;2;2;4;4;7;8;3;1;2;5;5;3;3;3;3;1;1;2;3;4;1;5;1;3;1;2;3;1;4;2;2;3;3;2;5;1;5;5;5;5;5;1;3;3;3;3;3;3;3;3;3;3;3;3;1;1;410002;410002;410002;2;3;3;3;3;3;3;2;3;3;2;3;2;2;3;3;5;4;5;5;5;5;5;5;5;5;5;5;5;2;2;1;1;1;1;1;1;1942;75;6;3;1;1;1;410;410;410;1;2;1;2390;1;3;2;1;1;1;1;1;1;1;4;5;-3;-5;6;-3;1;2;3;3;1;0;100000020;410004;2;2;0;0.7058333333333333;0.6366666666666667;0.25569444444444445;0.26222222222222225;0.5;0.33;0.33;0.3866666666666667;0.66;1.0;1.0;0.8866666666666667;1.0;1.0;1.0;1.0;0.66;0.33;0.66;0.5499999999999999;0.0;0.0;1.0;0.3333333333333333;0.25;0.33;0.66;0.41333333333333333;0.0;0.1111111111111111;0.2222222222222222;0.1111111111111111;0.33;0.0;0.165;0.165;1.0;1.0;1.0;1.0;1.0;1.0;1.0;1.0;1.0;1.0;1.0;1.0;0;0;1;1;0;5;5;5;5;5;5;5;5;5;5;5;5;5;5;5;6;-3;-3;3;80;25000;0;5;3;1;5;5;5;4;4;1;1;7;5;8;5;7;7;5;2;1;3;2;2;3;8;5;7;4
"1-5-0 (2020-11-16)";"doi.org/10.14281/18241.1";2018;410;"KOR";732;"ROK";410071178;20180113;201712;201801;10.59;11.19;20;1;410030;410006;8;5;2;1;1178;2390;"ko";3;1;1.0;0.8032128514056225;41453.815261044176;1;1;2;3;3;3;1;1;1;2;2;1;1;2;2;2;2;1;2;1;2;1;2;1;2;2;2;3;3;2;3;3;2;1;3;3;2;1;3;4;3;3;2;3;2;2;2;2;2;2;5;5;5;4;4;4;4;4;3;2;1;1;1;3;2;2;2;2;3;3;3;2;3;3;3;3;2;2;3;3;3;3;3;3;3;3;3;3;3;3;3;3;3;4;2;3;2;0;0;0;0;0;0;0;0;0;1;0;0;5;5;5;5;5;2;5;2;3;2;2;2;2;2;5;3;1;1;1;1;1;1;1;1;2;2;4;3;4;4;4;4;4;2;2;2;3;3;2;2;4;4;4;1;1;1;1;2;1;3;1;2;5;5;5;5;5;5;5;2;2;2;2;4;4;7;8;3;2;2;5;5;5;5;5;5;5;5;5;2;3;1;5;1;1;1;1;1;1;4;2;2;2;3;2;5;1;5;5;5;5;5;1;3;3;3;3;3;3;3;3;3;3;3;3;1;1;410002;410002;410002;2;3;2;3;2;2;3;3;2;3;2;2;2;2;2;3;5;5;6;5;5;6;6;6;6;6;6;6;6;2;2;1;1;1;1;1;2;1942;75;6;3;1;1;1;410;410;410;1;2;1;2390;1;2;3;2;2;1;1;1;1;1;5;4;-3;-5;3;-3;2;1;3;4;2;0;100000020;410004;1;1;1;0.6783333333333333;0.6366666666666667;0.35333333333333333;0.37333333333333335;0.5;0.33;0.33;0.3866666666666667;0.66;1.0;1.0;0.8866666666666667;1.0;1.0;1.0;1.0;0.33;0.33;0.66;0.44;1.0;0.0;1.0;0.6666666666666666;0.25;0.66;0.33;0.4133333333333334;0.4444444444444444;0.4444444444444444;0.1111111111111111;0.3333333333333333;0.0;0.0;0.0;0.0;1.0;1.0;1.0;1.0;1.0;1.0;1.0;1.0;1.0;1.0;1.0;1.0;0;0;0;0;1;5;5;5;5;5;5;6;5;5;5;5;5;4;5;5;4;-3;-3;3;120;20000;0;5;5;1;6;5;5;4;5;1;1;5;5;5;5;5;5;5;3;1;2;2;2;2;5;5;5;4
"1-5-0 (2020-11-16)";"doi.org/10.14281/18241.1";2018;410;"KOR";732;"ROK";410071179;20180114;201712;201801;14.36;15.01;25;1;410044;410012;6;3;4;1;1179;2390;"ko";2;1;1.0;0.8032128514056225;41453.815261044176;1;2;2;3;3;3;1;1;2;1;2;1;2;1;2;2;2;1;2;1;2;1;2;1;2;2;2;3;2;3;2;2;2;1;2;1;3;3;5;2;2;2;2;3;2;2;2;1;2;2;8;7;6;4;4;4;4;4;1;2;1;2;2;3;3;3;2;2;2;2;3;2;2;2;2;3;2;2;2;3;3;3;3;3;3;3;3;3;3;3;3;3;3;5;3;1;2;0;1;0;0;0;0;0;0;0;1;0;0;6;6;4;4;5;1;3;2;2;2;2;2;2;4;7;3;2;1;2;1;2;1;1;2;1;2;3;3;3;3;3;3;3;1;2;2;2;2;2;2;2;2;2;1;2;1;1;3;1;2;1;2;8;7;7;7;3;7;3;1;1;1;1;3;3;7;7;3;2;1;8;2;2;2;2;2;1;6;5;6;5;1;5;5;3;2;1;5;1;5;3;3;3;3;2;4;1;3;2;5;2;5;1;2;2;2;2;1;2;2;2;2;2;2;2;1;1;410008;410008;410008;2;3;1;3;3;2;2;3;3;3;1;4;2;4;2;4;5;7;1;10;7;1;9;7;1;10;10;8;8;2;2;2;3;2;3;3;1;1961;56;5;3;1;1;1;410;410;410;1;2;1;2390;1;2;5;3;3;2;2;1;3;2;1;1;9;9;9;2;1;2;3;3;1;0;100000020;410004;3;2;2;0.6091666666666666;0.5533333333333333;0.4570833333333333;0.3733333333333333;0.0;0.33;0.33;0.22;0.66;1.0;1.0;0.8866666666666667;1.0;1.0;1.0;1.0;0.33;0.33;0.33;0.33;1.0;0.0;1.0;0.6666666666666666;0.25;0.33;0.66;0.41333333333333333;0.0;0.4444444444444444;0.5555555555555556;0.3333333333333333;0.33;0.5;0.41500000000000004;0.41500000000000004;1.0;1.0;1.0;1.0;1.0;1.0;1.0;1.0;1.0;1.0;1.0;1.0;1;0;1;0;1;7;6;6;6;5;5;5;5;5;5;6;7;6;7;7;6;1;2;3;200;15000;2000;7;3;1;7;7;9;9;6;1;1;2;1;1;1;2;2;1;2;3;1;3;1;3;2;1;5;4
"1-5-0 (2020-11-16)";"doi.org/10.14281/18241.1";2018;410;"KOR";732;"ROK";410071180;20180114;201712;201801;15.03;15.38;35;1;410044;410012;6;3;4;1;1180;2390;"ko";2;1;1.0;0.8032128514056225;41453.815261044176;1;2;3;3;3;3;2;1;2;1;2;1;1;1;2;2;2;1;2;1;2;1;2;1;2;2;2;2;2;3;2;3;2;1;2;1;3;3;5;2;2;2;2;2;2;3;2;1;2;2;8;8;6;4;4;4;3;4;1;1;1;2;2;3;2;3;2;2;2;2;3;2;2;3;3;3;2;2;2;2;2;3;3;3;3;3;3;3;3;3;3;3;3;5;3;1;2;0;0;0;0;0;0;0;0;0;1;0;0;7;6;6;4;5;2;4;2;2;2;2;2;2;4;8;3;2;1;2;1;2;1;1;2;1;2;3;3;3;4;4;3;3;1;2;2;1;1;2;2;1;1;1;1;1;1;1;2;1;2;1;2;8;8;7;5;4;7;5;1;1;1;1;4;3;6;7;3;2;1;8;2;2;2;2;2;1;6;6;6;6;1;4;5;3;2;2;5;2;3;3;3;3;3;2;5;1;2;5;5;4;5;1;2;2;2;2;1;3;2;2;2;2;2;2;2;2;410008;410008;410008;2;3;1;3;3;2;2;4;2;1;1;4;2;4;1;4;7;7;1;9;7;1;8;7;1;10;9;8;8;2;2;2;3;3;3;3;2;1960;57;5;3;1;1;1;410;410;410;1;2;1;2390;1;1;3;2;5;3;3;2;3;2;5;1;-3;9;9;-3;2;2;3;5;2;0;100000020;410004;2;2;2;0.5952777777777778;0.5255555555555557;0.4038425925925926;0.3918518518518519;0.0;0.33;0.33;0.22;0.66;1.0;0.8333333333333334;0.8311111111111112;1.0;1.0;1.0;1.0;0.33;0.33;0.33;0.33;1.0;0.0;1.0;0.6666666666666666;0.25;0.33;0.66;0.41333333333333333;0.0;0.5555555555555556;0.5555555555555556;0.3703703703703704;0.33;0.0;0.165;0.165;1.0;1.0;1.0;1.0;1.0;1.0;1.0;1.0;1.0;1.0;1.0;1.0;0;0;1;0;1;8;7;6;7;6;6;6;5;7;8;9;8;7;7;7;7;-3;-3;3;250;25000;2500;-3;5;1;-3;-3;-3;8;5;1;1;2;1;1;1;2;1;1;2;3;1;3;2;3;2;1;2;4
"1-5-0 (2020-11-16)";"doi.org/10.14281/18241.1";2018;410;"KOR";732;"ROK";410071181;20180114;201712;201801;15.55;16.16;21;1;410044;410012;7;4;3;1;1181;2390;"ko";3;1;1.0;0.8032128514056225;41453.815261044176;2;2;2;2;2;1;1;1;2;2;1;1;2;2;1;2;2;1;2;1;2;1;2;2;2;2;3;2;3;3;3;3;3;3;4;2;3;3;3;3;3;3;3;3;2;3;3;3;1;1;10;10;10;4;4;4;4;4;1;2;1;2;2;4;4;4;1;3;2;2;2;2;2;2;2;3;2;2;2;2;2;2;2;2;2;2;2;2;2;2;2;2;2;10;2;3;2;2;0;0;0;0;0;0;0;0;0;0;0;2;4;2;3;7;2;8;3;3;3;3;3;3;4;8;4;2;2;2;2;2;2;2;2;3;3;4;4;4;4;4;4;4;2;2;2;3;3;2;2;2;2;2;2;1;1;3;1;4;1;2;1;8;7;8;8;4;9;10;1;1;1;1;1;3;1;1;1;1;1;3;2;2;2;2;2;2;2;2;2;2;2;2;2;2;2;2;2;2;2;1;4;4;2;1;5;1;5;1;2;1;1;1;1;1;1;2;1;2;1;1;1;1;1;2;1;1;-2;-2;-2;2;3;3;3;3;3;3;3;2;3;2;1;1;4;1;2;5;6;6;7;6;3;7;7;3;7;8;8;8;2;2;1;1;1;2;2;2;1980;37;3;2;1;1;1;410;410;410;1;1;1;2390;6;0;6;3;-3;-3;3;2;3;2;1;-3;1;-3;3;2;1;2;3;4;2;7;70000000;410004;3;2;0;0.5258333333333334;0.3316666666666667;0.6369444444444445;0.3588888888888889;1.0;0.33;0.66;0.6633333333333334;0.0;0.0;0.0;0.0;1.0;1.0;1.0;1.0;0.66;0.33;0.33;0.44;1.0;1.0;1.0;1.0;0.5;0.66;0.66;0.6066666666666668;0.1111111111111111;0.1111111111111111;0.1111111111111111;0.1111111111111111;0.66;1.0;0.8300000000000001;0.8300000000000001;1.0;1.0;1.0;1.0;1.0;1.0;1.0;1.0;1.0;1.0;1.0;1.0;1;1;0;1;0;10;4;4;4;4;4;4;4;4;4;4;10;4;4;10;7;1;2;3;200;3000;0;10;3;3;10;10;10;10;10;1;5;2;3;7;1;1;1;3;2;6;4;1;1;1;7;1;3;-3
"1-5-0 (2020-11-16)";"doi.org/10.14281/18241.1";2018;410;"KOR";732;"ROK";410071182;20180114;201712;201801;15.57;16.52;55;1;410044;410012;6;3;4;1;1182;2390;"ko";3;1;1.0;0.8032128514056225;41453.815261044176;1;2;2;3;2;3;1;1;2;1;1;1;2;2;2;2;2;1;2;1;2;1;2;1;2;1;2;3;3;3;3;3;4;2;2;1;4;2;5;2;3;2;2;3;2;3;2;1;2;2;6;7;6;4;4;4;3;4;3;2;1;2;2;2;2;3;2;2;2;2;2;2;2;2;2;3;2;2;2;2;2;3;3;3;3;3;3;3;3;3;3;3;3;5;3;1;2;0;1;0;0;0;0;0;0;0;1;0;0;6;5;5;4;4;2;4;2;2;2;2;2;2;4;8;2;1;1;2;1;2;2;2;2;2;2;4;3;3;3;3;2;3;1;2;2;1;1;2;2;1;1;1;1;1;1;1;2;1;2;1;2;8;8;7;4;7;7;5;1;1;1;1;3;3;6;8;3;2;2;6;1;1;1;1;1;1;5;5;6;6;1;4;5;3;2;2;4;1;4;3;3;3;4;3;5;1;2;1;5;1;3;1;2;2;2;2;2;3;3;3;2;2;3;3;1;1;410008;410008;410008;2;3;1;3;3;2;3;4;1;1;1;4;2;4;2;4;5;8;1;10;8;2;8;6;1;9;9;8;7;2;2;2;2;2;3;3;2;1989;28;2;1;1;1;1;410;410;410;1;2;2;2390;6;0;6;3;-3;-3;3;2;3;2;1;-3;3;-3;9;2;2;2;3;4;2;0;100000020;410004;2;2;1;0.34527777777777785;0.5255555555555557;0.5470833333333334;0.5116666666666667;0.0;0.33;0.33;0.22;0.66;1.0;0.8333333333333334;0.8311111111111112;0.0;0.0;0.0;0.0;0.33;0.33;0.33;0.33;1.0;1.0;1.0;1.0;0.75;0.66;0.66;0.6900000000000001;0.0;0.4444444444444444;0.5555555555555556;0.3333333333333333;0.33;0.0;0.165;0.165;1.0;1.0;1.0;1.0;1.0;1.0;1.0;1.0;1.0;1.0;1.0;1.0;0;0;1;0;1;7;7;6;7;7;6;6;6;6;7;7;7;6;7;7;6;1;4;3;250;24800;2100;7;4;1;7;7;6;9;4;1;1;3;1;2;1;2;2;1;2;3;1;3;1;3;5;1;5;-3
"1-5-0 (2020-11-16)";"doi.org/10.14281/18241.1";2018;410;"KOR";732;"ROK";410071183;20180114;201712;201801;16.31;16.5;20;1;410042;410008;6;3;4;1;1183;2390;"ko";3;1;1.0;0.8032128514056225;41453.815261044176;1;2;2;1;2;2;1;1;1;1;2;2;2;1;2;2;2;1;2;1;2;1;2;1;2;2;2;3;3;3;3;2;3;3;3;3;4;2;3;2;1;3;2;3;2;3;1;3;2;2;10;10;8;4;4;4;4;4;1;1;1;2;2;2;2;2;2;2;2;2;2;2;2;2;3;3;2;2;2;2;2;2;2;2;2;2;2;2;2;2;2;2;2;5;3;1;2;1;0;0;0;0;0;0;0;0;0;0;0;8;4;4;1;2;1;6;2;2;2;2;2;2;3;6;4;2;1;1;0;1;1;2;0;2;2;4;4;4;4;4;4;4;1;2;2;4;4;2;2;4;3;3;1;2;1;2;4;4;3;1;2;9;8;8;8;3;8;9;1;1;1;1;2;3;1;1;1;1;2;8;6;3;1;1;1;1;1;1;5;2;1;3;1;1;2;1;1;1;2;1;2;2;2;2;1;1;1;1;1;2;5;2;1;1;1;1;1;1;1;1;1;1;1;1;1;1;-2;-2;-2;2;3;2;2;3;2;2;4;4;2;1;2;2;2;2;4;4;4;6;9;9;1;2;2;3;9;10;8;7;2;1;2;2;2;2;2;1;1974;43;3;2;1;1;1;410;410;410;1;5;1;2390;1;3;6;3;6;3;3;2;6;3;1;1;10;3;1;2;1;1;1;7;2;2;20000000;410004;2;2;2;0.3041666666666667;0.27666666666666667;0.43787037037037035;0.37740740740740747;1.0;0.0;0.33;0.44333333333333336;0.33;0.0;0.0;0.11;1.0;0.0;0.0;0.3333333333333333;0.33;0.33;0.33;0.33;1.0;0.0;1.0;0.6666666666666666;0.5;0.66;0.66;0.6066666666666668;0.0;0.0;0.4444444444444444;0.14814814814814814;0.66;0.0;0.33;0.33;1.0;1.0;1.0;1.0;1.0;1.0;1.0;1.0;1.0;1.0;1.0;1.0;0;1;0;0;1;9;7;7;8;6;6;6;6;7;7;8;9;5;8;7;7;3;4;2;3000;30000;4000;8;6;1;8;8;8;10;8;1;1;3;3;5;5;5;5;5;2;1;2;3;2;2;6;4;3;4
"1-5-0 (2020-11-16)";"doi.org/10.14281/18241.1";2018;410;"KOR";732;"ROK";410071184;20180114;201712;201801;16.41;17.04;23;1;410044;410012;7;4;3;1;1184;2390;"ko";3;1;1.0;0.8032128514056225;41453.815261044176;1;2;2;2;2;2;1;1;1;1;2;1;2;2;2;2;2;1;1;1;1;1;2;2;2;1;3;2;3;3;3;3;2;1;2;1;2;1;4;2;2;2;2;2;2;3;2;3;2;2;4;7;7;4;4;4;4;4;1;1;1;2;2;3;3;3;2;2;2;2;2;2;2;2;2;2;2;2;2;2;2;2;2;2;2;2;2;2;2;2;2;2;2;7;3;1;2;0;0;0;0;0;0;0;0;0;0;0;0;4;7;4;4;7;2;7;3;3;3;3;3;3;3;3;2;2;0;2;2;2;2;2;2;3;4;3;2;3;2;3;3;3;1;1;2;1;1;2;2;1;1;1;1;2;2;1;2;1;3;1;4;7;4;7;4;4;8;4;2;2;2;2;4;4;7;8;3;2;2;8;2;2;2;2;2;2;1;1;5;5;1;5;1;1;1;1;1;1;5;2;3;3;2;1;5;1;1;1;5;1;1;1;1;2;2;2;1;2;2;2;1;2;2;2;1;1;410002;410002;410002;2;3;3;3;3;3;3;3;3;3;1;1;1;4;1;4;3;4;7;8;3;3;8;9;3;9;9;9;7;2;1;2;2;2;2;2;2;1974;43;3;2;1;1;1;410;410;410;1;4;1;2390;1;2;5;3;6;3;2;1;2;1;5;1;-3;4;9;-3;2;2;3;3;1;0;100000020;410004;0;1;1;0.665;0.665;0.34379629629629627;0.3542592592592593;1.0;0.0;0.66;0.5533333333333333;0.33;1.0;1.0;0.7766666666666667;1.0;1.0;1.0;1.0;0.33;0.33;0.33;0.33;1.0;0.0;1.0;0.6666666666666666;0.25;0.66;0.66;0.5233333333333333;0.1111111111111111;0.0;0.4444444444444444;0.1851851851851852;0.0;0.0;0.0;0.0;1.0;1.0;1.0;1.0;1.0;1.0;1.0;1.0;1.0;1.0;1.0;1.0;0;0;0;0;0;8;7;7;7;3;4;4;4;4;4;4;8;4;8;8;7;-3;-3;3;300;25000;10000;-3;3;1;-3;-3;-3;7;7;1;2;1;5;8;1;1;1;5;1;1;2;2;2;2;8;1;1;4
"1-5-0 (2020-11-16)";"doi.org/10.14281/18241.1";2018;410;"KOR";732;"ROK";410071185;20180114;201712;201801;16.55;17.16;21;1;410042;410008;6;3;4;1;1185;2390;"ko";3;1;1.0;0.8032128514056225;41453.815261044176;1;2;2;1;1;1;1;2;1;1;2;1;2;2;2;2;1;1;2;1;2;1;2;1;2;2;1;3;3;3;3;2;3;3;3;3;4;2;3;2;1;3;2;3;2;3;1;3;2;2;10;10;7;4;4;4;4;4;1;1;1;2;2;2;2;2;2;2;2;2;2;2;2;2;2;3;2;2;2;2;2;2;2;2;2;2;2;2;2;2;2;2;2;4;3;1;2;0;0;0;0;0;0;0;0;0;0;0;0;7;7;4;2;3;1;7;2;2;2;2;2;2;3;5;3;2;2;1;1;0;1;0;1;2;2;4;4;4;4;4;4;4;1;2;2;2;2;2;2;2;2;2;1;2;1;3;4;2;3;1;4;9;7;7;7;4;8;9;1;1;1;1;2;3;1;1;1;1;2;8;6;3;1;1;2;1;1;1;5;3;1;3;1;1;2;1;1;1;3;1;2;2;3;3;1;1;3;3;3;3;5;5;1;1;1;1;1;1;1;1;1;1;1;1;1;1;-2;-2;-2;1;4;2;2;2;2;2;4;1;1;1;2;2;2;2;4;5;4;6;9;9;1;2;2;3;9;10;8;7;2;1;2;2;2;2;2;2;1970;47;4;2;1;1;1;410;410;410;1;4;1;2390;1;2;3;2;3;2;1;1;3;2;2;1;5;10;2;2;1;1;3;4;2;1;10100000;410004;2;2;-1;0.3325;0.16666666666666666;0.3962037037037037;0.37740740740740747;1.0;0.0;0.0;0.3333333333333333;0.0;0.0;0.0;0.0;1.0;0.0;1.0;0.6666666666666666;0.33;0.33;0.33;0.33;0.0;0.0;0.0;0.0;0.5;0.66;0.66;0.6066666666666668;0.0;0.0;0.4444444444444444;0.14814814814814814;0.66;1.0;0.8300000000000001;0.8300000000000001;1.0;1.0;1.0;1.0;1.0;1.0;1.0;1.0;1.0;1.0;1.0;1.0;1;1;0;0;0;8;7;7;8;7;6;6;7;7;7;7;8;5;8;7;7;2;4;3;400;7000;0;8;6;1;8;8;7;10;6;1;1;3;3;5;5;5;5;5;2;2;2;3;2;2;6;4;3;4
"1-5-0 (2020-11-16)";"doi.org/10.14281/18241.1";2018;410;"KOR";732;"ROK";410071186;20180114;201712;201801;17.0;17.47;47;1;410044;410012;6;3;4;1;1186;2390;"ko";2;1;1.0;0.8032128514056225;41453.815261044176;1;2;2;3;2;3;1;1;2;1;2;1;2;1;2;2;2;1;2;1;1;1;2;1;2;2;2;3;3;3;3;3;3;3;2;1;4;2;5;2;2;2;2;3;2;3;2;1;2;2;8;7;7;4;4;4;4;4;3;1;1;2;2;3;2;3;2;2;2;2;3;2;2;3;3;3;2;2;2;3;3;3;3;3;3;3;3;3;3;3;3;3;3;4;3;1;2;1;0;0;0;0;0;0;0;0;1;0;0;6;5;5;4;3;2;3;2;2;2;2;2;2;4;8;3;2;1;2;1;2;2;1;2;1;2;4;3;3;3;4;3;3;1;2;2;1;1;2;2;1;1;1;1;1;1;1;2;1;2;1;2;8;8;5;3;4;7;5;2;2;2;2;4;4;7;8;3;1;1;8;1;3;2;1;2;1;6;4;7;6;1;5;5;2;2;2;6;2;5;3;3;3;3;2;5;1;2;1;2;1;2;2;2;2;2;2;1;2;3;2;2;2;3;3;1;1;410008;410008;410008;2;3;1;3;3;2;3;4;2;1;1;4;2;4;1;4;4;7;1;10;7;1;8;6;1;10;9;8;8;2;2;2;2;2;3;3;2;1979;38;3;2;1;1;1;410;410;410;1;5;1;2390;1;3;6;3;6;3;3;2;3;2;1;1;3;3;3;2;2;1;3;6;2;0;100000020;410004;2;2;2;0.5258333333333334;0.5533333333333333;0.4429166666666666;0.4700000000000001;0.0;0.33;0.33;0.22;0.66;1.0;1.0;0.8866666666666667;1.0;0.0;1.0;0.6666666666666666;0.33;0.33;0.33;0.33;1.0;0.0;1.0;0.6666666666666666;0.5;0.66;0.66;0.6066666666666668;0.0;0.3333333333333333;0.6666666666666666;0.3333333333333333;0.33;0.0;0.165;0.165;1.0;1.0;1.0;1.0;1.0;1.0;1.0;1.0;1.0;1.0;1.0;1.0;0;0;1;0;1;7;7;7;7;6;6;6;6;6;6;8;7;6;6;7;6;1;3;3;450;28100;1500;7;6;1;7;7;7;8;6;1;2;4;1;1;1;2;2;1;2;1;1;3;1;3;5;1;4;4
"1-5-0 (2020-11-16)";"doi.org/10.14281/18241.1";2018;410;"KOR";732;"ROK";410071187;20180114;201712;201801;17.17;17.37;20;1;410042;410008;6;3;4;1;1187;2390;"ko";3;1;1.0;0.8032128514056225;41453.815261044176;1;2;2;1;1;2;1;2;2;1;2;1;1;2;1;2;2;1;2;1;2;1;2;1;2;2;2;3;3;3;3;2;3;3;3;3;4;2;3;2;1;3;1;3;2;3;1;3;2;2;10;8;7;4;4;4;4;4;1;1;1;2;2;2;2;2;2;2;2;2;2;2;2;2;2;2;2;2;2;2;2;2;2;2;2;2;2;2;2;2;2;2;2;5;3;1;2;1;0;0;0;0;0;0;0;0;0;0;0;7;5;4;2;3;1;4;2;2;2;2;2;2;3;4;3;2;2;0;0;0;1;1;1;2;2;4;4;4;4;4;4;4;1;2;2;3;3;2;2;3;3;2;1;2;1;2;4;3;4;1;2;9;7;7;8;4;8;9;1;1;1;1;2;3;1;2;2;1;1;8;6;3;1;1;1;1;1;2;5;2;1;3;1;1;2;1;1;1;2;1;2;2;2;2;1;1;2;5;5;5;5;2;1;1;1;1;1;1;1;1;1;1;1;1;1;1;-2;-2;-2;2;4;2;3;2;2;2;4;1;1;1;2;2;2;2;4;6;4;6;9;2;1;2;2;3;9;10;8;7;2;1;2;2;2;2;2;1;1955;62;5;3;1;1;1;410;410;410;1;3;1;2390;1;1;3;2;3;2;3;2;1;1;1;1;5;5;4;2;1;1;3;4;2;1;10100000;410004;2;2;-1;0.3875;0.44333333333333336;0.32254629629629633;0.395925925925926;1.0;0.0;0.33;0.44333333333333336;0.33;1.0;0.0;0.44333333333333336;1.0;0.0;0.0;0.3333333333333333;0.33;0.33;0.33;0.33;0.0;0.0;1.0;0.3333333333333333;0.5;0.66;0.66;0.6066666666666668;0.0;0.1111111111111111;0.4444444444444444;0.1851851851851852;0.33;0.0;0.165;0.165;1.0;1.0;1.0;1.0;1.0;1.0;1.0;1.0;1.0;1.0;1.0;1.0;0;0;1;0;1;8;7;7;8;6;6;6;6;6;6;7;8;5;7;6;7;2;4;3;400;30000;0;8;4;1;8;8;7;10;6;1;1;3;3;5;5;5;5;5;2;1;1;1;1;1;6;3;3;4
"1-5-0 (2020-11-16)";"doi.org/10.14281/18241.1";2018;410;"KOR";732;"ROK";410071188;20180114;201712;201801;17.37;17.59;22;1;410044;410012;7;4;3;1;1188;2390;"ko";3;2;1.0;0.8032128514056225;41453.815261044176;2;2;2;2;2;2;2;1;2;1;1;1;2;1;2;2;2;1;2;1;2;1;2;1;2;1;2;2;2;2;2;2;3;3;3;3;3;3;3;3;3;3;3;3;1;1;1;3;3;1;4;3;4;4;4;4;4;4;3;2;2;3;3;3;3;3;3;3;3;3;3;3;3;3;3;3;3;3;3;3;3;3;3;3;3;3;3;3;3;3;3;3;3;5;3;1;3;0;0;0;0;0;0;0;0;0;0;0;0;5;5;5;5;5;1;4;2;2;2;2;2;2;3;6;3;1;1;1;1;1;1;1;1;2;3;3;3;3;3;3;3;3;2;2;2;2;2;2;2;2;2;2;2;1;2;1;3;1;3;1;2;6;6;4;2;5;7;4;2;2;2;2;3;3;7;8;3;2;1;5;5;5;5;5;5;5;5;5;5;5;5;5;4;3;5;5;3;7;2;2;3;3;3;3;3;3;3;3;3;3;3;3;2;2;2;2;2;2;2;2;2;2;2;2;3;3;-2;-2;-2;2;2;2;2;2;2;2;2;2;2;1;3;3;3;3;3;3;5;5;5;5;5;5;5;5;5;5;5;5;3;3;3;3;3;3;3;1;1993;24;1;1;1;1;1;410;410;410;1;5;2;2390;6;0;4;2;-3;-3;3;2;3;2;7;-3;-3;-3;6;-3;2;1;3;4;2;0;100000020;410004;2;1;2;0.7750000000000001;0.7200000000000001;0.5202777777777778;0.41555555555555557;1.0;0.66;0.33;0.6633333333333334;0.33;1.0;1.0;0.7766666666666667;1.0;1.0;1.0;1.0;0.66;0.66;0.66;0.66;1.0;1.0;1.0;1.0;0.5;0.33;0.33;0.3866666666666667;0.4444444444444444;0.4444444444444444;0.4444444444444444;0.4444444444444444;0.0;0.5;0.25;0.25;1.0;1.0;1.0;1.0;1.0;1.0;1.0;1.0;1.0;1.0;1.0;1.0;1;0;0;0;1;4;4;4;5;5;5;5;5;5;5;5;5;5;1;8;4;-3;-3;2;0;0;0;-3;5;2;-3;-3;-3;4;2;3;5;7;7;9;9;9;9;9;3;7;2;2;2;2;10;5;7;-3
"1-5-0 (2020-11-16)";"doi.org/10.14281/18241.1";2018;410;"KOR";732;"ROK";410071189;20180114;201712;201801;17.38;18.0;22;1;410042;410008;6;3;4;1;1189;2390;"ko";3;1;1.0;0.8032128514056225;41453.815261044176;1;2;2;1;1;2;1;2;2;1;2;1;2;1;1;2;2;1;2;1;2;1;2;1;2;2;2;3;3;3;3;2;3;3;3;3;3;3;3;2;1;3;2;3;2;3;1;3;2;3;10;8;5;4;4;4;4;4;1;1;1;2;2;2;2;2;2;2;2;2;2;2;2;2;2;2;2;2;2;2;2;2;2;2;2;2;2;2;2;2;2;2;2;5;3;2;2;1;0;0;0;0;0;0;0;0;0;0;0;7;4;4;2;4;1;4;2;2;2;2;2;2;3;5;3;2;1;1;1;1;1;1;1;2;2;4;4;4;4;4;4;4;1;2;2;2;2;2;2;2;2;2;1;2;1;2;4;1;4;1;4;9;8;7;6;5;8;9;1;1;1;1;2;3;1;4;2;1;2;7;6;4;1;1;2;1;1;2;5;3;1;3;1;1;2;1;1;1;2;1;2;2;3;3;5;1;5;5;5;5;5;2;1;1;1;2;1;1;1;1;1;1;1;1;2;1;-2;-2;-2;2;3;2;2;3;2;2;4;1;1;1;2;2;4;2;4;4;4;6;9;9;1;1;2;3;9;10;8;7;2;1;2;2;2;2;2;1;1963;54;4;3;1;1;1;410;410;410;1;5;1;2390;1;3;2;1;3;2;2;1;1;1;4;4;-3;-5;6;-3;2;2;3;4;2;1;10100000;410004;1;2;0;0.4708333333333333;0.44333333333333336;0.32254629629629633;0.395925925925926;1.0;0.0;0.33;0.44333333333333336;0.33;1.0;0.0;0.44333333333333336;1.0;0.0;1.0;0.6666666666666666;0.33;0.33;0.33;0.33;0.0;0.0;1.0;0.3333333333333333;0.5;0.66;0.66;0.6066666666666668;0.0;0.1111111111111111;0.4444444444444444;0.1851851851851852;0.33;0.0;0.165;0.165;1.0;1.0;1.0;1.0;1.0;1.0;1.0;1.0;1.0;1.0;1.0;1.0;0;0;1;0;0;8;7;7;8;6;6;5;5;5;5;7;8;5;6;6;8;-3;-3;3;150;5000;0;-3;3;1;-3;-3;-3;10;5;1;1;3;3;5;4;4;4;4;2;1;1;1;1;1;5;4;3;4
"1-5-0 (2020-11-16)";"doi.org/10.14281/18241.1";2018;410;"KOR";732;"ROK";410071190;20180114;201712;201801;17.5;20.42;172;1;410044;410012;6;3;4;1;1190;2390;"ko";2;1;1.0;0.8032128514056225;41453.815261044176;1;2;3;3;4;3;1;1;1;1;2;2;2;1;2;2;2;1;2;1;1;1;2;1;2;2;2;2;2;2;2;2;2;1;2;1;2;1;5;2;2;2;2;2;2;2;2;1;2;2;8;8;6;4;4;4;3;4;1;1;2;2;2;2;2;2;2;1;2;2;2;3;2;2;2;3;2;2;2;3;3;2;3;2;3;3;3;3;3;3;3;3;3;3;3;1;2;0;0;0;0;0;0;0;0;0;1;0;0;7;7;4;4;3;2;4;2;2;2;2;2;2;4;5;2;0;0;2;2;2;2;2;2;1;2;4;4;4;3;4;4;4;1;2;2;2;2;2;2;1;1;1;1;2;1;1;2;1;3;1;2;8;8;5;3;4;8;7;1;1;1;1;3;3;7;8;3;1;1;7;1;2;2;1;2;2;6;2;7;3;2;2;5;5;3;1;1;2;7;2;3;3;2;2;1;1;1;5;5;5;5;5;1;3;3;3;1;2;2;2;3;3;3;3;1;1;410008;410008;410008;2;3;1;3;2;2;3;4;4;1;1;4;2;4;2;4;7;7;1;10;7;1;9;7;1;5;9;6;8;2;3;2;2;2;3;3;1;1946;71;6;3;1;1;1;410;410;410;1;2;1;2390;1;4;2;1;1;1;0;1;0;1;4;4;-3;-5;9;-3;2;2;3;3;1;7;70000000;410004;1;1;2;0.5533333333333333;0.6083333333333334;0.3165740740740741;0.29981481481481487;0.0;0.66;0.33;0.33;0.66;1.0;1.0;0.8866666666666667;1.0;0.0;1.0;0.6666666666666666;0.0;0.66;0.33;0.33;1.0;0.0;1.0;0.6666666666666666;0.25;0.33;0.33;0.3033333333333334;0.1111111111111111;0.1111111111111111;0.6666666666666666;0.2962962962962963;0.0;0.0;0.0;0.0;1.0;1.0;1.0;1.0;1.0;1.0;1.0;1.0;1.0;1.0;1.0;1.0;0;0;0;0;1;7;8;8;8;8;5;6;7;7;7;7;7;7;8;8;4;-3;-3;3;150;25200;500;-3;5;1;-3;-3;-3;8;7;1;1;2;1;5;1;5;2;1;3;3;1;3;1;3;5;1;5;4
"1-5-0 (2020-11-16)";"doi.org/10.14281/18241.1";2018;410;"KOR";732;"ROK";410071191;20180114;201712;201801;18.09;18.29;20;1;410042;410008;6;3;4;1;1191;2390;"ko";3;1;1.0;0.8032128514056225;41453.815261044176;1;1;2;1;1;1;1;2;2;1;2;1;2;2;1;1;2;1;2;1;2;1;2;1;2;2;2;3;3;3;3;2;3;3;3;3;3;3;3;2;1;3;2;3;2;3;1;3;2;3;10;9;6;4;4;4;4;4;1;1;1;2;2;2;2;2;2;2;2;2;2;2;2;2;2;2;2;2;2;2;2;2;2;2;2;2;2;2;2;2;2;2;2;6;3;1;2;1;0;0;0;0;0;0;0;0;0;0;0;7;4;4;2;4;1;4;2;2;2;2;2;2;3;5;3;2;1;1;1;1;1;1;1;2;2;4;4;4;4;4;4;4;1;2;2;2;3;2;2;2;2;2;1;2;1;3;4;3;4;2;4;9;7;7;7;5;8;9;1;1;1;1;2;3;1;1;1;1;1;7;6;3;1;1;2;1;1;2;5;3;1;3;1;1;2;1;1;1;3;1;2;2;3;3;5;1;5;5;5;5;5;2;1;1;1;1;1;1;1;1;1;1;1;1;1;1;-2;-2;-2;2;3;2;2;2;2;2;4;1;1;1;2;2;2;2;4;5;4;6;9;9;1;2;2;3;9;10;8;7;2;1;2;2;2;2;2;2;1957;60;5;3;1;1;1;410;410;410;1;5;1;2390;1;3;3;2;3;2;3;2;1;1;5;4;-3;-5;10;-3;1;1;3;4;2;1;10100000;410004;3;2;-1;0.36;0.22166666666666668;0.44754629629629633;0.395925925925926;1.0;0.0;0.33;0.44333333333333336;0.0;0.0;0.0;0.0;1.0;0.0;1.0;0.6666666666666666;0.33;0.33;0.33;0.33;0.0;0.0;1.0;0.3333333333333333;0.5;0.66;0.66;0.6066666666666668;0.0;0.1111111111111111;0.4444444444444444;0.1851851851851852;0.33;1.0;0.665;0.665;1.0;1.0;1.0;1.0;1.0;1.0;1.0;1.0;1.0;1.0;1.0;1.0;1;0;1;1;0;8;7;7;8;7;6;6;7;7;7;7;8;5;7;6;8;-3;-3;3;150;6000;0;7;3;1;8;8;7;10;5;1;2;4;4;5;4;4;4;4;2;7;1;1;1;1;5;4;4;4
"1-5-0 (2020-11-16)";"doi.org/10.14281/18241.1";2018;410;"KOR";732;"ROK";410071192;20180114;201712;201801;18.22;18.42;20;1;410044;410012;7;4;3;1;1192;2390;"ko";2;2;1.0;0.8032128514056225;41453.815261044176;2;2;2;3;2;3;2;2;1;1;2;2;1;2;2;1;1;1;2;2;1;1;2;1;1;2;2;2;2;2;2;2;2;1;2;1;2;1;2;2;2;2;2;2;3;2;2;2;2;1;4;5;5;4;4;4;4;4;3;2;1;3;3;3;3;3;2;2;2;2;2;2;2;2;2;2;2;2;2;2;2;2;2;2;2;2;2;2;2;2;2;2;2;5;2;2;2;0;0;0;0;0;0;0;0;0;0;0;0;5;5;5;5;5;2;5;2;2;2;2;2;2;3;5;3;1;1;1;1;1;1;1;1;3;3;3;3;3;3;3;3;3;2;2;2;2;2;2;2;2;2;2;1;1;1;1;3;1;3;1;3;6;6;4;4;5;6;4;2;2;2;2;3;3;7;7;3;2;2;5;5;5;5;5;5;5;5;5;5;5;5;5;5;3;2;2;5;2;8;1;4;4;4;3;3;3;3;3;3;3;3;3;2;2;2;2;2;2;2;2;2;2;2;2;3;3;-2;-2;-2;2;2;2;2;2;2;2;2;2;2;2;3;3;3;3;3;5;5;5;5;5;5;5;5;5;5;5;5;5;2;2;2;2;2;2;2;1;1994;23;1;1;1;1;1;410;410;410;1;2;1;2390;6;0;3;2;-3;-3;-2;-2;2;1;7;-3;-3;-3;3;-3;2;2;5;3;1;0;100000020;410004;2;1;-1;0.6508333333333334;0.6366666666666667;0.24944444444444447;0.37388888888888894;0.5;0.33;0.33;0.3866666666666667;0.66;1.0;1.0;0.8866666666666667;1.0;1.0;1.0;1.0;0.33;0.33;0.33;0.33;0.0;0.0;0.0;0.0;0.25;0.33;0.33;0.3033333333333334;0.4444444444444444;0.4444444444444444;0.4444444444444444;0.4444444444444444;0.0;0.5;0.25;0.25;1.0;1.0;1.0;1.0;1.0;1.0;1.0;1.0;1.0;1.0;1.0;1.0;1;0;0;0;1;5;6;6;6;5;5;5;5;5;2;5;6;5;5;5;5;-3;-3;3;250;8000;4000;-3;3;3;-3;-3;-3;6;2;2;4;5;5;6;6;6;6;6;2;1;2;2;2;2;10;5;5;-3
"1-5-0 (2020-11-16)";"doi.org/10.14281/18241.1";2018;410;"KOR";732;"ROK";410071193;20180114;201712;201801;18.39;19.0;21;1;410042;410008;6;3;4;1;1193;2390;"ko";3;1;1.0;0.8032128514056225;41453.815261044176;1;1;1;1;1;1;1;2;2;1;2;1;1;2;2;1;2;1;2;1;2;1;2;1;2;2;2;3;3;3;3;2;3;3;3;3;3;3;3;2;1;3;2;3;2;3;1;3;2;2;10;9;8;4;4;4;4;4;1;1;1;2;2;2;2;2;2;2;2;2;2;2;2;2;2;2;2;2;2;2;2;2;2;2;2;2;2;2;2;2;2;2;2;6;3;1;2;1;0;0;0;0;0;0;0;0;0;0;0;7;4;4;2;3;1;4;2;2;2;2;2;2;3;6;3;2;1;1;1;1;1;1;1;2;2;4;4;4;4;4;4;4;1;2;2;4;4;2;2;2;2;2;1;2;1;3;4;2;4;1;4;9;7;7;6;5;8;9;1;1;1;1;2;3;1;1;1;1;2;8;6;2;1;1;2;1;1;1;5;2;1;3;1;1;2;1;1;1;3;1;2;2;3;3;4;1;3;3;5;5;5;3;1;1;1;1;2;2;2;2;2;2;2;3;1;1;-2;-2;-2;1;3;2;2;2;2;2;4;1;1;1;2;2;2;2;4;5;4;6;9;9;1;2;2;3;9;10;8;7;2;1;2;2;2;2;2;2;1956;61;5;3;1;1;1;410;410;410;1;4;1;2390;1;2;3;2;3;2;1;1;0;1;5;4;-3;-5;10;-3;2;1;3;4;2;1;10100000;410004;3;3;0;0.36;0.22166666666666668;0.5220370370370371;0.37740740740740747;1.0;0.0;0.33;0.44333333333333336;0.0;0.0;0.0;0.0;1.0;0.0;1.0;0.6666666666666666;0.33;0.33;0.33;0.33;0.0;0.0;1.0;0.3333333333333333;0.5;0.66;0.66;0.6066666666666668;0.0;0.0;0.4444444444444444;0.14814814814814814;1.0;1.0;1.0;1.0;1.0;1.0;1.0;1.0;1.0;1.0;1.0;1.0;1.0;1.0;1.0;1.0;1;1;1;0;0;8;7;7;8;7;6;6;6;7;7;7;8;5;7;6;8;-3;-3;2;500;30000;0;-3;4;1;-3;-3;-3;10;8;1;1;3;3;5;5;3;3;3;2;2;2;3;2;2;5;4;3;4
"1-5-0 (2020-11-16)";"doi.org/10.14281/18241.1";2018;410;"KOR";732;"ROK";410071194;20180114;201712;201801;19.05;19.25;20;1;410042;410008;6;3;4;1;1194;2390;"ko";3;1;1.0;0.8032128514056225;41453.815261044176;1;1;1;1;1;1;1;2;1;1;2;2;2;1;1;2;2;1;2;1;1;2;2;2;1;1;2;3;3;3;3;2;3;3;4;2;4;2;4;2;1;3;2;3;2;3;1;3;2;2;10;10;8;4;4;4;4;4;1;1;1;2;2;2;2;2;2;2;2;2;2;2;2;2;3;3;2;2;2;3;2;2;2;2;2;2;2;2;2;2;2;2;2;4;3;1;2;0;0;0;0;0;0;0;0;0;0;0;0;8;6;4;2;2;1;7;2;2;2;2;2;2;4;6;3;1;1;1;1;1;1;0;1;2;2;4;4;4;4;4;4;4;1;2;2;4;4;2;2;2;2;2;1;2;1;2;4;4;3;1;2;9;8;7;7;5;5;7;1;1;1;1;2;3;1;1;1;1;2;8;6;2;1;1;1;1;1;1;5;2;1;3;1;1;2;1;1;1;2;1;2;2;3;3;4;1;3;3;5;5;5;3;2;3;2;3;1;1;1;1;1;3;2;3;1;1;-2;-2;-2;1;3;2;2;2;2;2;4;1;1;1;2;2;2;2;4;5;4;6;9;9;1;2;2;3;9;10;8;7;2;1;2;1;1;1;1;2;1953;64;5;3;1;1;1;410;410;410;1;4;1;2390;1;2;3;2;3;2;3;2;1;1;1;1;5;5;9;2;1;1;2;4;2;1;10100000;410004;2;2;0;0.27666666666666667;0.22166666666666668;0.35453703703703704;0.37740740740740747;1.0;0.0;0.33;0.44333333333333336;0.0;0.0;0.0;0.0;1.0;0.0;0.0;0.3333333333333333;0.33;0.33;0.33;0.33;0.0;0.0;1.0;0.3333333333333333;0.5;0.66;0.66;0.6066666666666668;0.0;0.0;0.4444444444444444;0.14814814814814814;0.66;0.0;0.33;0.33;1.0;1.0;1.0;1.0;1.0;1.0;1.0;1.0;1.0;1.0;1.0;1.0;0;1;0;0;1;8;7;7;8;7;6;7;7;7;7;7;8;5;7;7;8;1;4;3;800;80000;0;8;4;1;8;8;8;10;8;1;1;3;3;4;4;4;4;4;2;4;2;3;2;2;3;3;3;4
"1-5-0 (2020-11-16)";"doi.org/10.14281/18241.1";2018;410;"KOR";732;"ROK";410071195;20180114;201712;201801;19.35;19.55;20;1;410044;410010;7;4;3;1;1195;2390;"ko";2;1;1.0;0.8032128514056225;41453.815261044176;1;1;1;3;2;3;1;2;1;1;1;2;2;1;2;2;2;1;2;1;2;1;2;1;2;2;2;3;3;4;3;2;4;2;3;3;2;1;3;3;3;2;4;3;2;1;1;2;2;2;7;8;7;4;4;4;4;4;3;1;1;1;2;3;4;4;3;2;3;3;3;4;3;3;3;3;3;2;3;2;4;4;3;3;3;3;3;3;2;2;3;2;2;7;1;3;2;0;2;2;1;0;0;0;0;0;0;0;0;8;6;3;5;5;2;8;4;4;3;3;3;2;2;6;3;2;2;1;1;1;1;2;1;3;3;4;4;4;4;4;4;4;1;1;2;2;2;2;2;1;2;2;1;2;1;1;2;1;2;1;3;8;5;7;7;4;6;8;2;2;2;2;3;3;6;7;3;1;1;4;2;1;1;2;1;1;2;3;6;5;3;5;1;1;1;1;5;4;4;3;4;4;3;2;2;1;2;1;3;1;2;1;3;3;3;3;3;3;3;3;3;3;3;3;1;1;8;8;8;3;4;3;3;2;3;2;2;2;2;2;2;1;2;2;2;6;5;6;8;8;4;7;7;4;7;7;6;7;2;2;1;1;2;3;3;1;1963;54;4;3;1;1;1;410;410;410;1;4;1;2390;1;2;6;3;6;3;1;1;1;1;1;5;3;-5;5;2;1;2;3;7;2;0;100000020;410004;2;2;1;0.5536111111111112;0.608888888888889;0.4735648148148148;0.5312962962962963;0.5;0.33;0.33;0.3866666666666667;0.66;1.0;0.8333333333333334;0.8311111111111112;0.0;1.0;0.0;0.3333333333333333;0.33;1.0;0.66;0.6633333333333334;0.0;1.0;1.0;0.6666666666666666;0.75;0.66;1.0;0.8033333333333333;0.0;0.2222222222222222;0.5555555555555556;0.25925925925925924;0.33;0.0;0.165;0.165;1.0;1.0;1.0;1.0;1.0;1.0;1.0;1.0;1.0;1.0;1.0;1.0;0;0;1;0;1;8;8;7;7;7;6;7;7;7;8;7;8;7;8;7;8;1;5;3;400;26500;0;8;5;1;9;7;8;7;8;1;1;4;3;4;6;5;3;3;2;7;2;3;2;2;5;3;5;4
"1-5-0 (2020-11-16)";"doi.org/10.14281/18241.1";2018;410;"KOR";732;"ROK";410071196;20180114;201712;201801;20.06;20.27;22;1;410044;410012;7;4;3;1;1196;2390;"ko";3;1;1.0;0.8032128514056225;41453.815261044176;1;3;3;3;3;2;2;2;2;1;1;1;1;2;1;2;2;1;2;1;1;1;1;1;2;2;3;3;3;3;3;3;4;2;3;3;4;2;5;4;4;2;3;3;3;3;1;3;2;2;4;6;5;4;4;4;4;4;1;2;2;2;2;3;3;3;2;2;2;2;2;3;2;2;2;2;3;3;2;3;2;2;2;2;2;2;2;2;3;2;2;2;2;5;3;1;2;1;0;0;0;0;0;0;0;0;0;0;0;5;4;4;4;6;1;6;2;2;2;2;2;3;3;6;2;2;2;2;2;2;2;2;2;3;4;2;2;2;2;3;2;2;1;1;2;2;2;2;2;1;1;1;2;1;2;1;2;1;2;1;2;6;7;5;5;4;6;7;1;1;1;1;4;4;2;3;1;1;1;6;5;4;2;4;4;5;5;6;10;5;5;1;1;3;3;3;4;3;7;1;4;4;3;2;5;2;3;2;5;2;5;3;2;2;2;2;2;2;2;2;2;2;2;2;2;2;-2;-2;-2;2;2;2;3;2;2;2;2;2;2;2;1;2;3;2;3;5;6;4;7;6;4;7;7;4;6;6;6;6;3;2;2;2;2;3;3;2;1969;48;4;2;1;1;1;410;410;410;1;3;1;2390;1;1;6;3;5;3;2;1;2;1;1;1;6;4;9;3;2;3;3;2;1;7;70000000;410004;2;2;-1;0.5672222222222223;0.4144444444444445;0.5470833333333334;0.6783333333333333;1.0;0.33;0.66;0.6633333333333334;0.33;0.0;0.16666666666666666;0.16555555555555557;1.0;1.0;1.0;1.0;0.33;0.66;0.33;0.44;0.0;1.0;1.0;0.6666666666666666;0.75;0.66;0.66;0.6900000000000001;0.4444444444444444;0.5555555555555556;1.0;0.6666666666666666;0.33;0.0;0.165;0.165;1.0;1.0;1.0;1.0;1.0;1.0;1.0;1.0;1.0;1.0;1.0;1.0;0;0;1;0;1;7;6;5;5;4;6;4;4;4;4;4;8;4;7;5;4;2;3;3;400;10000;0;4;2;2;5;5;6;6;4;2;5;5;5;6;6;6;6;6;2;1;2;3;1;2;8;4;5;1
"1-5-0 (2020-11-16)";"doi.org/10.14281/18241.1";2018;410;"KOR";732;"ROK";410071197;20180114;201712;201801;20.44;21.09;25;1;410044;410012;7;4;3;1;1197;2390;"ko";3;1;1.0;0.8032128514056225;41453.815261044176;1;2;3;2;2;2;2;1;1;1;1;1;2;2;2;2;2;1;1;1;1;1;2;2;2;1;3;1;3;3;3;4;1;1;1;1;1;1;5;2;3;2;2;2;2;1;1;3;2;1;2;8;8;4;4;4;4;4;1;2;1;2;2;3;2;3;2;3;2;2;2;3;2;2;3;3;2;2;2;2;2;2;2;2;2;2;2;2;2;2;2;2;2;9;3;1;2;2;2;0;0;1;0;0;0;0;0;0;0;3;4;4;4;7;2;9;3;3;3;3;3;3;3;8;4;2;2;2;2;2;2;2;2;2;3;3;3;3;3;3;3;3;2;2;2;2;1;2;2;3;3;3;1;1;1;1;2;3;1;1;4;8;4;8;4;4;7;7;1;1;1;1;3;3;2;4;1;1;1;7;3;3;3;3;3;3;3;3;5;5;5;5;3;3;3;3;3;3;5;3;4;4;2;1;2;1;1;1;5;1;5;1;2;2;2;2;2;2;2;2;2;2;2;2;2;2;410002;410002;410002;2;3;3;3;3;3;3;2;2;3;2;2;2;4;2;3;4;8;5;8;6;2;8;7;3;8;9;9;9;1;2;1;1;1;2;3;1;1971;46;4;2;1;1;1;410;410;410;1;4;1;2390;1;2;6;3;6;3;3;2;3;2;1;1;6;3;3;2;1;1;2;7;2;2;20000000;410004;0;1;1;0.5947222222222223;0.4144444444444445;0.43407407407407406;0.3681481481481481;1.0;0.33;0.66;0.6633333333333334;0.33;0.0;0.16666666666666666;0.16555555555555557;1.0;1.0;1.0;1.0;0.66;0.66;0.33;0.5499999999999999;1.0;1.0;1.0;1.0;0.0;0.66;0.66;0.44;0.2222222222222222;0.2222222222222222;0.4444444444444444;0.2962962962962963;0.0;0.0;0.0;0.0;1.0;1.0;1.0;1.0;1.0;1.0;1.0;1.0;1.0;1.0;1.0;1.0;0;0;0;0;0;9;6;6;6;3;7;4;4;4;4;4;9;4;9;6;7;1;3;2;600;20000;7000;8;6;1;8;8;8;8;7;2;2;1;3;7;1;1;1;3;1;3;3;2;2;2;7;1;1;4
"1-5-0 (2020-11-16)";"doi.org/10.14281/18241.1";2018;410;"KOR";732;"ROK";410071198;20180114;201712;201801;9.35;10.0;25;1;410048;410014;7;4;3;1;1198;2390;"ko";2;1;1.0;0.8032128514056225;41453.815261044176;1;2;2;3;4;3;2;1;2;1;1;1;2;1;2;2;2;1;1;1;1;1;1;1;1;1;2;2;2;3;2;2;3;3;1;1;2;1;4;2;3;2;2;2;2;3;1;2;2;2;8;7;5;4;4;4;4;4;1;2;1;2;2;3;3;3;3;3;3;2;3;3;3;3;3;3;3;2;2;2;2;2;2;2;2;2;2;2;2;2;2;2;2;7;3;3;1;0;0;0;0;0;0;0;0;0;1;0;0;8;5;7;3;7;2;7;3;3;3;3;2;2;3;8;3;2;2;2;2;2;2;2;2;3;2;4;3;4;4;4;3;4;1;2;2;2;3;2;2;2;3;3;1;2;2;2;1;3;1;1;4;8;8;8;3;3;8;3;2;2;2;2;3;3;7;8;3;2;2;5;4;4;2;4;5;2;5;5;6;6;3;5;2;2;2;1;5;3;4;2;3;2;3;2;5;2;4;2;5;2;5;2;2;2;2;2;2;2;2;2;2;2;2;2;2;2;410001;410001;410001;2;3;3;3;2;2;3;3;2;2;2;2;3;3;2;4;7;5;2;8;5;2;6;5;5;8;9;8;7;2;2;1;1;1;2;3;2;1969;48;4;2;1;1;1;410;410;410;1;4;1;2390;1;2;5;3;6;3;1;1;3;2;5;1;-3;4;6;-3;2;2;3;5;2;0;100000020;410004;0;1;2;0.7333333333333334;0.6366666666666667;0.4667592592592593;0.4335185185185186;0.5;0.33;0.33;0.3866666666666667;0.66;1.0;1.0;0.8866666666666667;1.0;1.0;1.0;1.0;0.66;0.66;0.66;0.66;1.0;1.0;1.0;1.0;0.5;0.33;0.66;0.49666666666666676;0.1111111111111111;0.4444444444444444;0.5555555555555556;0.3703703703703704;0.0;0.0;0.0;0.0;1.0;1.0;1.0;1.0;1.0;1.0;1.0;1.0;1.0;1.0;1.0;1.0;0;0;0;0;0;8;7;8;7;8;7;6;7;6;7;5;7;4;7;4;8;-3;-3;2;380;12000;4000;-3;5;1;-3;-3;-3;8;3;1;1;5;4;6;7;6;4;4;2;2;2;3;1;3;6;6;6;4
"1-5-0 (2020-11-16)";"doi.org/10.14281/18241.1";2018;410;"KOR";732;"ROK";410071199;20180114;201712;201801;9.47;10.53;66;1;410044;410012;7;4;3;1;1199;2390;"ko";3;1;1.0;0.8032128514056225;41453.815261044176;1;2;2;3;2;4;1;1;1;1;2;1;2;2;2;2;2;1;2;1;2;2;2;1;2;2;1;2;2;2;2;3;2;1;2;1;4;2;2;2;2;1;3;2;2;3;1;3;3;2;8;6;5;4;4;4;4;4;1;2;1;3;2;3;3;3;3;3;3;3;3;3;3;3;3;3;3;3;3;3;3;2;2;2;3;3;2;2;2;2;2;2;2;10;3;1;2;0;0;0;0;0;0;0;0;0;0;0;0;7;6;2;4;3;1;10;2;3;3;2;2;1;2;7;4;2;2;1;0;0;2;0;2;2;2;4;3;4;4;4;4;4;2;2;2;3;2;2;2;3;4;4;1;2;1;1;2;3;1;1;2;7;8;8;6;3;7;1;2;2;2;2;4;4;7;8;3;1;1;3;1;1;1;1;1;6;1;1;10;10;6;6;1;1;1;1;1;1;6;2;4;4;4;3;5;1;5;2;5;2;5;2;2;3;2;2;2;3;3;3;2;2;3;3;1;1;410002;410002;410002;1;3;2;2;2;2;2;4;1;2;1;2;3;4;2;4;3;10;1;10;8;7;10;7;7;4;10;8;7;2;1;3;3;2;3;3;1;1967;50;4;3;1;1;1;410;410;410;1;4;1;2390;1;2;6;3;3;2;0;1;0;1;1;1;4;5;0;2;1;2;3;5;2;0;100000020;410004;1;1;1;0.4983333333333333;0.6666666666666666;0.3721296296296296;0.4109259259259259;1.0;0.0;0.0;0.3333333333333333;1.0;1.0;1.0;1.0;0.0;0.0;0.0;0.0;0.66;0.66;0.66;0.66;1.0;0.0;1.0;0.6666666666666666;0.25;0.33;0.33;0.3033333333333334;0.5555555555555556;0.0;1.0;0.5185185185185185;0.0;0.0;0.0;0.0;1.0;1.0;1.0;1.0;1.0;1.0;1.0;1.0;1.0;1.0;1.0;1.0;0;0;0;0;1;5;7;5;7;3;6;3;2;7;6;5;5;5;6;5;5;1;4;3;600;26000;3000;5;2;1;9;8;8;8;6;1;2;1;1;8;1;1;5;5;1;3;2;3;2;2;7;1;1;1
"1-5-0 (2020-11-16)";"doi.org/10.14281/18241.1";2018;410;"KOR";732;"ROK";410071200;20180114;201712;201801;10.06;10.31;25;1;410044;410012;6;3;4;1;1200;2390;"ko";2;1;1.0;0.8032128514056225;41453.815261044176;1;2;2;3;2;4;2;1;2;1;1;1;2;2;2;1;2;1;2;1;2;1;2;1;2;2;3;3;3;2;3;3;2;1;2;1;2;1;3;2;3;2;2;3;2;1;1;2;3;2;6;6;6;4;4;4;4;4;1;2;1;2;2;4;4;4;2;2;3;3;3;3;3;3;3;3;2;3;3;3;2;3;3;3;3;3;3;2;3;3;3;3;3;6;3;3;2;0;0;0;0;0;0;0;0;0;0;0;0;7;7;5;7;4;2;10;3;3;3;3;3;3;4;10;3;2;0;1;1;1;2;1;2;3;2;3;3;2;3;3;3;2;1;1;2;3;3;2;2;3;3;3;1;1;2;1;3;3;4;1;2;8;8;7;7;6;6;6;2;2;2;2;3;2;7;7;3;2;2;7;7;7;7;2;1;5;4;9;7;9;6;4;1;2;4;3;3;4;7;2;3;4;3;2;3;1;1;1;2;1;1;3;3;3;3;3;2;2;2;2;2;2;2;2;2;2;-2;-2;-2;2;2;1;2;3;3;2;2;2;2;2;2;2;2;3;2;5;6;5;6;5;6;7;5;6;5;8;7;6;3;2;3;3;3;3;3;1;1972;45;4;2;1;1;1;410;410;410;1;3;2;2390;6;0;5;3;-3;-3;1;1;1;1;1;-3;3;-3;9;2;2;1;3;5;2;0;100000020;410004;3;2;1;0.6783333333333335;0.7483333333333334;0.62375;0.54;0.5;0.33;0.66;0.49666666666666676;1.0;1.0;1.0;1.0;1.0;1.0;0.0;0.6666666666666666;0.33;0.66;0.66;0.55;1.0;1.0;1.0;1.0;0.25;0.66;0.33;0.4133333333333334;0.4444444444444444;0.8888888888888888;0.6666666666666666;0.6666666666666666;0.33;0.5;0.41500000000000004;0.41500000000000004;1.0;1.0;1.0;1.0;1.0;1.0;1.0;1.0;1.0;1.0;1.0;1.0;1;0;1;0;1;6;6;7;6;7;4;4;3;4;6;6;6;6;5;6;5;1;5;2;500;32500;5000;5;4;1;6;7;7;6;5;1;1;5;1;5;3;2;3;2;4;1;2;3;3;4;7;2;1;-3
"1-5-0 (2020-11-16)";"doi.org/10.14281/18241.1";2018;410;"KOR";732;"ROK";410071201;20180114;201712;201801;10.32;11.16;44;1;410044;410012;6;3;4;1;1201;2390;"ko";2;1;1.0;0.8032128514056225;41453.815261044176;1;1;2;2;3;4;1;1;2;1;1;2;1;2;2;2;2;1;2;1;2;1;2;1;2;2;2;2;3;2;3;2;3;3;3;3;3;3;2;3;3;3;3;3;1;2;2;2;2;2;8;7;7;4;4;4;4;4;1;2;1;2;3;3;3;3;2;2;2;3;2;2;2;2;3;3;3;3;1;2;3;3;2;3;3;3;3;2;2;3;3;2;2;2;3;1;2;0;0;0;0;0;0;0;0;0;0;0;0;7;5;5;3;4;2;6;2;2;2;2;2;2;4;7;2;0;0;2;2;2;2;2;2;1;2;4;4;4;4;4;4;4;1;2;2;1;1;2;2;1;1;1;1;2;1;1;2;1;3;1;3;7;8;3;3;3;8;7;2;1;1;1;4;4;7;8;3;1;1;8;8;1;1;1;1;1;6;5;7;6;3;5;5;4;2;1;1;1;5;3;3;4;2;1;1;1;1;5;5;5;5;1;1;3;3;3;1;3;3;3;3;3;3;3;1;1;410008;410008;410008;1;2;1;2;3;2;3;4;1;1;1;4;2;4;2;4;7;7;1;10;7;1;9;7;1;5;9;7;7;2;2;2;2;2;3;3;1;1941;76;6;3;1;1;1;410;410;410;1;2;1;2390;1;4;1;1;1;1;0;1;0;1;4;4;-3;-5;9;-3;1;2;3;5;2;0;100000020;410004;1;1;1;0.4291666666666667;0.6933333333333334;0.4667592592592593;0.4335185185185186;0.5;0.33;0.33;0.3866666666666667;1.0;1.0;1.0;1.0;0.0;0.0;0.0;0.0;0.33;0.33;0.33;0.33;1.0;1.0;1.0;1.0;0.5;0.66;0.33;0.49666666666666676;0.0;0.4444444444444444;0.6666666666666666;0.3703703703703704;0.0;0.0;0.0;0.0;1.0;1.0;1.0;1.0;1.0;1.0;1.0;1.0;1.0;1.0;1.0;1.0;0;0;0;0;1;6;8;8;8;7;8;8;8;8;8;8;6;8;7;6;4;-3;-3;3;150;28000;0;7;5;1;8;7;8;6;7;1;1;4;1;5;1;5;1;1;3;3;1;3;1;3;5;1;5;4
"1-5-0 (2020-11-16)";"doi.org/10.14281/18241.1";2018;410;"KOR";732;"ROK";410071202;20180115;201712;201801;17.57;19.39;102;1;410044;410012;7;4;3;1;1202;2390;"ko";2;1;1.0;0.8032128514056225;41453.815261044176;1;2;2;4;4;3;2;1;1;1;1;2;1;2;2;2;2;1;2;2;1;2;2;1;1;2;3;3;3;3;2;4;1;1;1;1;3;3;4;2;2;1;1;2;3;2;1;1;2;3;9;4;3;4;4;4;1;4;1;2;1;2;2;3;3;3;1;2;2;2;2;2;2;2;2;2;2;2;2;3;2;2;2;2;2;2;2;2;2;2;2;2;2;5;2;1;2;1;0;0;0;0;0;0;0;0;0;0;0;2;9;4;6;4;2;9;4;4;3;2;2;4;4;8;3;2;2;1;1;1;1;1;1;3;1;4;4;4;4;4;4;4;2;1;2;4;4;2;2;3;3;3;1;1;2;4;2;3;1;1;3;7;7;9;5;6;5;6;1;1;1;1;3;3;4;3;2;1;1;9;2;1;2;1;2;2;2;2;9;8;4;5;4;4;3;3;5;4;8;1;3;4;3;2;5;1;2;1;5;5;5;1;3;3;3;3;2;3;3;3;3;3;3;3;1;1;410002;410002;410002;2;3;3;3;2;2;1;2;2;2;1;1;2;3;2;4;6;10;5;8;7;5;5;4;3;7;8;9;7;2;2;2;2;2;3;3;2;1941;76;6;3;1;1;1;410;410;410;1;1;1;2390;5;6;0;1;-3;-3;0;1;0;1;5;-3;-3;-5;9;-3;1;3;5;2;1;7;70000000;410004;1;1;1;0.42833333333333334;0.525;0.4525925925925926;0.4051851851851852;0.0;0.33;0.66;0.33;0.66;1.0;0.5;0.7200000000000001;0.0;0.0;1.0;0.3333333333333333;0.33;0.33;0.33;0.33;1.0;1.0;1.0;1.0;0.0;0.66;0.66;0.44;0.1111111111111111;0.1111111111111111;0.8888888888888888;0.3703703703703704;0.0;0.0;0.0;0.0;1.0;1.0;1.0;1.0;1.0;1.0;1.0;1.0;1.0;1.0;1.0;1.0;0;0;0;0;1;8;4;5;6;2;3;2;2;1;1;2;3;3;3;8;7;-3;-3;5;50;2000;0;-3;2;1;-3;-3;-3;6;3;1;1;2;1;10;3;3;3;3;4;1;2;4;1;4;8;2;2;-5
"1-5-0 (2020-11-16)";"doi.org/10.14281/18241.1";2018;410;"KOR";732;"ROK";410071203;20180115;201712;201801;19.41;20.3;49;1;410044;410012;7;4;3;1;1203;2390;"ko";3;1;1.0;0.8032128514056225;41453.815261044176;1;2;2;2;2;4;1;1;2;1;1;1;2;2;2;2;2;1;2;1;2;2;2;1;2;2;2;4;4;3;3;3;3;3;3;3;3;3;2;3;3;2;3;3;2;1;2;1;2;3;10;9;7;4;4;4;4;4;1;2;1;2;3;3;3;3;2;2;2;2;3;3;3;3;2;3;3;4;3;3;3;3;2;3;3;3;3;3;3;2;2;2;2;2;2;1;2;1;0;0;0;0;0;0;0;0;1;0;0;2;8;2;7;10;2;10;3;3;3;3;3;4;3;5;4;2;2;1;1;1;1;1;1;3;2;4;3;4;4;4;4;4;1;1;2;2;1;2;2;1;1;1;1;1;2;4;1;3;4;4;1;6;5;7;6;5;5;7;1;1;1;1;2;3;2;3;1;1;2;5;4;4;4;3;3;2;2;3;4;4;3;4;5;5;4;5;4;4;4;2;2;3;2;2;5;1;1;1;4;1;5;5;3;3;2;3;2;3;2;2;1;3;2;3;1;1;410002;410002;410002;2;2;2;3;3;2;2;3;2;3;1;3;2;3;1;2;6;5;6;5;5;4;5;5;4;7;6;5;5;2;2;2;2;2;2;3;2;1942;75;6;3;1;1;1;410;410;410;1;1;1;2390;5;3;0;1;-3;-3;0;1;0;1;5;-3;-3;-5;10;-3;2;2;3;3;1;2;20000000;410004;1;2;1;0.5397222222222222;0.30444444444444446;0.5268055555555555;0.47111111111111115;0.0;0.33;0.33;0.22;1.0;0.0;0.16666666666666666;0.3888888888888889;1.0;1.0;1.0;1.0;0.33;0.66;0.66;0.55;1.0;1.0;1.0;1.0;0.5;1.0;0.66;0.7200000000000001;0.1111111111111111;0.2222222222222222;0.3333333333333333;0.22222222222222224;0.33;0.0;0.165;0.165;1.0;1.0;1.0;1.0;1.0;1.0;1.0;1.0;1.0;1.0;1.0;1.0;0;0;1;0;0;6;4;5;5;1;2;2;2;2;2;3;7;2;3;3;8;-3;-3;3;30;5000;0;-3;2;1;-3;-3;-3;7;4;2;1;6;5;6;8;6;6;5;2;2;2;3;1;2;6;8;6;-5
"1-5-0 (2020-11-16)";"doi.org/10.14281/18241.1";2018;410;"KOR";732;"ROK";410071204;20180115;201712;201801;9.4;10.0;20;1;410044;410012;7;4;3;1;1204;2390;"ko";2;1;1.0;0.8032128514056225;41453.815261044176;2;2;2;3;1;3;1;1;2;1;2;2;1;1;2;2;2;1;2;1;2;1;2;2;2;1;2;2;2;2;2;3;1;1;1;1;3;3;4;2;2;2;3;2;2;1;1;1;2;1;6;7;6;4;4;4;4;4;2;2;2;3;2;3;3;3;3;2;2;2;2;2;2;2;3;2;2;2;2;3;2;2;2;2;2;2;2;2;2;2;2;2;2;8;3;1;2;0;0;0;0;0;0;0;0;0;1;0;0;4;10;2;7;8;2;9;2;2;2;2;2;1;2;9;3;2;2;2;2;2;2;2;2;3;2;3;2;3;3;4;2;3;2;2;2;1;2;2;2;3;3;3;1;2;1;1;2;3;1;1;2;8;8;8;7;7;9;2;2;2;2;2;3;2;6;7;3;1;1;7;1;3;1;1;1;1;4;3;5;6;2;3;2;2;2;2;4;2;2;4;4;4;3;2;5;2;5;1;2;1;3;1;2;2;2;2;3;2;2;2;2;2;2;2;2;1;410002;410002;410002;2;2;2;2;2;2;2;3;2;2;2;1;2;2;2;3;3;10;4;10;1;5;10;9;6;9;10;7;6;2;2;2;2;2;3;3;1;1975;42;3;2;1;1;1;410;410;410;1;3;1;2390;1;1;6;3;3;2;1;1;1;1;1;2;3;5;10;2;1;3;3;2;1;0;100000020;410004;1;1;2;0.42861111111111116;0.5255555555555557;0.2772222222222222;0.2211111111111111;0.0;0.33;0.33;0.22;0.66;1.0;0.8333333333333334;0.8311111111111112;1.0;0.0;0.0;0.3333333333333333;0.33;0.33;0.33;0.33;1.0;0.0;1.0;0.6666666666666666;0.0;0.33;0.33;0.22;0.0;0.2222222222222222;0.4444444444444444;0.2222222222222222;0.0;0.0;0.0;0.0;1.0;1.0;1.0;1.0;1.0;1.0;1.0;1.0;1.0;1.0;1.0;1.0;0;0;0;0;1;8;7;7;8;4;7;5;3;5;3;4;8;4;4;7;7;1;4;3;400;20000;5000;7;1;1;7;7;7;8;6;1;1;6;6;9;5;7;5;5;2;1;3;2;2;2;9;5;7;4
"1-5-0 (2020-11-16)";"doi.org/10.14281/18241.1";2018;410;"KOR";732;"ROK";410071205;20180115;201712;201801;10.4;11.0;20;1;410044;410012;7;4;3;1;1205;2390;"ko";2;1;1.0;0.8032128514056225;41453.815261044176;1;1;1;2;2;3;1;1;1;1;1;2;2;2;2;2;2;1;2;1;2;1;2;2;2;2;3;3;3;3;3;3;2;1;2;1;2;1;2;2;2;2;2;2;2;2;2;3;2;3;8;8;8;4;4;4;4;4;1;1;1;1;1;2;2;3;2;2;2;2;2;2;2;2;2;2;2;2;2;2;2;2;2;2;2;2;2;2;2;2;2;2;2;8;2;1;2;0;0;0;0;0;0;0;0;0;0;0;0;7;7;7;7;7;2;8;2;2;2;2;2;3;3;5;3;1;1;1;1;1;1;1;1;2;3;3;3;3;3;3;3;3;2;2;2;2;2;2;2;2;2;2;1;2;1;2;1;1;3;1;4;7;7;7;8;8;8;7;1;1;1;1;3;3;7;8;3;2;2;1;1;1;1;1;1;1;1;1;1;1;1;1;1;1;1;1;1;1;8;2;2;3;3;2;5;1;2;5;5;5;5;1;3;3;3;3;2;2;2;2;3;3;3;3;1;1;410002;410002;410002;2;2;2;2;2;2;2;2;2;2;2;1;1;3;1;3;4;7;5;5;5;3;3;7;7;7;7;7;8;2;2;2;2;2;2;2;2;1953;64;5;3;1;1;1;410;410;410;1;2;1;2390;1;5;2;1;2;1;0;1;0;1;1;1;4;4;9;2;1;1;2;8;3;0;100000020;410004;0;1;1;0.4700000000000001;0.7750000000000001;0.38083333333333336;0.26166666666666666;1.0;0.33;0.66;0.6633333333333334;0.66;1.0;1.0;0.8866666666666667;0.0;0.0;0.0;0.0;0.33;0.33;0.33;0.33;1.0;1.0;1.0;1.0;0.25;0.66;0.66;0.5233333333333333;0.0;0.0;0.0;0.0;0.0;0.0;0.0;0.0;1.0;1.0;1.0;1.0;1.0;1.0;1.0;1.0;1.0;1.0;1.0;1.0;0;0;0;0;0;8;8;8;8;8;8;8;8;8;8;8;8;8;8;8;7;4;2;2;300;50000;0;9;8;1;9;9;9;10;7;1;2;1;1;10;1;1;1;1;2;3;2;2;2;2;10;1;1;4
"1-5-0 (2020-11-16)";"doi.org/10.14281/18241.1";2018;410;"KOR";732;"ROK";410071206;20180115;201712;201801;10.43;11.03;20;1;410044;410012;7;4;3;1;1206;2390;"ko";2;2;1.0;0.8032128514056225;41453.815261044176;1;2;2;2;1;3;1;1;1;1;2;2;1;2;2;2;2;1;2;1;2;1;2;2;2;2;2;2;2;2;2;2;1;1;1;1;2;1;4;2;2;2;2;2;1;1;1;2;2;2;6;8;5;4;4;4;4;4;1;2;2;2;2;3;3;3;2;2;2;2;2;2;2;2;2;2;2;2;2;2;2;2;2;2;2;2;2;2;2;2;2;2;2;8;3;1;2;0;0;0;0;1;0;0;0;0;1;0;0;4;10;2;5;8;1;9;2;3;2;3;2;1;3;9;2;2;2;2;2;2;2;2;2;3;2;3;3;3;4;4;2;3;2;2;2;1;2;2;2;2;2;2;2;2;2;2;1;1;3;2;1;8;7;8;6;7;8;3;2;2;2;2;3;2;6;7;3;1;1;6;2;2;2;2;2;1;3;3;5;3;2;2;2;2;2;2;3;1;2;3;4;4;2;2;2;1;2;1;3;1;3;1;1;2;2;2;3;2;2;2;1;2;2;2;2;1;410002;410002;410002;2;2;2;2;2;2;2;3;2;2;2;1;2;2;2;3;2;10;4;10;2;5;10;9;6;8;9;6;7;2;3;2;2;2;3;3;1;1959;58;5;3;1;1;1;410;410;410;1;4;2;2390;1;2;3;2;3;2;1;1;1;1;1;5;5;-5;9;2;1;2;3;2;1;0;100000020;410004;1;1;1;0.6644444444444445;0.663888888888889;0.2772222222222222;0.2211111111111111;0.5;0.66;0.33;0.49666666666666676;0.66;1.0;0.8333333333333334;0.8311111111111112;1.0;1.0;1.0;1.0;0.33;0.33;0.33;0.33;1.0;0.0;1.0;0.6666666666666666;0.0;0.33;0.33;0.22;0.0;0.2222222222222222;0.4444444444444444;0.2222222222222222;0.0;0.0;0.0;0.0;1.0;1.0;1.0;1.0;1.0;1.0;1.0;1.0;1.0;1.0;1.0;1.0;0;0;0;1;0;8;7;6;7;6;7;7;5;5;6;6;8;5;7;5;7;1;5;2;500;30000;12000;7;1;1;7;7;6;8;6;1;2;5;5;10;5;6;5;5;3;1;3;2;2;3;10;5;6;4
"1-5-0 (2020-11-16)";"doi.org/10.14281/18241.1";2018;410;"KOR";732;"ROK";410071207;20180115;201712;201801;11.13;11.33;20;1;410042;410008;7;4;3;1;1207;2390;"ko";3;1;1.0;0.8032128514056225;41453.815261044176;1;1;1;2;2;2;1;1;2;2;1;1;2;1;2;2;2;1;2;1;2;2;2;1;2;2;2;3;4;4;4;3;5;2;2;1;5;2;1;5;3;2;4;4;2;1;2;3;2;2;8;5;5;4;4;4;4;4;1;1;1;2;2;3;2;2;2;3;3;3;3;3;3;3;3;4;3;3;3;3;3;3;3;3;3;3;3;3;3;3;3;3;3;4;3;3;2;0;0;0;0;0;0;0;0;0;0;0;0;5;8;2;6;2;1;9;2;1;2;2;1;1;2;9;2;1;1;2;1;2;1;1;1;2;2;4;4;4;4;4;4;4;2;1;2;1;1;2;2;2;3;3;2;2;2;2;1;3;1;1;3;8;7;5;3;3;9;7;1;1;1;1;3;3;5;2;1;2;2;7;2;2;2;2;2;8;2;8;5;9;6;5;2;2;2;2;5;2;7;2;4;4;2;2;4;1;3;1;1;1;1;1;1;1;1;2;2;2;1;1;1;1;1;1;1;1;410002;410002;410002;2;3;2;1;4;3;1;4;2;2;1;2;3;4;3;4;3;9;2;9;7;2;2;8;2;9;8;8;7;2;2;2;2;2;3;3;2;1992;25;2;1;1;1;1;410;410;410;1;3;2;2390;6;0;3;2;-3;-3;3;2;3;2;7;-3;-3;-3;4;-3;2;2;3;4;2;7;70000000;410004;1;1;2;0.6363888888888889;0.44277777777777777;0.6666666666666666;0.8333333333333333;1.0;0.33;0.33;0.5533333333333333;0.33;0.0;0.6666666666666666;0.3322222222222222;1.0;1.0;1.0;1.0;0.66;0.66;0.66;0.66;1.0;1.0;1.0;1.0;1.0;1.0;1.0;1.0;0.7777777777777778;0.7777777777777778;0.4444444444444444;0.6666666666666666;0.0;0.0;0.0;0.0;1.0;1.0;1.0;1.0;1.0;1.0;1.0;1.0;1.0;1.0;1.0;1.0;0;0;0;0;1;7;4;4;7;4;3;2;3;4;3;6;7;4;5;6;4;-3;-3;2;400;30000;2000;5;5;1;4;4;3;8;3;1;5;1;2;7;1;1;1;1;2;1;2;2;1;1;8;1;1;-3
"1-5-0 (2020-11-16)";"doi.org/10.14281/18241.1";2018;410;"KOR";732;"ROK";410071208;20180115;201712;201801;11.34;11.59;25;1;410044;410012;7;4;3;1;1208;2390;"ko";2;1;1.0;0.8032128514056225;41453.815261044176;1;2;2;2;2;2;1;1;1;1;2;2;1;2;2;2;2;1;2;1;2;1;1;1;2;1;2;3;3;2;2;3;2;1;1;1;4;2;4;2;2;2;2;2;2;1;1;1;2;2;10;8;6;4;4;4;4;4;2;2;2;2;2;3;3;3;2;2;3;2;2;2;2;2;2;2;2;2;2;3;2;2;2;2;2;2;2;2;2;2;2;2;2;8;3;2;2;1;0;0;0;0;0;0;0;0;1;0;0;5;9;2;6;7;2;9;2;2;2;2;2;1;3;8;3;2;2;2;2;2;2;2;2;4;2;3;2;3;3;4;2;3;1;2;2;2;2;2;2;3;3;3;2;1;2;1;2;1;3;1;2;8;9;9;6;6;8;6;1;1;1;1;2;2;2;3;1;1;1;6;1;1;1;1;1;1;1;1;1;1;1;1;1;1;1;1;1;1;1;4;4;4;3;3;5;2;5;1;5;1;5;1;2;2;2;3;2;2;2;2;2;2;2;2;2;2;410002;410002;410002;2;3;3;2;2;3;2;3;2;3;2;1;2;2;2;2;4;10;6;10;1;7;10;7;5;9;9;6;6;3;2;2;2;2;3;3;2;1966;51;4;3;1;1;1;410;410;410;1;4;1;2390;1;2;3;2;3;2;2;1;3;2;5;3;-3;6;10;-3;2;2;2;3;1;2;20000000;410004;1;1;1;0.17888888888888888;0.19277777777777777;0.27;0.2066666666666667;0.0;0.33;0.33;0.22;0.33;0.0;0.16666666666666666;0.16555555555555557;0.0;0.0;0.0;0.0;0.33;0.33;0.33;0.33;1.0;0.0;1.0;0.6666666666666666;0.25;0.66;0.33;0.4133333333333334;0.0;0.0;0.0;0.0;0.0;0.0;0.0;0.0;1.0;1.0;1.0;1.0;1.0;1.0;1.0;1.0;1.0;1.0;1.0;1.0;0;0;0;0;1;9;7;7;6;6;6;4;4;6;4;6;8;4;8;5;6;-3;-3;2;450;25000;0;-3;3;1;-3;-3;-3;8;6;1;2;5;5;10;5;6;5;5;2;1;3;2;2;2;10;5;6;4
"1-5-0 (2020-11-16)";"doi.org/10.14281/18241.1";2018;410;"KOR";732;"ROK";410071209;20180115;201712;201801;11.55;12.15;20;1;410042;410008;7;4;3;1;1209;2390;"ko";2;1;1.0;0.8032128514056225;41453.815261044176;1;1;2;2;2;3;2;1;1;1;1;1;2;2;2;2;2;1;2;1;2;1;2;2;2;2;3;4;4;4;4;4;5;2;1;1;5;2;5;1;3;1;3;4;2;3;1;3;2;3;4;7;5;4;4;4;4;4;2;2;2;3;2;4;3;4;3;3;2;2;3;3;3;3;4;3;3;3;2;4;3;2;2;2;2;2;2;2;2;2;2;2;2;4;1;3;2;1;1;0;0;1;0;0;0;0;0;0;0;8;3;8;3;2;2;9;3;3;4;4;3;3;4;9;3;0;0;0;0;0;0;0;0;3;3;3;2;2;4;4;3;2;1;2;2;2;2;2;2;3;3;2;1;2;1;1;2;2;3;1;3;8;8;7;7;3;8;2;2;2;2;2;4;4;4;3;2;1;2;8;2;2;2;2;2;2;2;6;6;7;2;7;2;3;2;2;2;2;8;2;4;4;1;1;1;1;1;1;1;1;2;1;2;2;1;2;1;1;2;2;1;1;2;2;1;1;410002;410002;410002;1;4;4;4;1;1;4;4;1;1;1;1;3;4;2;4;8;8;3;9;8;3;9;6;3;8;9;4;4;4;3;2;2;3;3;3;1;1963;54;4;3;1;1;1;410;410;410;1;3;1;2390;1;2;6;3;6;3;0;1;0;1;1;5;3;-5;3;2;1;1;3;4;2;7;70000000;410004;2;2;1;0.7883333333333334;0.7466666666666668;0.6843518518518519;0.7037037037037037;1.0;0.66;0.66;0.7733333333333334;0.66;1.0;0.5;0.7200000000000001;1.0;1.0;1.0;1.0;0.66;0.66;0.66;0.66;1.0;1.0;1.0;1.0;1.0;1.0;1.0;1.0;0.1111111111111111;0.5555555555555556;0.5555555555555556;0.40740740740740744;0.66;0.0;0.33;0.33;1.0;1.0;1.0;1.0;1.0;1.0;1.0;1.0;1.0;1.0;1.0;1.0;0;1;0;0;1;8;5;4;6;4;4;3;3;5;2;3;9;4;7;8;2;1;4;3;500;20000;11000;8;2;1;7;7;8;4;3;2;2;1;1;7;1;3;1;1;1;1;1;1;1;1;6;1;3;4
"1-5-0 (2020-11-16)";"doi.org/10.14281/18241.1";2018;410;"KOR";732;"ROK";410071210;20180115;201712;201801;12.2;12.56;36;1;410044;410012;7;4;3;1;1210;2390;"ko";3;1;1.0;0.8032128514056225;41453.815261044176;1;3;3;3;3;3;1;1;1;1;2;2;2;1;2;2;2;1;2;1;2;1;2;1;2;2;2;2;2;2;2;2;2;1;2;1;2;1;2;2;2;2;2;2;3;3;2;3;2;2;9;9;9;4;4;4;4;4;1;1;1;1;1;3;2;3;2;2;2;2;2;2;2;2;3;3;3;3;3;3;3;3;3;3;2;2;2;2;2;2;2;2;2;7;3;1;2;0;0;0;0;0;0;0;0;0;2;0;0;4;4;2;3;7;2;8;2;1;2;2;2;3;3;8;4;2;2;2;2;2;2;2;2;2;3;3;3;3;3;3;3;3;2;2;2;2;2;2;2;2;2;3;1;2;2;2;1;1;3;1;4;6;6;6;7;7;7;6;2;2;2;2;3;3;7;8;3;2;2;7;3;3;3;1;1;1;1;1;5;5;1;5;1;1;1;1;1;1;4;3;3;3;2;1;1;1;4;2;5;5;5;1;2;2;2;2;2;2;2;2;2;2;2;2;1;1;410002;410002;410002;2;2;2;2;2;2;2;2;2;2;2;2;2;3;2;3;5;6;5;7;4;2;8;7;3;7;7;7;7;2;2;1;1;1;3;3;1;1954;63;5;3;1;1;1;410;410;410;1;3;1;2390;1;3;2;1;2;1;0;1;0;1;1;5;4;-5;9;2;1;2;3;3;1;0;100000020;410004;0;1;2;0.5258333333333333;0.72;0.27953703703703703;0.22574074074074077;1.0;0.33;0.33;0.5533333333333333;0.66;1.0;1.0;0.8866666666666667;1.0;0.0;0.0;0.3333333333333333;0.33;0.33;0.33;0.33;1.0;0.0;1.0;0.6666666666666666;0.25;0.33;0.33;0.3033333333333334;0.0;0.0;0.4444444444444444;0.14814814814814814;0.0;0.0;0.0;0.0;1.0;1.0;1.0;1.0;1.0;1.0;1.0;1.0;1.0;1.0;1.0;1.0;0;0;0;0;0;9;6;6;6;8;7;4;4;4;4;4;9;4;10;8;7;4;1;3;200;20000;3000;10;3;1;10;10;10;9;9;1;2;1;4;7;1;5;1;3;2;3;3;3;2;2;6;1;4;4
"1-5-0 (2020-11-16)";"doi.org/10.14281/18241.1";2018;410;"KOR";732;"ROK";410071211;20180115;201712;201801;12.48;13.08;20;1;410044;410012;7;4;3;1;1211;2390;"ko";2;1;1.0;0.8032128514056225;41453.815261044176;1;2;2;2;2;3;1;1;2;1;2;2;1;1;2;2;2;1;2;1;2;1;2;1;2;2;2;3;3;2;3;3;2;1;2;1;4;2;4;2;2;2;2;2;2;1;1;2;2;2;7;8;6;4;4;4;4;4;1;2;2;3;2;2;3;3;3;2;3;2;2;2;2;2;3;2;2;3;2;2;2;2;2;2;2;2;2;2;2;2;2;2;2;8;3;1;2;0;0;0;0;0;0;0;0;0;1;0;0;3;5;3;4;8;1;8;2;2;2;2;2;1;3;8;2;2;2;2;2;2;2;2;2;3;2;3;2;3;3;4;2;3;1;2;2;2;2;2;2;2;2;3;1;2;2;1;2;3;1;1;2;8;8;8;7;7;9;2;2;2;2;2;3;2;7;7;3;1;1;6;2;2;1;1;1;1;1;1;5;1;1;1;1;1;1;2;2;1;1;4;4;4;3;3;5;2;5;1;2;1;2;1;1;2;2;2;2;2;2;2;2;1;2;2;2;2;410002;410002;410002;2;2;2;2;2;2;2;3;2;2;2;1;2;2;2;2;2;10;3;10;10;5;10;10;4;9;10;6;7;2;2;1;1;1;1;2;2;1967;50;4;3;1;1;1;410;410;410;1;4;1;2390;1;2;3;2;3;2;1;1;1;1;1;1;3;3;10;2;2;1;2;3;1;0;100000020;410004;1;1;2;0.4841666666666667;0.6366666666666667;0.307037037037037;0.28074074074074074;0.5;0.33;0.33;0.3866666666666667;0.66;1.0;1.0;0.8866666666666667;1.0;0.0;0.0;0.3333333333333333;0.33;0.33;0.33;0.33;1.0;0.0;1.0;0.6666666666666666;0.25;0.66;0.33;0.4133333333333334;0.0;0.0;0.4444444444444444;0.14814814814814814;0.0;0.0;0.0;0.0;1.0;1.0;1.0;1.0;1.0;1.0;1.0;1.0;1.0;1.0;1.0;1.0;0;0;0;0;1;8;7;6;8;4;7;5;5;5;5;5;8;4;7;4;6;1;3;2;600;30000;15000;8;2;1;8;7;7;8;6;1;2;5;5;9;5;6;5;5;2;1;3;2;2;2;9;6;7;4
"1-5-0 (2020-11-16)";"doi.org/10.14281/18241.1";2018;410;"KOR";732;"ROK";410071212;20180115;201712;201801;13.32;13.57;25;1;410044;410012;6;3;4;1;1212;2390;"ko";2;2;1.0;0.8032128514056225;41453.815261044176;2;2;2;2;2;3;1;1;2;1;1;2;1;2;2;2;2;1;2;1;2;1;2;1;2;2;2;3;2;2;2;2;2;1;2;1;2;1;2;2;2;2;2;2;2;1;1;2;2;2;7;8;7;4;4;4;4;4;1;2;2;2;2;3;3;3;3;2;3;2;2;2;2;2;3;2;2;2;2;2;2;2;2;2;2;2;2;2;2;2;2;2;2;9;3;1;2;0;0;0;0;0;0;0;0;0;0;0;0;4;8;3;3;7;1;9;2;2;2;2;2;1;2;8;2;2;2;2;2;2;2;2;2;3;2;3;3;3;3;4;3;3;2;2;2;2;2;2;2;3;3;3;1;1;2;1;2;1;3;2;1;8;8;8;5;5;8;3;2;2;2;2;3;2;6;7;3;1;1;7;2;2;1;1;1;1;1;1;5;3;2;1;1;1;1;1;1;1;1;4;4;4;3;3;5;3;5;1;5;1;5;1;2;2;2;2;2;2;2;2;2;2;2;2;2;2;410002;410002;410002;2;2;2;2;2;2;2;2;2;2;1;1;2;2;2;2;1;10;4;10;10;10;10;10;5;10;10;7;7;2;2;1;1;1;2;2;2;1956;61;5;3;1;1;1;410;410;410;1;3;1;2390;1;2;3;2;3;2;0;1;1;1;5;3;-3;10;10;-3;2;2;2;4;2;0;100000020;410004;1;1;1;0.47027777777777785;0.608888888888889;0.3628703703703704;0.22574074074074077;0.5;0.33;0.33;0.3866666666666667;0.66;1.0;0.8333333333333334;0.8311111111111112;1.0;0.0;0.0;0.3333333333333333;0.33;0.33;0.33;0.33;1.0;1.0;1.0;1.0;0.25;0.33;0.33;0.3033333333333334;0.0;0.0;0.4444444444444444;0.14814814814814814;0.0;0.0;0.0;0.0;1.0;1.0;1.0;1.0;1.0;1.0;1.0;1.0;1.0;1.0;1.0;1.0;0;0;0;1;0;7;7;7;7;6;6;5;6;6;6;6;8;4;7;4;7;-3;-3;2;550;50000;18000;8;3;1;8;8;7;8;6;1;1;5;5;9;5;5;5;5;3;1;3;2;2;2;9;5;5;4
"1-5-0 (2020-11-16)";"doi.org/10.14281/18241.1";2018;410;"KOR";732;"ROK";410071213;20180115;201712;201801;14.11;14.34;23;1;410044;410012;7;4;3;1;1213;2390;"ko";2;1;1.0;0.8032128514056225;41453.815261044176;1;2;2;3;2;3;1;1;1;1;2;2;1;2;2;2;2;1;1;1;2;1;2;1;2;1;2;2;2;2;2;2;2;1;2;1;2;1;4;2;2;2;2;2;2;2;2;2;2;2;5;7;7;4;4;4;4;4;1;2;2;3;2;3;3;3;3;2;3;2;2;2;2;2;3;2;3;3;2;2;2;2;2;2;2;2;2;2;2;2;2;2;2;9;3;1;2;0;0;1;0;0;0;0;0;0;1;0;0;6;8;2;6;7;1;8;2;2;2;2;2;1;3;9;3;2;2;2;2;2;2;2;2;3;2;3;2;3;4;4;2;2;1;2;2;2;2;2;2;2;2;2;1;2;1;1;2;3;1;1;2;8;8;8;8;7;9;3;2;2;2;2;3;2;5;7;3;1;2;6;2;2;1;1;1;1;1;1;6;5;1;1;1;1;1;1;3;1;1;4;4;4;3;3;3;3;3;1;3;1;3;1;2;2;2;2;2;2;2;2;2;2;2;2;2;2;410002;410002;410002;2;2;2;2;2;2;2;2;2;2;2;2;2;2;2;2;4;10;3;10;10;4;8;9;5;9;9;8;7;2;2;2;2;2;2;3;2;1981;36;3;2;1;1;1;410;410;410;1;4;1;2390;1;2;6;3;6;3;3;2;3;2;1;1;3;3;3;1;2;2;2;5;2;0;100000020;410004;1;1;1;0.4563888888888889;0.5811111111111111;0.28879629629629633;0.2442592592592593;0.5;0.33;0.33;0.3866666666666667;0.66;1.0;0.6666666666666666;0.7755555555555556;1.0;0.0;0.0;0.3333333333333333;0.33;0.33;0.33;0.33;1.0;0.0;1.0;0.6666666666666666;0.25;0.33;0.33;0.3033333333333334;0.0;0.0;0.5555555555555556;0.1851851851851852;0.0;0.0;0.0;0.0;1.0;1.0;1.0;1.0;1.0;1.0;1.0;1.0;1.0;1.0;1.0;1.0;0;0;0;0;1;8;7;6;6;4;7;4;5;6;4;5;8;4;4;7;6;1;5;2;700;30000;9000;8;3;1;8;8;6;8;7;1;1;6;5;10;5;6;5;5;3;1;3;2;2;3;10;6;7;4
"1-5-0 (2020-11-16)";"doi.org/10.14281/18241.1";2018;410;"KOR";732;"ROK";410071214;20180115;201712;201801;14.23;14.44;21;1;410044;410012;7;4;3;1;1214;2390;"ko";3;2;1.0;0.8032128514056225;41453.815261044176;2;2;2;3;3;3;1;2;2;1;1;1;2;1;2;2;2;1;2;1;2;1;2;2;2;2;3;3;2;3;2;3;3;3;3;3;3;3;3;3;3;3;3;3;1;3;1;3;3;2;7;5;4;4;4;4;4;4;3;2;2;2;2;3;3;2;2;2;2;2;2;2;2;2;2;2;2;2;2;2;2;2;2;2;2;2;2;2;2;2;2;2;2;5;1;1;2;0;0;0;0;0;0;0;0;0;0;0;0;4;5;4;4;5;1;5;2;2;2;2;2;2;3;5;3;1;1;1;1;1;1;1;1;2;3;3;2;3;2;3;2;3;2;2;2;2;3;2;2;3;3;3;2;1;1;1;2;1;2;1;2;5;5;5;5;5;5;5;2;2;2;2;3;3;6;7;2;1;1;6;4;4;4;4;4;4;4;4;7;5;5;4;4;4;4;4;4;3;7;2;3;3;3;2;3;3;3;3;5;3;4;3;2;2;2;2;2;2;2;2;2;2;2;2;3;3;-2;-2;-2;2;2;2;2;2;2;2;2;2;2;2;2;2;3;2;4;5;5;5;5;5;5;5;5;5;5;5;5;5;3;3;3;3;3;3;3;1;1959;58;5;3;1;1;1;410;410;410;1;1;1;2390;6;0;2;1;-3;-3;-2;-2;-2;-2;1;-3;3;-3;9;2;1;2;5;4;2;0;100000020;410004;2;2;1;0.7336111111111112;0.8022222222222224;0.44319444444444445;0.4705555555555556;1.0;0.66;0.66;0.7733333333333334;0.66;1.0;0.8333333333333334;0.8311111111111112;1.0;1.0;1.0;1.0;0.33;0.33;0.33;0.33;0.0;1.0;1.0;0.6666666666666666;0.5;0.33;0.66;0.49666666666666676;0.3333333333333333;0.3333333333333333;0.6666666666666666;0.4444444444444444;0.33;0.0;0.165;0.165;1.0;1.0;1.0;1.0;1.0;1.0;1.0;1.0;1.0;1.0;1.0;1.0;0;0;1;0;1;4;4;5;3;3;6;4;4;4;4;4;4;4;4;6;4;2;2;5;200;0;0;5;3;2;5;5;5;3;4;2;2;5;5;6;6;6;6;6;2;1;3;3;3;3;8;4;5;-3
"1-5-0 (2020-11-16)";"doi.org/10.14281/18241.1";2018;410;"KOR";732;"ROK";410071215;20180115;201712;201801;14.37;14.57;20;1;410047;410013;7;4;3;1;1215;2390;"ko";3;1;1.0;0.8032128514056225;41453.815261044176;2;2;2;4;2;2;1;1;1;1;2;1;2;2;2;2;2;1;2;1;2;1;2;1;2;2;2;2;1;2;2;2;1;1;1;1;3;3;2;2;2;2;2;2;2;2;2;2;2;3;7;7;5;4;4;4;4;4;1;2;1;2;2;3;2;3;2;2;3;3;4;2;2;2;3;3;1;3;2;2;2;3;3;2;1;1;1;2;2;2;1;1;1;3;2;1;2;0;0;0;0;0;0;0;0;0;0;0;0;7;3;7;5;7;1;7;2;3;3;2;2;3;3;7;3;2;2;2;2;2;2;2;2;3;3;2;1;2;2;1;1;2;1;2;2;3;3;2;2;2;3;3;2;1;2;3;1;3;2;3;1;7;5;7;8;7;5;5;1;1;1;1;3;3;7;8;3;1;1;7;4;5;4;4;3;4;4;4;5;5;6;6;4;5;4;4;1;3;7;4;4;4;3;2;5;1;5;5;4;5;5;2;3;3;3;3;3;3;3;3;3;3;3;3;1;1;410001;410001;410001;1;1;2;2;2;1;2;2;2;2;1;2;1;3;3;2;9;8;1;10;3;1;8;3;4;8;9;9;8;1;3;2;2;1;1;2;1;1932;85;6;3;1;1;1;410;410;410;1;2;1;2390;1;4;1;1;1;1;0;1;0;1;3;5;5;-5;10;2;1;3;5;1;1;0;100000020;410004;3;2;1;0.6508333333333334;0.6366666666666667;0.4530092592592593;0.24018518518518514;0.5;0.66;0.33;0.49666666666666676;0.33;1.0;1.0;0.7766666666666667;1.0;1.0;1.0;1.0;0.33;0.33;0.33;0.33;1.0;0.0;1.0;0.6666666666666666;0.0;0.0;0.33;0.11;0.3333333333333333;0.3333333333333333;0.4444444444444444;0.3703703703703703;0.33;1.0;0.665;0.665;1.0;1.0;1.0;1.0;1.0;1.0;1.0;1.0;1.0;1.0;1.0;1.0;1;0;1;1;0;5;8;7;8;4;7;7;8;7;8;5;5;7;4;7;4;4;1;5;100;5000;0;8;3;1;6;6;8;7;5;1;1;3;3;5;4;3;3;3;3;2;2;3;1;3;5;5;3;4
"1-5-0 (2020-11-16)";"doi.org/10.14281/18241.1";2018;410;"KOR";732;"ROK";410071216;20180115;201712;201801;14.49;15.1;21;1;410030;410006;8;5;2;1;1216;2390;"ko";3;1;1.0;0.8032128514056225;41453.815261044176;1;1;2;2;1;3;1;2;1;1;1;1;2;2;2;2;2;1;1;1;2;1;2;1;1;2;2;2;2;2;2;2;1;1;1;1;2;1;3;2;3;1;2;2;2;3;1;2;2;2;8;8;7;4;4;4;4;4;1;1;1;2;2;3;2;3;3;2;3;2;3;2;3;2;3;3;2;2;3;3;2;2;2;3;2;2;2;2;2;2;2;2;2;7;1;2;2;0;1;1;1;1;1;1;1;1;2;1;1;6;7;4;5;4;1;7;2;3;2;2;3;3;4;8;3;2;1;2;1;1;1;2;1;2;3;4;4;4;4;4;4;4;1;2;2;2;2;2;2;2;2;2;1;1;1;2;4;1;2;1;2;7;6;7;8;7;7;3;2;2;2;2;3;3;7;8;3;1;2;6;6;5;4;2;2;2;2;7;7;5;3;6;1;4;2;4;2;2;4;2;3;3;3;2;4;1;3;1;4;2;3;2;3;3;3;3;3;3;3;3;3;3;3;3;1;1;-2;-2;-2;2;3;2;3;3;2;2;3;2;3;2;1;1;3;2;3;7;7;3;9;7;5;7;7;7;8;9;7;7;3;2;1;1;1;2;2;1;1963;54;4;3;1;1;1;410;410;410;1;2;1;2390;1;2;6;3;3;2;2;1;2;1;1;5;3;-5;9;2;1;2;2;6;2;0;100000020;410004;2;2;0;0.6783333333333333;0.6366666666666667;0.38328703703703704;0.35074074074074074;0.5;0.33;0.33;0.3866666666666667;0.66;1.0;1.0;0.8866666666666667;1.0;1.0;1.0;1.0;0.33;0.33;0.66;0.44;0.0;1.0;1.0;0.6666666666666666;0.0;0.33;0.33;0.22;0.1111111111111111;0.6666666666666666;0.6666666666666666;0.48148148148148145;0.33;0.0;0.165;0.165;1.0;1.0;1.0;1.0;1.0;1.0;1.0;1.0;1.0;1.0;1.0;1.0;0;0;1;0;1;8;7;7;8;7;7;7;7;7;6;6;8;6;7;7;6;1;4;2;500;54000;0;8;5;1;8;8;8;9;8;1;1;5;5;8;4;4;5;6;2;1;2;2;2;2;7;3;3;4
"1-5-0 (2020-11-16)";"doi.org/10.14281/18241.1";2018;410;"KOR";732;"ROK";410071217;20180115;201712;201801;14.51;15.11;20;1;410047;410013;7;4;3;1;1217;2390;"ko";2;2;1.0;0.8032128514056225;41453.815261044176;1;1;1;2;2;1;2;1;1;1;1;1;2;2;2;2;2;1;2;1;2;1;2;1;2;2;2;1;3;3;3;3;4;2;4;2;5;2;5;4;3;3;3;3;2;2;1;2;1;1;8;7;8;4;4;4;4;4;1;2;1;4;2;3;3;3;3;2;2;3;3;2;2;2;2;4;1;3;1;2;2;3;3;3;3;3;3;2;2;3;3;2;2;6;1;3;2;1;0;0;0;0;0;0;0;0;0;0;0;7;3;4;7;7;2;7;2;2;3;2;2;1;4;4;2;0;2;2;0;2;2;2;2;1;3;2;2;1;2;2;1;1;1;1;2;4;3;2;2;3;3;3;1;1;2;3;1;2;1;3;2;5;7;6;5;5;7;7;1;1;1;1;2;2;2;4;1;1;1;4;5;4;4;3;3;7;3;6;6;6;3;6;1;4;3;7;4;4;4;4;4;4;3;3;5;1;5;1;2;1;3;2;2;2;2;2;2;2;3;1;2;2;2;2;1;1;410002;410002;410002;1;1;2;2;1;1;2;2;2;2;1;3;2;4;2;3;5;7;5;6;5;5;9;7;7;9;9;9;8;2;2;2;2;2;4;4;2;1967;50;4;3;1;1;1;410;410;410;1;4;1;2390;1;2;6;3;6;3;0;1;0;1;1;1;3;3;9;1;1;1;2;7;2;2;20000000;410004;4;2;1;0.4430555555555556;0.22111111111111115;0.7781481481481481;0.6412962962962963;0.5;0.33;0.33;0.3866666666666667;0.0;0.0;0.16666666666666666;0.05555555555555555;1.0;1.0;1.0;1.0;0.33;0.33;0.33;0.33;1.0;1.0;1.0;1.0;0.75;0.66;0.66;0.6900000000000001;0.6666666666666666;0.5555555555555556;0.5555555555555556;0.5925925925925926;0.66;1.0;0.8300000000000001;0.8300000000000001;1.0;1.0;1.0;1.0;1.0;1.0;1.0;1.0;1.0;1.0;1.0;1.0;1;1;0;1;1;9;8;8;9;8;9;8;8;9;8;8;8;9;8;7;8;1;4;2;700;30000;3000;9;7;1;8;9;9;8;8;1;2;2;3;7;1;1;2;2;2;1;2;4;1;3;8;1;2;4
"1-5-0 (2020-11-16)";"doi.org/10.14281/18241.1";2018;410;"KOR";732;"ROK";410071218;20180115;201712;201801;15.12;15.33;21;1;410030;410006;8;5;2;1;1218;2390;"ko";3;1;1.0;0.8032128514056225;41453.815261044176;1;1;1;2;1;3;1;1;2;1;1;2;2;1;2;2;2;1;2;1;1;1;1;1;1;2;1;3;3;3;2;1;3;3;1;1;3;3;3;3;2;2;2;2;2;3;1;1;2;1;6;7;7;4;4;4;4;4;3;2;1;2;1;3;3;3;2;2;2;2;2;2;3;2;3;3;2;2;2;3;2;2;2;2;2;2;2;2;2;2;2;2;2;6;1;1;2;0;1;0;0;0;0;0;0;0;0;0;0;7;7;3;4;4;2;6;2;3;2;3;2;3;3;7;3;2;2;2;2;2;2;1;1;2;3;4;4;4;4;4;4;4;1;2;2;2;2;2;2;2;2;2;1;1;1;2;3;1;2;1;4;5;6;7;8;7;7;6;2;2;2;2;4;2;7;8;3;1;2;4;5;3;3;2;2;2;2;6;4;4;2;2;2;2;2;3;2;2;3;2;3;3;2;2;4;1;2;1;3;1;1;2;2;3;2;3;2;3;3;2;2;2;2;3;2;2;410002;410002;410002;2;2;2;2;2;2;2;2;2;2;1;1;1;3;1;4;6;7;2;9;7;2;7;6;6;9;9;8;8;2;2;1;1;1;2;2;1;1993;24;1;1;1;1;1;410;410;410;1;5;2;2390;6;0;6;3;-3;-3;3;2;3;2;6;-3;-3;-3;9;-3;2;2;2;6;2;0;100000020;410004;2;2;2;0.6091666666666666;0.49833333333333335;0.58875;0.4700000000000001;0.0;0.33;0.0;0.11;0.66;1.0;1.0;0.8866666666666667;1.0;1.0;1.0;1.0;0.33;0.33;0.66;0.44;1.0;1.0;1.0;1.0;0.5;0.66;0.66;0.6066666666666668;0.1111111111111111;0.5555555555555556;0.3333333333333333;0.3333333333333333;0.33;0.5;0.41500000000000004;0.41500000000000004;1.0;1.0;1.0;1.0;1.0;1.0;1.0;1.0;1.0;1.0;1.0;1.0;1;0;1;0;0;8;7;7;7;7;7;7;7;7;7;7;8;7;7;7;6;-3;-3;2;600;35000;0;7;6;1;7;7;7;7;5;1;2;5;6;7;5;4;6;6;2;1;2;3;2;2;8;5;4;-3
"1-5-0 (2020-11-16)";"doi.org/10.14281/18241.1";2018;410;"KOR";732;"ROK";410071219;20180115;201712;201801;15.14;15.34;20;1;410047;410013;7;4;3;1;1219;2390;"ko";3;1;1.0;0.8032128514056225;41453.815261044176;1;2;2;3;1;4;1;1;1;1;2;2;1;2;2;2;2;1;2;1;2;1;2;2;2;2;1;1;1;1;1;1;1;1;1;1;2;1;4;3;3;3;3;2;1;2;2;2;2;2;7;5;6;4;4;4;4;4;2;2;1;4;3;4;3;3;3;2;3;3;3;3;2;3;4;4;3;3;2;3;2;2;2;3;3;3;3;3;3;3;3;3;3;7;2;1;2;0;0;0;0;0;0;0;0;0;0;0;0;8;7;9;7;4;1;7;3;3;3;3;3;1;2;7;2;0;2;2;2;1;1;2;2;3;3;2;2;3;3;1;1;1;2;2;2;3;2;2;2;3;3;3;2;1;2;1;3;2;1;3;2;8;7;8;8;8;7;7;1;1;1;1;3;3;5;6;2;1;1;4;4;4;4;6;4;4;5;6;6;7;4;7;6;5;5;5;6;6;7;4;4;4;4;3;5;3;5;1;3;1;3;3;3;3;3;3;3;3;3;3;3;3;3;3;2;2;410008;410008;410008;2;3;3;2;2;3;3;2;2;3;3;3;2;4;2;4;5;9;4;10;6;1;4;4;1;6;7;6;6;2;3;3;3;3;4;4;1;1975;42;3;2;1;1;1;410;410;410;1;3;1;2390;1;1;5;3;5;3;1;1;1;1;1;1;5;5;5;2;1;2;3;4;2;7;70000000;410004;4;2;1;0.6788888888888889;0.6377777777777778;0.432037037037037;0.24074074074074073;0.5;0.66;0.0;0.3866666666666667;1.0;1.0;0.6666666666666666;0.8888888888888888;1.0;1.0;1.0;1.0;0.33;0.66;0.33;0.44;1.0;0.0;1.0;0.6666666666666666;0.0;0.0;0.0;0.0;0.3333333333333333;0.5555555555555556;0.5555555555555556;0.48148148148148145;0.66;0.5;0.5800000000000001;0.5800000000000001;1.0;1.0;1.0;1.0;1.0;1.0;1.0;1.0;1.0;1.0;1.0;1.0;1;1;0;1;1;6;7;6;8;5;7;7;6;6;7;7;7;6;8;8;8;1;2;3;500;5000;1000;7;4;3;8;8;8;5;4;1;1;4;3;5;5;5;3;3;4;3;2;2;1;4;5;5;5;4
"1-5-0 (2020-11-16)";"doi.org/10.14281/18241.1";2018;410;"KOR";732;"ROK";410071220;20180115;201712;201801;15.37;15.57;20;1;410030;410006;8;5;2;1;1220;2390;"ko";3;1;1.0;0.8032128514056225;41453.815261044176;1;1;2;2;1;2;1;2;1;1;1;1;2;2;2;2;2;1;1;1;1;1;2;1;1;2;2;2;2;3;3;2;1;1;1;1;2;1;4;2;3;2;2;2;2;3;2;2;2;2;7;7;8;4;4;4;4;4;1;2;1;2;2;3;3;3;3;3;3;2;3;2;3;2;3;3;2;2;2;3;2;2;2;2;2;2;2;2;2;2;2;2;2;6;1;2;2;0;1;0;0;0;0;0;0;0;2;0;0;6;7;3;6;3;2;7;2;3;2;3;2;3;4;7;3;2;2;2;2;2;2;1;1;2;3;4;4;4;4;4;4;4;1;1;2;2;2;2;2;2;2;2;1;1;1;1;2;1;2;1;2;5;6;6;7;7;7;3;2;2;2;2;3;3;7;8;2;1;2;6;5;3;1;2;1;1;1;6;5;4;3;3;2;6;4;4;3;3;4;2;3;3;3;2;2;1;2;1;1;1;1;2;3;3;3;3;2;3;3;3;2;3;3;3;1;1;-2;-2;-2;2;2;2;2;2;2;2;2;2;2;2;1;2;3;1;4;6;8;2;9;7;4;8;7;7;9;9;7;7;2;2;1;1;1;1;2;1;1975;42;3;2;1;1;1;410;410;410;1;5;1;2390;1;3;6;3;6;3;1;1;1;1;1;5;3;-5;7;2;1;2;3;4;2;0;100000020;410004;2;2;0;0.595;0.5816666666666668;0.37375;0.33166666666666667;0.5;0.33;0.33;0.3866666666666667;0.33;1.0;1.0;0.7766666666666667;1.0;1.0;0.0;0.6666666666666666;0.66;0.33;0.66;0.5499999999999999;0.0;1.0;1.0;0.6666666666666666;0.0;0.33;0.66;0.33;0.0;0.5555555555555556;0.4444444444444444;0.3333333333333333;0.33;0.0;0.165;0.165;1.0;1.0;1.0;1.0;1.0;1.0;1.0;1.0;1.0;1.0;1.0;1.0;0;0;1;0;1;7;7;7;8;7;7;6;6;7;6;7;7;6;7;5;6;1;4;3;500;35000;5000;8;4;1;8;8;7;8;5;1;1;4;5;7;4;3;4;5;2;1;2;2;2;2;6;2;3;4
"1-5-0 (2020-11-16)";"doi.org/10.14281/18241.1";2018;410;"KOR";732;"ROK";410071221;20180115;201712;201801;15.43;16.04;21;1;410047;410013;7;4;3;1;1221;2390;"ko";2;1;1.0;0.8032128514056225;41453.815261044176;1;2;3;3;3;3;2;1;1;1;1;1;2;2;2;2;2;1;2;1;2;1;2;1;2;2;2;1;1;2;2;2;2;1;1;1;1;1;2;3;3;3;2;1;1;2;2;2;2;2;7;8;7;4;4;4;4;4;1;2;1;3;2;3;2;4;3;2;2;3;3;2;2;3;2;2;2;2;2;3;3;3;3;3;2;2;2;1;1;2;2;2;2;5;1;1;2;0;0;0;0;0;0;0;0;0;0;0;0;7;3;4;5;5;1;5;2;3;2;2;2;1;2;7;2;1;2;2;2;1;1;1;1;1;3;2;2;2;1;2;2;1;2;2;2;3;3;2;2;2;4;4;2;2;1;3;1;2;1;2;3;7;6;7;7;6;6;7;2;2;2;2;4;4;7;8;3;2;2;9;3;3;5;6;5;3;4;5;6;4;4;5;5;6;4;5;4;4;7;4;4;4;3;2;4;1;5;2;2;2;2;2;3;3;3;3;3;3;3;3;3;3;3;3;1;1;410001;410001;410001;2;3;2;2;3;3;2;2;3;3;3;3;2;4;2;4;8;7;7;7;7;8;8;9;7;8;7;8;7;2;3;2;2;2;4;4;1;1954;63;5;3;1;1;1;410;410;410;1;4;1;2390;1;2;3;2;1;1;0;1;0;1;1;5;3;-5;9;2;1;2;3;4;2;0;100000020;410004;4;2;1;0.6783333333333335;0.6916666666666668;0.6076851851851852;0.3003703703703704;0.5;0.66;0.33;0.49666666666666676;0.66;1.0;1.0;0.8866666666666667;1.0;1.0;1.0;1.0;0.33;0.33;0.33;0.33;1.0;1.0;1.0;1.0;0.25;0.0;0.33;0.19333333333333336;0.2222222222222222;0.4444444444444444;0.5555555555555556;0.40740740740740744;0.66;1.0;0.8300000000000001;0.8300000000000001;1.0;1.0;1.0;1.0;1.0;1.0;1.0;1.0;1.0;1.0;1.0;1.0;1;1;0;1;1;7;7;8;5;6;3;4;4;5;4;5;6;5;6;5;7;1;2;3;300;30000;2000;7;5;1;7;8;8;7;4;1;1;3;4;5;3;2;3;3;3;2;2;3;2;3;7;5;3;4
"1-5-0 (2020-11-16)";"doi.org/10.14281/18241.1";2018;410;"KOR";732;"ROK";410071222;20180115;201712;201801;15.49;16.09;20;1;410045;410011;7;4;3;1;1222;2390;"ko";3;1;1.0;0.8032128514056225;41453.815261044176;2;1;1;2;2;2;2;2;1;1;2;1;1;2;1;2;2;1;2;2;2;2;1;1;1;2;2;3;3;3;2;2;2;1;3;3;4;2;3;4;4;3;3;4;2;3;1;2;3;2;5;5;3;4;4;4;4;4;3;2;2;2;3;3;3;3;2;3;2;2;2;3;2;3;3;3;3;2;1;3;2;2;3;3;3;3;3;3;3;2;2;2;2;7;3;1;2;1;2;0;0;0;0;0;0;0;0;0;0;8;1;1;2;3;1;7;2;3;3;3;3;2;4;7;3;2;2;2;1;0;0;0;2;2;2;4;4;4;4;4;3;4;1;2;2;1;1;2;2;2;2;4;1;1;2;1;2;3;2;1;2;9;9;7;2;7;10;7;1;1;2;2;3;3;3;4;2;1;2;3;2;1;1;1;1;1;1;1;5;5;4;1;1;1;1;2;1;1;1;3;4;4;2;2;1;1;1;1;1;1;1;1;1;2;1;2;1;2;2;2;1;1;2;2;1;1;410002;410002;410002;1;4;4;4;2;2;4;4;2;2;1;2;1;4;2;3;4;10;1;10;10;1;8;2;2;10;10;7;7;2;3;3;3;3;3;3;1;1989;28;2;1;1;1;1;410;410;410;1;3;2;2390;6;0;5;3;-3;-3;3;2;5;3;3;-3;7;-3;9;2;2;2;3;4;2;2;20000000;410004;2;2;-1;0.40027777777777773;0.5255555555555556;0.2924537037037037;0.33574074074074073;0.5;0.66;0.33;0.49666666666666676;0.33;1.0;0.3333333333333333;0.5544444444444444;0.0;0.0;0.0;0.0;0.66;0.66;0.33;0.5499999999999999;0.0;0.0;1.0;0.3333333333333333;0.25;0.66;0.66;0.5233333333333333;0.0;0.0;0.4444444444444444;0.14814814814814814;0.33;0.0;0.165;0.165;1.0;1.0;1.0;1.0;1.0;1.0;1.0;1.0;1.0;1.0;1.0;1.0;0;0;1;0;1;5;5;5;6;2;5;1;1;2;6;6;5;6;7;5;4;4;1;3;450;35000;8000;5;3;1;5;5;6;6;3;2;5;3;4;7;2;3;3;4;1;1;3;1;2;2;7;3;3;-3
"1-5-0 (2020-11-16)";"doi.org/10.14281/18241.1";2018;410;"KOR";732;"ROK";410071223;20180115;201712;201801;15.5;16.11;21;1;410044;410012;7;4;3;1;1223;2390;"ko";3;1;1.0;0.8032128514056225;41453.815261044176;2;2;3;3;2;3;1;2;1;1;2;2;1;1;2;2;2;1;2;1;1;1;1;1;2;2;2;2;3;2;3;3;2;1;2;1;4;2;4;2;2;2;2;2;2;2;2;2;2;2;9;9;8;4;4;4;4;4;1;2;2;3;2;3;3;3;3;2;2;2;2;2;2;2;3;2;2;2;2;2;2;2;2;2;2;2;3;3;3;3;3;3;3;9;1;2;2;0;0;0;0;0;0;0;0;0;1;0;0;6;8;2;6;8;1;9;2;2;2;2;2;2;3;8;3;2;2;2;2;2;2;2;2;3;2;3;3;3;3;3;3;3;1;2;2;3;3;2;2;3;3;3;2;2;2;4;1;3;1;1;2;8;9;8;5;5;8;3;2;2;2;2;3;2;6;7;3;1;1;5;2;2;1;1;1;1;1;1;6;4;1;1;1;1;1;1;1;1;1;4;4;4;3;3;5;5;5;1;5;2;5;1;2;2;2;2;3;2;2;2;2;2;2;2;2;2;-2;-2;-2;2;2;2;2;2;2;2;2;2;2;2;2;2;2;2;2;2;10;3;10;10;5;10;8;5;8;9;7;7;2;3;2;2;2;3;3;2;1955;62;5;3;1;1;1;410;410;410;1;2;1;2390;5;3;2;1;-3;-3;0;1;0;1;5;-3;-3;-5;9;-3;2;2;3;1;1;0;100000020;410004;1;1;1;0.4977777777777778;0.663888888888889;0.23296296296296298;0.2992592592592593;0.5;0.66;0.33;0.49666666666666676;0.66;1.0;0.8333333333333334;0.8311111111111112;1.0;0.0;0.0;0.3333333333333333;0.33;0.33;0.33;0.33;0.0;0.0;1.0;0.3333333333333333;0.25;0.66;0.33;0.4133333333333334;0.0;0.0;0.5555555555555556;0.1851851851851852;0.0;0.0;0.0;0.0;1.0;1.0;1.0;1.0;1.0;1.0;1.0;1.0;1.0;1.0;1.0;1.0;0;0;0;0;1;8;6;5;6;4;6;3;4;5;5;5;8;5;5;5;6;-3;-3;3;50;9500;0;-3;1;1;-3;-3;-3;8;6;1;1;5;5;9;5;5;5;5;3;7;3;2;2;2;9;5;5;-5
"1-5-0 (2020-11-16)";"doi.org/10.14281/18241.1";2018;410;"KOR";732;"ROK";410071224;20180115;201712;201801;15.58;16.19;21;1;410047;410013;7;4;3;1;1224;2390;"ko";2;1;1.0;0.8032128514056225;41453.815261044176;1;1;2;4;2;3;2;1;1;1;1;1;2;2;2;2;2;1;2;1;2;1;2;1;2;2;3;4;4;3;3;3;4;2;4;2;5;2;5;4;5;4;4;4;2;3;1;3;2;1;8;8;7;4;4;4;4;4;3;2;1;3;2;3;3;3;3;3;2;2;3;3;3;2;2;3;2;2;3;3;3;2;2;3;3;3;2;2;3;2;2;3;3;4;3;1;2;0;0;0;0;0;0;0;0;0;0;0;0;4;3;3;4;3;1;6;2;2;2;1;2;1;3;6;3;1;2;2;1;1;1;1;1;3;2;2;2;2;2;2;2;2;1;2;2;2;1;2;2;2;3;3;1;1;2;3;1;2;1;2;3;7;5;3;7;7;7;4;1;1;1;1;4;4;7;8;3;2;2;7;5;6;6;3;3;7;5;8;7;8;4;7;1;5;4;3;7;5;7;4;4;4;4;3;5;2;5;1;1;1;1;1;2;2;2;2;2;2;2;2;2;2;2;2;2;2;410002;410002;410002;1;2;2;1;1;2;2;2;2;2;2;4;2;4;2;4;4;5;2;10;7;5;8;7;6;10;8;8;7;2;3;2;2;2;3;4;2;1990;27;2;1;1;1;1;410;410;410;1;4;2;2390;6;0;5;3;-3;-3;2;1;2;1;1;-3;5;-3;7;2;2;2;3;5;2;0;100000020;410004;4;2;1;0.8300000000000001;0.8300000000000001;0.8342592592592593;0.7535185185185185;1.0;0.66;0.66;0.7733333333333334;0.66;1.0;1.0;0.8866666666666667;1.0;1.0;1.0;1.0;0.66;0.66;0.66;0.66;1.0;1.0;1.0;1.0;0.75;1.0;0.66;0.8033333333333333;0.6666666666666666;0.7777777777777778;0.6666666666666666;0.7037037037037037;0.66;1.0;0.8300000000000001;0.8300000000000001;1.0;1.0;1.0;1.0;1.0;1.0;1.0;1.0;1.0;1.0;1.0;1.0;1;1;0;1;1;8;7;6;8;8;3;4;5;5;4;5;8;5;4;7;6;1;2;2;600;10000;0;8;7;1;9;8;7;7;8;1;2;1;3;6;1;1;1;1;2;1;3;4;1;2;8;1;1;-3
"1-5-0 (2020-11-16)";"doi.org/10.14281/18241.1";2018;410;"KOR";732;"ROK";410071225;20180115;201712;201801;16.13;16.34;21;1;410047;410013;7;4;3;1;1225;2390;"ko";2;1;1.0;0.8032128514056225;41453.815261044176;1;2;2;3;2;4;1;1;1;1;2;1;2;2;2;2;2;1;1;1;1;1;2;1;2;2;2;2;2;2;2;2;2;1;2;1;1;1;2;3;4;4;3;3;2;2;1;2;2;2;7;7;5;4;4;4;4;4;3;2;1;3;2;3;3;3;3;2;2;3;2;2;2;2;3;3;2;2;2;3;3;3;3;3;2;2;2;1;2;2;2;2;2;5;1;2;2;0;0;0;0;0;0;0;0;0;0;0;0;7;3;4;4;4;2;4;2;3;3;2;3;1;0;5;3;2;2;2;2;2;2;2;2;3;3;2;2;3;2;2;2;1;2;2;2;2;2;2;2;3;4;4;1;1;1;1;2;2;1;2;3;7;7;6;6;7;7;6;1;1;1;1;4;4;7;8;2;2;1;5;3;3;2;4;3;7;6;7;5;7;3;5;3;4;4;2;4;5;6;4;4;4;3;2;5;1;5;1;1;1;1;1;2;3;2;3;2;3;3;3;2;2;3;3;1;1;410002;410002;410002;2;1;2;3;3;3;3;2;2;3;2;3;2;4;2;4;4;7;3;10;5;1;8;6;1;10;10;7;7;2;2;1;2;2;3;4;1;1979;38;3;2;1;1;1;410;410;410;1;3;1;2390;1;1;5;3;5;3;2;1;2;1;3;5;5;-5;4;2;1;2;3;4;2;0;100000020;410004;3;2;1;0.6791666666666667;0.6933333333333334;0.4731481481481482;0.447962962962963;0.5;0.33;0.33;0.3866666666666667;1.0;1.0;1.0;1.0;1.0;1.0;1.0;1.0;0.33;0.33;0.33;0.33;1.0;0.0;1.0;0.6666666666666666;0.25;0.33;0.33;0.3033333333333334;0.6666666666666666;0.6666666666666666;0.4444444444444444;0.5925925925925926;0.66;0.0;0.33;0.33;1.0;1.0;1.0;1.0;1.0;1.0;1.0;1.0;1.0;1.0;1.0;1.0;0;1;0;1;1;5;7;7;7;7;6;6;5;6;4;5;6;6;7;4;6;4;1;3;200;20000;1000;7;4;2;7;7;8;5;6;1;2;3;5;7;2;2;2;2;2;1;3;1;2;2;8;1;3;4
"1-5-0 (2020-11-16)";"doi.org/10.14281/18241.1";2018;410;"KOR";732;"ROK";410071226;20180115;201712;201801;16.27;16.49;21;1;410047;410013;7;4;3;1;1226;2390;"ko";2;1;1.0;0.8032128514056225;41453.815261044176;1;2;1;4;2;4;1;1;1;1;1;2;2;2;2;2;2;1;1;1;2;1;2;1;2;2;2;3;3;3;3;3;4;2;4;2;4;2;3;3;4;4;3;3;3;3;1;3;1;1;7;8;5;4;4;4;4;4;3;2;1;2;2;2;2;2;2;2;2;2;3;2;2;2;3;4;2;2;2;2;2;2;2;2;2;2;2;2;2;2;2;2;2;4;1;3;2;0;0;0;0;0;0;0;0;0;0;0;0;8;3;6;6;7;1;5;2;2;2;2;2;1;0;4;3;2;2;2;2;2;2;2;2;2;3;2;2;3;3;2;1;1;2;2;2;3;3;2;2;4;4;4;2;2;2;1;2;2;1;2;3;7;6;4;5;4;7;4;1;1;1;1;4;4;7;8;1;2;1;5;2;4;4;4;4;7;4;4;5;7;3;6;4;6;5;4;4;4;6;3;3;3;3;2;4;2;5;2;1;1;1;1;3;3;3;3;2;3;3;3;2;3;3;3;2;2;-2;-2;-2;2;2;3;2;2;3;3;2;2;2;2;3;2;3;3;4;4;8;1;10;5;1;7;4;1;9;8;7;6;2;3;2;2;2;3;3;1;1968;49;4;2;1;1;1;410;410;410;1;3;1;2390;1;1;3;2;2;1;0;1;0;1;1;5;3;-5;4;2;1;2;3;4;2;0;100000020;410004;3;2;1;0.665;0.665;0.6253703703703704;0.5857407407407407;1.0;0.66;0.33;0.6633333333333334;1.0;0.0;1.0;0.6666666666666666;1.0;1.0;1.0;1.0;0.33;0.33;0.33;0.33;1.0;1.0;1.0;1.0;0.75;0.66;0.66;0.6900000000000001;0.6666666666666666;0.3333333333333333;0.4444444444444444;0.4814814814814814;0.66;0.0;0.33;0.33;1.0;1.0;1.0;1.0;1.0;1.0;1.0;1.0;1.0;1.0;1.0;1.0;0;1;0;1;1;8;8;8;6;4;3;3;4;4;4;4;8;4;4;4;7;1;3;3;300;20000;3000;8;4;1;9;8;7;8;5;1;1;3;3;5;2;2;2;3;3;7;2;1;1;2;5;2;2;4
"1-5-0 (2020-11-16)";"doi.org/10.14281/18241.1";2018;410;"KOR";732;"ROK";410071227;20180115;201712;201801;16.41;17.02;21;1;410047;410013;7;4;3;1;1227;2390;"ko";2;2;1.0;0.8032128514056225;41453.815261044176;1;2;3;4;3;3;1;1;1;1;1;2;2;2;2;2;2;1;2;1;2;1;2;2;2;2;2;2;2;2;2;2;2;1;3;3;3;3;2;3;3;2;3;3;2;2;2;2;2;2;8;5;7;4;4;4;4;4;3;2;1;3;2;2;3;3;3;2;2;3;2;2;2;3;3;4;3;2;2;2;3;3;3;2;2;2;2;3;3;2;2;2;2;5;1;3;2;0;0;0;0;0;0;0;0;0;0;0;0;7;4;4;4;3;1;7;2;2;2;2;2;1;3;5;3;2;2;2;2;2;2;2;2;2;3;2;2;2;1;1;1;1;2;2;2;3;3;2;2;4;4;4;1;1;2;3;1;2;3;2;3;5;4;1;4;7;5;1;1;1;1;1;4;4;7;8;2;1;1;7;3;3;4;5;4;8;5;6;5;7;2;8;2;3;4;5;6;4;6;4;4;4;3;3;5;2;4;1;1;1;1;1;3;3;3;3;3;3;3;3;3;3;3;3;2;2;410002;410002;410002;2;2;3;2;2;2;3;3;3;3;3;4;4;4;2;4;5;7;5;7;4;5;6;7;7;9;9;7;8;2;3;2;2;2;4;4;1;1961;56;5;3;1;1;1;410;410;410;1;4;1;2390;1;2;3;2;3;2;0;1;0;1;1;5;3;-5;5;2;1;2;3;5;2;0;100000020;410004;4;2;1;0.6783333333333335;0.6916666666666668;0.6814814814814816;0.447962962962963;0.5;0.66;0.33;0.49666666666666676;0.66;1.0;1.0;0.8866666666666667;1.0;1.0;1.0;1.0;0.33;0.33;0.33;0.33;1.0;1.0;1.0;1.0;0.25;0.33;0.33;0.3033333333333334;0.7777777777777778;0.5555555555555556;0.4444444444444444;0.5925925925925926;0.66;1.0;0.8300000000000001;0.8300000000000001;1.0;1.0;1.0;1.0;1.0;1.0;1.0;1.0;1.0;1.0;1.0;1.0;1;1;0;1;1;6;6;7;7;6;3;4;4;6;5;7;6;5;7;5;4;1;3;3;250;15000;0;8;4;1;7;7;8;7;4;1;1;3;3;5;2;3;3;3;3;3;3;1;1;1;6;2;3;4
"1-5-0 (2020-11-16)";"doi.org/10.14281/18241.1";2018;410;"KOR";732;"ROK";410071228;20180115;201712;201801;16.54;17.17;23;1;410047;410013;7;4;3;1;1228;2390;"ko";3;2;1.0;0.8032128514056225;41453.815261044176;1;2;3;4;2;3;1;1;1;1;1;2;2;2;2;2;2;1;2;1;2;1;2;1;2;2;2;3;3;4;4;3;4;2;4;2;3;3;3;3;3;4;4;4;2;2;2;2;2;2;5;6;5;4;4;4;4;4;3;2;1;3;2;3;3;3;3;3;3;2;2;3;3;2;3;4;2;2;2;3;3;4;3;2;2;2;2;3;2;3;3;2;2;3;1;3;2;0;0;0;0;0;0;0;0;0;0;0;0;8;4;4;4;4;1;7;2;3;3;2;2;1;4;5;3;2;2;2;2;2;2;2;1;3;3;2;1;1;1;2;2;1;2;2;2;2;1;2;2;3;3;3;2;2;2;1;3;2;1;2;1;5;6;2;4;4;6;2;1;1;1;1;4;4;7;8;2;2;1;7;3;4;3;4;3;6;4;4;6;6;1;7;3;5;4;3;3;5;5;4;4;3;3;3;5;2;1;1;1;1;1;1;2;2;2;3;2;3;3;3;3;3;3;3;2;2;-2;-2;-2;2;2;3;3;2;2;3;3;2;2;2;4;2;3;2;4;5;7;2;10;4;3;9;3;1;10;10;8;7;2;2;1;1;1;3;4;2;1960;57;5;3;1;1;1;410;410;410;1;2;1;2390;1;2;3;2;3;2;1;1;1;1;1;1;3;6;9;2;2;2;3;4;2;0;100000020;410004;3;2;1;0.7333333333333334;0.6366666666666667;0.7162037037037037;0.6424074074074074;0.5;0.33;0.33;0.3866666666666667;0.66;1.0;1.0;0.8866666666666667;1.0;1.0;1.0;1.0;0.66;0.66;0.66;0.66;1.0;1.0;1.0;1.0;0.75;0.66;1.0;0.8033333333333333;0.5555555555555556;0.3333333333333333;0.5555555555555556;0.48148148148148145;0.66;0.5;0.5800000000000001;0.5800000000000001;1.0;1.0;1.0;1.0;1.0;1.0;1.0;1.0;1.0;1.0;1.0;1.0;1;1;0;1;0;6;6;7;5;5;7;6;6;7;4;4;6;5;5;4;7;1;3;2;500;15000;0;7;4;1;7;5;7;7;4;1;1;3;5;7;2;5;3;5;3;7;2;1;1;1;8;1;1;4
"1-5-0 (2020-11-16)";"doi.org/10.14281/18241.1";2018;410;"KOR";732;"ROK";410071229;20180115;201712;201801;17.08;17.29;22;1;410047;410013;7;4;3;1;1229;2390;"ko";2;1;1.0;0.8032128514056225;41453.815261044176;1;2;3;4;2;3;1;1;1;2;1;2;1;2;2;2;2;1;2;1;2;1;2;1;2;2;2;2;4;4;3;3;4;2;4;2;5;2;4;3;4;4;4;4;2;2;2;2;2;2;6;7;7;4;4;4;4;4;3;2;1;2;2;2;3;3;3;2;2;2;3;3;3;2;2;3;2;2;3;3;2;2;3;4;3;3;2;2;3;3;2;2;2;6;1;3;2;0;0;0;0;0;0;0;0;0;0;0;0;7;3;8;4;3;2;5;2;3;3;2;2;1;3;5;2;1;1;2;2;0;1;1;1;3;2;2;1;1;1;2;2;2;2;2;2;3;2;2;2;4;4;4;2;2;1;3;1;2;1;2;1;7;6;8;5;7;7;7;1;1;1;1;4;4;7;8;2;1;1;5;6;4;4;3;3;7;4;5;5;7;2;7;1;5;7;6;7;7;4;4;4;4;3;3;5;1;1;2;1;1;2;1;3;3;3;3;2;2;3;3;2;2;3;3;2;2;8;8;8;2;1;1;2;3;3;2;2;2;2;2;4;3;3;3;3;7;4;1;10;7;5;7;7;1;10;8;8;8;2;2;1;1;1;3;3;2;1975;42;3;2;1;1;1;410;410;410;1;2;1;2390;1;2;3;2;3;2;1;1;1;1;1;1;5;6;5;2;2;2;2;4;2;0;100000020;410004;3;2;1;0.7058333333333333;0.6366666666666667;0.8162962962962963;0.7175925925925926;0.5;0.33;0.33;0.3866666666666667;0.66;1.0;1.0;0.8866666666666667;1.0;1.0;1.0;1.0;0.33;0.66;0.66;0.55;1.0;1.0;1.0;1.0;0.75;1.0;1.0;0.9166666666666666;0.6666666666666666;0.4444444444444444;0.4444444444444444;0.5185185185185185;0.66;1.0;0.8300000000000001;0.8300000000000001;1.0;1.0;1.0;1.0;1.0;1.0;1.0;1.0;1.0;1.0;1.0;1.0;1;1;0;1;0;7;6;7;7;5;7;7;6;5;8;7;6;7;5;7;6;4;1;2;600;30000;5000;5;4;1;7;5;7;7;6;1;1;3;3;5;2;3;3;2;2;3;1;2;1;3;6;2;3;4
"1-5-0 (2020-11-16)";"doi.org/10.14281/18241.1";2018;410;"KOR";732;"ROK";410071230;20180115;201712;201801;17.3;17.51;21;1;410047;410013;7;4;3;1;1230;2390;"ko";3;1;1.0;0.8032128514056225;41453.815261044176;1;2;3;4;4;4;1;1;1;1;1;2;2;2;2;2;2;1;2;1;2;1;2;2;2;2;2;1;1;2;2;2;3;3;3;3;2;1;2;3;3;3;3;2;2;2;2;2;2;2;7;6;6;4;4;4;4;4;3;2;1;2;2;4;4;4;2;2;3;3;3;2;2;2;3;4;2;1;2;2;2;3;3;3;2;2;2;3;2;2;2;3;3;5;2;1;1;1;0;0;0;0;0;0;0;0;0;0;0;4;4;4;4;5;2;4;2;2;2;2;2;1;2;4;3;1;1;2;1;1;1;1;1;3;2;3;2;2;3;2;2;2;2;2;2;4;4;2;2;2;4;4;1;2;2;2;1;2;1;2;1;7;5;5;7;5;5;6;1;1;1;1;3;3;3;5;1;1;1;7;3;3;3;4;4;3;3;4;3;4;2;5;4;3;4;5;4;4;6;3;4;4;4;3;5;1;5;4;5;5;5;2;3;3;3;3;3;3;3;3;3;3;3;3;1;1;410001;410001;410001;2;3;2;2;1;2;2;2;3;2;3;3;2;3;3;4;8;7;2;9;5;2;8;5;2;9;7;7;7;2;1;1;1;1;4;4;2;1950;67;6;3;1;1;1;410;410;410;1;2;1;2390;5;2;1;1;-3;-3;0;1;0;1;5;-3;-3;-5;10;-3;1;3;3;3;1;7;70000000;410004;2;2;1;0.5127777777777778;0.3605555555555555;0.4664814814814815;0.26796296296296296;0.5;0.0;0.33;0.27666666666666667;1.0;0.0;0.3333333333333333;0.4444444444444444;1.0;1.0;1.0;1.0;0.33;0.33;0.33;0.33;1.0;1.0;1.0;1.0;0.5;0.0;0.33;0.27666666666666667;0.2222222222222222;0.3333333333333333;0.2222222222222222;0.25925925925925924;0.66;0.0;0.33;0.33;1.0;1.0;1.0;1.0;1.0;1.0;1.0;1.0;1.0;1.0;1.0;1.0;0;1;0;1;0;8;6;7;7;7;7;6;6;7;8;7;7;7;4;7;6;-3;-3;3;100;50000;0;7;4;1;8;7;7;7;6;2;1;3;3;5;5;3;3;3;3;2;1;3;1;3;5;5;5;-5
"1-5-0 (2020-11-16)";"doi.org/10.14281/18241.1";2018;410;"KOR";732;"ROK";410071231;20180115;201712;201801;18.39;18.59;20;1;410045;410011;7;4;3;1;1231;2390;"ko";3;1;1.0;0.8032128514056225;41453.815261044176;1;2;1;2;2;3;1;1;2;1;1;1;2;2;2;2;2;1;2;1;2;1;2;2;2;2;2;1;3;3;2;2;2;1;1;1;4;2;3;2;3;2;3;3;2;3;1;3;2;2;5;6;5;4;4;4;4;4;1;2;1;2;3;3;3;3;3;4;3;2;2;1;1;2;2;2;2;3;2;3;2;2;2;4;2;2;2;2;2;2;2;2;2;8;3;2;2;0;1;0;0;0;0;0;0;1;0;0;0;8;2;3;2;2;1;6;3;3;3;3;3;2;4;5;3;1;2;1;1;2;1;0;1;3;2;4;4;4;4;4;4;4;1;2;2;1;1;2;2;2;2;3;1;1;1;2;1;3;2;1;3;9;9;3;9;9;9;3;2;2;2;2;4;4;7;8;3;1;1;3;2;1;1;1;1;3;1;4;6;3;1;1;1;1;1;1;1;1;3;2;4;4;3;3;5;1;1;1;2;1;5;5;2;3;2;3;3;3;3;3;2;2;3;3;1;1;410002;410002;410002;1;3;3;3;2;2;3;3;2;1;1;2;1;4;3;4;5;8;1;8;8;1;8;4;2;9;8;7;7;2;2;2;2;3;3;3;2;1975;42;3;2;1;1;1;410;410;410;1;5;1;2390;1;3;3;2;5;3;2;1;2;1;5;1;-3;6;9;-3;2;2;3;4;2;0;100000020;410004;2;2;1;0.4433333333333333;0.72;0.5146759259259259;0.44685185185185183;1.0;0.33;0.33;0.5533333333333333;0.66;1.0;1.0;0.8866666666666667;0.0;0.0;0.0;0.0;1.0;0.0;0.0;0.3333333333333333;1.0;1.0;1.0;1.0;0.25;0.66;0.66;0.5233333333333333;0.2222222222222222;0.3333333333333333;0.5555555555555556;0.3703703703703704;0.33;0.0;0.165;0.165;1.0;1.0;1.0;1.0;1.0;1.0;1.0;1.0;1.0;1.0;1.0;1.0;0;0;1;0;1;6;7;6;7;3;5;2;2;1;5;6;6;6;6;8;4;-3;-3;3;450;25000;5000;-3;4;1;-3;-3;-3;7;3;1;2;2;3;5;2;3;2;3;1;1;3;1;2;2;7;2;3;4
"1-5-0 (2020-11-16)";"doi.org/10.14281/18241.1";2018;410;"KOR";732;"ROK";410071232;20180115;201712;201801;19.24;19.44;21;1;410045;410011;7;4;3;1;1232;2390;"ko";3;1;1.0;0.8032128514056225;41453.815261044176;1;2;2;2;2;4;1;2;1;1;2;1;1;2;2;2;2;1;2;1;2;1;2;1;2;2;2;1;3;3;3;1;2;1;1;1;2;1;5;1;2;2;3;2;2;3;1;1;2;3;7;7;6;4;4;4;4;4;1;1;1;1;2;3;3;3;3;3;2;2;2;2;2;3;3;3;3;3;2;3;2;2;3;2;2;2;3;3;3;2;2;2;2;2;3;1;1;0;1;0;0;0;0;0;0;0;0;0;0;6;7;2;3;3;2;6;3;3;3;3;3;2;4;6;4;1;2;2;1;2;1;1;0;1;2;4;3;3;4;4;3;3;2;2;2;1;1;2;1;3;2;3;1;1;2;2;1;3;2;1;3;9;8;8;7;8;9;2;2;2;2;2;4;4;7;8;3;1;1;4;2;1;1;1;1;1;1;1;1;1;1;1;1;1;1;1;1;1;5;2;4;4;2;2;1;1;1;5;5;5;5;5;2;3;2;3;2;3;3;3;2;3;3;3;1;1;410002;410002;410002;1;4;4;4;2;2;4;4;2;2;1;2;2;3;3;3;7;8;5;8;7;4;7;5;5;7;7;7;7;2;2;3;3;3;3;3;1;1958;59;5;3;1;1;1;410;410;410;1;4;1;2390;1;2;4;2;3;2;-2;-2;1;1;7;2;-3;4;9;-3;2;3;5;2;1;0;100000020;410004;2;2;0;0.415;0.61;0.2554166666666667;0.26166666666666666;0.0;0.33;0.33;0.22;1.0;1.0;1.0;1.0;0.0;0.0;0.0;0.0;0.66;0.33;0.33;0.44;0.0;0.0;1.0;0.3333333333333333;0.25;0.66;0.66;0.5233333333333333;0.0;0.0;0.0;0.0;0.33;0.0;0.165;0.165;1.0;1.0;1.0;1.0;1.0;1.0;1.0;1.0;1.0;1.0;1.0;1.0;0;0;1;0;1;6;6;6;7;3;5;2;2;3;4;6;6;5;4;7;4;-3;-3;5;200;15000;3000;-3;1;1;-3;-3;-3;7;5;1;1;4;2;6;3;3;3;3;2;1;1;3;1;3;6;4;4;4
"1-5-0 (2020-11-16)";"doi.org/10.14281/18241.1";2018;410;"KOR";732;"ROK";410071233;20180115;201712;201801;19.53;20.13;20;1;410045;410011;7;4;3;1;1233;2390;"ko";1;1;1.0;0.8032128514056225;41453.815261044176;1;2;2;2;2;2;1;2;1;1;2;2;2;1;1;2;2;1;2;1;1;1;2;2;2;2;2;2;3;3;3;3;3;3;2;1;4;2;5;2;3;2;2;4;2;1;2;2;2;2;8;8;7;4;4;4;4;4;1;2;1;2;3;3;3;3;2;3;3;3;2;2;2;3;3;3;3;2;2;2;2;2;2;2;2;2;2;2;2;2;2;2;2;8;3;1;2;2;2;2;0;1;0;1;1;0;0;0;0;9;2;3;2;2;1;6;3;3;3;3;3;2;0;6;4;2;2;2;1;0;2;0;0;1;2;4;4;4;4;4;4;4;2;2;2;1;2;2;2;2;2;3;1;1;1;3;1;3;2;1;2;9;9;7;3;8;8;8;1;1;1;1;3;3;2;3;1;2;2;4;2;2;1;1;1;3;1;4;3;2;1;1;1;1;1;1;1;1;1;3;4;4;2;2;1;1;1;4;4;1;5;3;1;3;2;3;1;2;2;2;2;2;3;3;1;1;410002;410002;410002;2;4;4;3;2;2;3;3;2;2;2;2;2;4;3;3;6;9;4;8;8;2;8;3;3;8;8;8;7;2;2;2;2;2;2;2;2;1952;65;6;3;1;1;1;410;410;410;1;2;1;2390;1;3;6;3;6;3;3;2;5;3;5;4;-3;-5;3;-3;2;2;3;4;2;2;20000000;410004;3;2;0;0.3313888888888889;0.27611111111111114;0.4660648148148148;0.432962962962963;0.5;0.33;0.33;0.3866666666666667;0.33;0.0;0.16666666666666666;0.16555555555555557;1.0;0.0;0.0;0.3333333333333333;0.66;0.33;0.33;0.44;0.0;0.0;1.0;0.3333333333333333;0.5;0.66;0.66;0.6066666666666668;0.2222222222222222;0.3333333333333333;0.2222222222222222;0.25925925925925924;0.33;1.0;0.665;0.665;1.0;1.0;1.0;1.0;1.0;1.0;1.0;1.0;1.0;1.0;1.0;1.0;1;0;1;0;1;7;6;6;7;3;6;3;3;2;5;7;7;7;6;9;6;-3;-3;3;350;68000;0;-3;5;1;-3;-3;-3;7;7;1;2;3;5;5;3;3;3;4;1;1;3;2;2;2;6;3;4;4
"1-5-0 (2020-11-16)";"doi.org/10.14281/18241.1";2018;410;"KOR";732;"ROK";410071234;20180115;201712;201801;20.31;21.21;51;1;410044;410012;7;4;3;1;1234;2390;"ko";3;1;1.0;0.8032128514056225;41453.815261044176;1;2;2;2;1;4;1;2;1;1;2;1;2;1;2;2;2;1;2;2;2;2;2;1;2;2;2;2;2;3;3;3;3;3;2;1;4;2;3;4;2;2;4;2;1;2;1;3;2;1;8;8;6;4;4;4;4;4;1;2;1;2;2;3;3;3;2;2;2;3;2;3;2;2;3;3;3;2;2;3;2;2;2;2;2;2;2;2;2;2;2;2;2;10;3;1;1;2;0;0;0;0;0;0;0;0;0;0;0;10;4;4;5;1;2;10;2;2;2;2;2;2;2;7;4;2;2;0;0;0;2;0;0;2;2;4;4;4;4;4;4;4;2;2;2;3;4;2;2;3;4;4;1;1;1;2;1;3;1;1;2;7;7;7;4;4;8;8;1;1;1;1;3;3;2;1;1;1;1;4;1;4;1;1;1;10;1;1;10;10;5;1;1;1;1;1;1;1;1;3;4;4;3;3;5;1;5;1;5;5;5;5;2;2;2;2;2;3;3;3;2;2;2;2;1;1;-2;-2;-2;1;3;3;2;2;2;1;4;1;2;1;3;3;4;1;3;3;10;1;10;10;3;10;4;1;10;10;9;8;2;1;2;2;2;2;3;2;1990;27;2;1;1;1;1;410;410;410;1;3;2;2390;6;0;5;3;-3;-3;3;2;3;2;1;-3;3;-3;5;2;2;1;3;5;2;2;20000000;410004;1;1;1;0.40138888888888885;0.4161111111111111;0.37416666666666665;0.5816666666666667;1.0;0.0;0.33;0.44333333333333336;1.0;0.0;0.16666666666666666;0.3888888888888889;1.0;0.0;0.0;0.3333333333333333;0.33;0.66;0.33;0.44;0.0;0.0;1.0;0.3333333333333333;0.5;0.33;0.66;0.49666666666666676;1.0;0.0;1.0;0.6666666666666666;0.0;0.0;0.0;0.0;1.0;1.0;1.0;1.0;1.0;1.0;1.0;1.0;1.0;1.0;1.0;1.0;0;0;0;0;1;7;4;3;5;1;6;6;4;5;5;7;7;6;7;6;4;1;3;3;600;20000;0;8;3;1;10;10;7;8;3;1;1;3;3;8;1;1;3;3;1;1;2;3;2;3;8;1;2;-3
"1-5-0 (2020-11-16)";"doi.org/10.14281/18241.1";2018;410;"KOR";732;"ROK";410071235;20180116;201712;201801;20.1;21.15;65;1;410044;410012;7;4;3;1;1235;2390;"ko";2;1;1.0;0.8032128514056225;41453.815261044176;1;1;2;3;1;4;1;2;1;1;2;1;2;1;2;2;2;1;2;2;2;2;2;1;2;2;2;3;4;4;4;3;4;2;2;1;3;3;2;3;1;1;3;2;2;2;2;3;2;2;8;8;6;4;4;4;4;4;1;2;1;2;2;3;3;3;2;2;2;2;2;2;2;2;2;2;2;2;2;2;2;2;2;2;2;2;2;2;2;2;2;2;2;10;3;1;2;0;0;0;0;0;0;0;0;0;0;0;0;9;6;6;6;3;1;10;3;3;3;3;3;3;2;7;4;2;2;0;2;1;2;0;1;3;2;4;3;4;4;4;4;4;2;2;2;3;3;2;2;3;3;3;1;1;1;2;1;3;1;1;2;7;10;10;8;8;8;1;2;2;2;2;4;4;7;8;3;1;1;1;1;1;1;1;1;6;1;1;10;7;7;6;1;1;1;1;1;1;1;3;4;4;4;2;5;1;5;1;5;5;5;5;2;2;2;3;1;3;3;3;3;2;3;3;1;1;410002;410002;410002;1;3;3;1;2;1;1;4;1;1;1;2;2;4;1;4;3;7;1;10;6;6;10;1;1;10;10;7;7;1;1;1;1;1;2;3;2;1972;45;4;2;1;1;1;410;410;410;1;4;1;2390;1;2;3;2;6;3;3;2;3;2;1;1;5;4;3;2;2;2;3;5;2;0;100000020;410004;1;1;1;0.44333333333333336;0.7216666666666667;0.4421296296296296;0.7175925925925926;1.0;0.0;0.33;0.44333333333333336;1.0;1.0;1.0;1.0;0.0;0.0;0.0;0.0;0.33;0.33;0.33;0.33;0.0;0.0;1.0;0.3333333333333333;0.75;1.0;1.0;0.9166666666666666;0.5555555555555556;0.0;1.0;0.5185185185185185;0.0;0.0;0.0;0.0;1.0;1.0;1.0;1.0;1.0;1.0;1.0;1.0;1.0;1.0;1.0;1.0;0;0;0;0;1;7;6;6;6;3;5;5;3;6;6;7;8;4;6;6;5;1;2;3;500;30000;2000;7;3;1;10;10;7;8;6;1;2;4;4;6;1;2;3;3;1;1;3;2;2;3;7;1;4;1
"1-5-0 (2020-11-16)";"doi.org/10.14281/18241.1";2018;410;"KOR";732;"ROK";410071236;20180116;201712;201801;9.19;9.55;36;1;410044;410012;7;4;3;1;1236;2390;"ko";3;1;1.0;0.8032128514056225;41453.815261044176;1;1;2;2;2;4;1;2;1;1;2;1;2;1;2;2;2;1;2;1;2;1;2;1;2;2;2;2;2;3;2;3;2;1;1;1;3;3;3;4;1;1;4;2;2;2;2;3;2;3;7;7;4;4;4;4;4;4;3;2;1;3;2;3;3;3;3;3;3;3;3;3;3;3;3;3;3;3;3;3;3;3;3;3;3;3;3;3;3;3;3;3;3;10;3;1;1;0;0;0;0;0;0;0;0;0;0;0;0;7;3;5;5;3;1;10;2;3;3;3;3;2;3;5;3;2;2;0;0;0;2;0;2;2;2;4;3;4;4;4;4;4;2;2;2;2;4;2;2;3;3;3;1;1;1;2;4;1;3;1;2;8;10;10;7;6;10;1;2;2;2;2;4;4;7;7;3;1;1;6;1;1;1;1;1;1;1;1;8;6;1;1;1;1;1;1;1;1;1;2;4;4;3;2;5;1;5;1;5;5;5;5;3;3;3;3;2;3;3;3;3;2;3;3;1;1;410002;410002;410002;1;3;3;1;2;1;2;4;1;1;1;2;2;4;1;4;6;8;1;10;7;6;10;1;1;10;10;7;7;1;2;1;1;2;2;2;1;1957;60;5;3;1;1;1;410;410;410;1;3;1;2390;1;1;6;3;3;2;1;1;2;1;1;1;4;5;9;2;1;3;5;2;1;0;100000020;410004;1;1;1;0.5533333333333333;0.7766666666666666;0.2514814814814815;0.3362962962962963;1.0;0.33;0.33;0.5533333333333333;1.0;1.0;1.0;1.0;0.0;0.0;0.0;0.0;0.66;0.66;0.66;0.66;0.0;0.0;1.0;0.3333333333333333;0.25;0.33;0.66;0.41333333333333333;0.0;0.0;0.7777777777777778;0.25925925925925924;0.0;0.0;0.0;0.0;1.0;1.0;1.0;1.0;1.0;1.0;1.0;1.0;1.0;1.0;1.0;1.0;0;0;0;0;1;7;6;6;7;3;6;1;1;8;5;8;7;4;5;7;5;1;3;5;300;10000;1000;6;1;3;8;8;8;7;4;1;1;2;2;5;1;2;3;2;1;1;2;3;1;2;5;1;1;1
"1-5-0 (2020-11-16)";"doi.org/10.14281/18241.1";2018;410;"KOR";732;"ROK";410071237;20180116;201712;201801;10.07;10.34;27;1;410044;410012;7;4;3;1;1237;2390;"ko";3;1;1.0;0.8032128514056225;41453.815261044176;1;2;3;4;4;2;1;2;1;1;2;1;1;2;2;2;2;1;1;1;2;1;2;1;2;1;2;2;2;2;2;4;2;1;1;1;2;1;4;2;2;1;2;2;2;3;1;3;2;3;9;7;5;4;4;4;4;4;1;2;1;2;2;3;3;3;2;2;2;2;2;2;2;2;2;3;2;2;2;2;2;2;2;2;2;2;2;2;2;2;2;2;2;10;3;3;1;1;0;0;0;0;0;0;0;0;0;0;0;7;5;1;6;1;1;10;3;3;3;3;3;3;2;6;4;2;0;0;0;0;2;0;1;3;2;4;4;4;4;4;4;4;2;2;2;4;4;2;2;2;4;4;1;1;1;2;4;3;1;1;2;6;6;6;6;10;6;10;1;1;1;1;3;3;1;1;1;1;1;6;1;1;1;1;1;1;1;1;6;1;1;1;1;1;1;1;1;1;1;4;4;4;4;3;5;1;5;5;5;5;5;5;3;3;3;3;3;3;3;3;3;3;3;3;1;1;410002;410002;410002;2;4;2;2;2;2;2;4;2;2;1;3;2;4;1;4;7;6;6;10;6;3;6;5;4;6;10;7;6;1;1;1;1;1;2;2;2;1949;68;6;3;1;1;1;410;410;410;1;2;1;2390;1;3;2;1;3;2;0;1;0;1;5;4;-3;-5;0;-3;2;3;3;1;1;2;20000000;410004;1;1;0;0.22083333333333333;0.27666666666666667;0.20546296296296296;0.2442592592592593;1.0;0.0;0.33;0.44333333333333336;0.33;0.0;0.0;0.11;0.0;0.0;0.0;0.0;0.33;0.33;0.33;0.33;0.0;0.0;1.0;0.3333333333333333;0.25;0.33;0.33;0.3033333333333334;0.0;0.0;0.5555555555555556;0.1851851851851852;0.0;0.0;0.0;0.0;1.0;1.0;1.0;1.0;1.0;1.0;1.0;1.0;1.0;1.0;1.0;1.0;0;0;0;0;1;8;7;6;7;4;5;3;3;8;7;6;8;3;4;7;3;-3;-3;3;85;10000;0;-3;1;1;-3;-3;-3;8;4;1;1;5;5;6;1;3;3;3;4;1;3;3;2;3;8;1;2;1
"1-5-0 (2020-11-16)";"doi.org/10.14281/18241.1";2018;410;"KOR";732;"ROK";410071238;20180116;201712;201801;10.35;10.58;23;1;410044;410012;7;4;3;1;1238;2390;"ko";3;1;1.0;0.8032128514056225;41453.815261044176;1;1;2;3;1;4;1;2;1;1;2;1;2;1;2;2;2;1;2;1;2;1;2;1;2;2;2;2;2;4;4;3;4;2;1;1;4;2;3;4;2;1;4;2;2;2;2;2;2;1;8;8;5;4;4;4;4;4;1;2;1;3;2;3;3;3;3;3;3;3;3;3;3;3;3;3;3;3;3;3;3;2;2;2;2;2;2;2;2;2;2;2;2;10;3;1;2;1;0;0;0;0;0;0;0;0;0;0;0;7;6;4;4;4;1;10;3;3;3;3;3;2;0;6;3;2;0;0;0;0;2;0;0;2;2;4;4;4;4;4;4;4;2;2;2;2;2;2;2;2;3;3;1;2;1;1;2;3;1;1;2;7;8;8;7;7;7;8;1;1;1;1;3;4;2;1;2;1;1;6;1;1;1;1;1;6;1;1;6;6;1;4;1;1;1;1;1;1;5;4;4;4;3;2;5;1;5;1;5;5;5;5;2;2;2;2;3;3;3;3;3;3;3;3;1;1;410002;410002;410002;1;3;1;1;1;1;3;4;1;1;1;3;3;4;1;3;4;7;3;10;10;3;10;3;5;10;10;8;7;1;2;1;1;1;2;3;1;1985;32;2;2;1;1;1;410;410;410;1;4;1;2390;1;2;3;2;3;2;1;1;1;1;1;5;3;-5;9;2;1;1;3;4;2;2;20000000;410004;1;1;1;0.4422222222222223;0.5544444444444445;0.34925925925925927;0.5318518518518519;0.5;0.33;0.33;0.3866666666666667;1.0;1.0;0.16666666666666666;0.7222222222222223;0.0;0.0;0.0;0.0;0.66;0.66;0.66;0.66;0.0;0.0;1.0;0.3333333333333333;0.75;0.33;1.0;0.6933333333333334;0.5555555555555556;0.0;0.5555555555555556;0.3703703703703704;0.0;0.0;0.0;0.0;1.0;1.0;1.0;1.0;1.0;1.0;1.0;1.0;1.0;1.0;1.0;1.0;0;0;0;0;1;8;6;6;6;4;6;4;3;8;6;7;8;3;6;7;4;1;3;3;320;8000;1000;8;1;2;10;10;7;8;5;1;2;2;2;6;1;2;3;3;2;1;2;3;2;3;6;1;1;1
"1-5-0 (2020-11-16)";"doi.org/10.14281/18241.1";2018;410;"KOR";732;"ROK";410071239;20180116;201712;201801;11.0;11.2;20;1;410044;410012;6;3;4;1;1239;2390;"ko";3;1;1.0;0.8032128514056225;41453.815261044176;1;2;3;4;2;4;1;2;1;1;2;1;2;1;2;2;2;1;2;1;2;1;2;1;2;1;2;2;3;3;3;2;2;1;2;1;4;2;4;3;2;2;3;2;2;2;1;3;2;3;8;8;6;4;4;4;4;4;1;2;1;2;2;3;3;3;2;2;2;2;2;3;3;3;3;3;3;2;2;3;2;2;2;2;2;2;2;2;2;2;2;2;2;10;2;1;2;0;0;0;0;0;0;0;0;0;0;0;1;8;6;3;5;1;1;8;3;3;3;3;3;2;2;7;3;2;1;1;1;1;2;1;1;2;2;4;4;4;4;4;4;4;2;2;2;4;4;2;2;2;3;3;1;1;1;2;1;3;1;1;2;6;6;7;5;3;6;1;1;1;2;2;4;4;7;7;3;1;1;4;1;1;1;1;1;1;1;1;10;1;1;1;1;1;1;1;1;1;1;4;4;4;4;3;5;1;5;5;5;5;5;5;3;3;3;3;3;3;3;3;3;3;3;3;1;1;410008;410008;410008;2;4;2;2;2;2;1;4;1;2;1;3;2;3;1;4;7;10;1;10;10;6;10;1;5;10;10;7;7;1;1;1;1;1;3;3;2;1953;64;5;3;1;1;1;410;410;410;1;2;1;2390;1;2;3;2;3;2;1;1;1;1;1;1;10;10;9;2;2;2;3;3;1;0;100000020;410004;1;1;1;0.49833333333333335;0.7216666666666667;0.2975;0.42833333333333334;1.0;0.0;0.33;0.44333333333333336;1.0;1.0;1.0;1.0;0.0;0.0;0.0;0.0;0.33;0.66;0.66;0.55;0.0;0.0;1.0;0.3333333333333333;0.25;0.66;0.66;0.5233333333333333;0.0;0.0;1.0;0.3333333333333333;0.0;0.0;0.0;0.0;1.0;1.0;1.0;1.0;1.0;1.0;1.0;1.0;1.0;1.0;1.0;1.0;0;0;0;0;1;7;7;5;8;4;6;4;4;7;6;6;7;2;8;6;3;4;2;3;300;35000;0;7;5;1;10;10;10;8;6;1;1;2;2;5;1;2;2;2;2;3;3;3;2;2;5;1;2;1
"1-5-0 (2020-11-16)";"doi.org/10.14281/18241.1";2018;410;"KOR";732;"ROK";410071240;20180116;201712;201801;11.58;12.18;20;1;410029;410005;8;5;2;1;1240;2390;"ko";2;1;1.0;0.8032128514056225;41453.815261044176;1;2;2;3;2;2;1;1;1;1;1;2;2;2;2;2;2;1;1;1;1;1;2;2;2;2;2;2;2;2;2;2;2;1;2;1;3;3;3;2;3;2;2;2;2;2;2;2;2;2;8;7;6;4;4;4;4;4;3;2;1;2;2;3;3;3;2;3;3;3;3;3;3;3;3;3;3;3;3;3;3;3;3;3;3;3;3;3;3;3;3;3;3;6;3;3;2;1;0;0;0;0;0;0;0;0;0;0;0;7;7;6;7;7;1;5;2;2;2;2;2;1;3;6;3;2;1;1;1;1;1;1;1;3;2;3;3;4;4;4;4;4;1;1;2;2;2;2;2;2;2;2;1;2;2;2;1;3;2;1;3;7;5;5;7;6;6;7;1;1;2;1;3;3;1;2;1;1;1;6;2;3;1;1;1;1;3;4;4;3;3;2;1;3;1;3;2;2;2;2;2;2;3;2;5;1;5;2;1;1;5;1;2;2;2;2;2;2;2;2;2;2;2;2;1;1;410002;410002;410002;1;1;2;2;2;2;2;2;2;2;2;2;2;3;2;2;4;6;5;7;7;4;8;7;6;5;8;7;7;2;2;3;1;1;3;3;2;1965;52;4;3;1;1;1;410;410;410;1;4;1;2390;1;2;5;3;5;3;1;1;1;1;1;1;3;3;6;2;2;1;3;7;2;1;10100000;410004;2;2;1;0.37250000000000005;0.24833333333333335;0.4226388888888889;0.2627777777777778;0.5;0.33;0.33;0.3866666666666667;0.33;0.0;0.0;0.11;1.0;0.0;0.0;0.3333333333333333;0.66;0.66;0.66;0.66;1.0;1.0;1.0;1.0;0.25;0.33;0.33;0.3033333333333334;0.0;0.3333333333333333;0.3333333333333333;0.2222222222222222;0.33;0.0;0.165;0.165;1.0;1.0;1.0;1.0;1.0;1.0;1.0;1.0;1.0;1.0;1.0;1.0;0;0;1;0;1;7;7;7;6;6;5;6;6;6;5;6;7;5;5;5;7;1;4;3;450;3000;2000;7;5;1;6;6;7;7;6;1;1;6;7;8;4;5;6;4;2;1;2;2;2;2;8;4;6;4
"1-5-0 (2020-11-16)";"doi.org/10.14281/18241.1";2018;410;"KOR";732;"ROK";410071241;20180116;201712;201801;12.2;12.4;20;1;410044;410012;7;4;3;1;1241;2390;"ko";3;1;1.0;0.8032128514056225;41453.815261044176;1;2;2;2;2;2;1;2;1;1;2;2;1;1;2;2;2;1;2;1;2;1;1;1;2;1;2;3;3;2;2;3;2;1;2;1;4;2;4;2;3;2;2;2;2;2;2;2;2;2;9;7;5;4;4;4;3;4;1;2;2;3;2;3;3;3;2;2;3;2;2;2;2;2;3;2;2;3;2;2;2;2;2;2;2;2;2;2;2;2;2;2;2;9;2;2;2;1;0;0;0;0;0;0;0;0;1;0;0;5;8;3;4;8;1;8;2;2;2;2;3;1;3;8;3;2;2;2;2;2;2;2;2;4;2;3;3;3;4;4;3;3;1;2;2;3;3;2;2;3;3;3;1;1;2;4;1;3;1;1;3;9;8;8;6;6;9;5;1;2;2;2;3;2;3;4;2;1;2;6;1;1;1;1;1;1;1;1;6;4;1;1;1;1;1;1;1;1;1;4;4;4;3;3;5;5;5;1;5;2;5;1;3;3;3;3;3;2;2;2;3;2;2;2;2;2;410002;410002;410002;2;2;2;2;2;2;2;3;2;2;2;2;2;2;2;2;2;10;5;10;10;6;10;10;5;10;10;6;7;2;2;2;2;2;3;3;2;1955;62;5;3;1;1;1;410;410;410;1;2;1;2390;5;3;2;1;-3;-3;0;1;0;1;5;-3;-3;-5;9;-3;1;2;3;1;1;7;70000000;410004;1;1;1;0.31777777777777777;0.47055555555555556;0.23296296296296298;0.2992592592592593;0.5;0.33;0.33;0.3866666666666667;0.33;1.0;0.3333333333333333;0.5544444444444444;0.0;0.0;0.0;0.0;0.33;0.33;0.33;0.33;0.0;0.0;1.0;0.3333333333333333;0.25;0.66;0.33;0.4133333333333334;0.0;0.0;0.5555555555555556;0.1851851851851852;0.0;0.0;0.0;0.0;1.0;1.0;1.0;1.0;1.0;1.0;1.0;1.0;1.0;1.0;1.0;1.0;0;0;0;0;1;8;6;6;7;4;6;4;4;4;4;4;8;4;6;5;6;-3;-3;3;80;15000;0;-3;1;1;-3;-3;-3;8;6;1;1;5;5;9;5;6;5;5;3;7;3;2;2;2;9;5;5;-5
"1-5-0 (2020-11-16)";"doi.org/10.14281/18241.1";2018;410;"KOR";732;"ROK";410071242;20180116;201712;201801;12.21;12.44;23;1;410026;410002;8;5;2;1;1242;2390;"ko";2;1;1.0;0.8032128514056225;41453.815261044176;1;2;1;2;1;3;1;2;2;1;1;2;1;1;2;2;2;1;2;2;2;2;2;1;2;2;1;2;1;3;3;3;1;1;1;1;1;1;2;1;1;2;2;1;2;3;1;3;2;1;7;7;5;4;4;4;4;4;1;2;1;3;2;4;4;4;3;2;3;2;3;2;2;3;3;2;3;3;3;3;2;2;2;2;2;2;2;2;2;2;2;2;2;8;3;3;2;0;0;0;0;0;0;0;0;0;1;0;0;8;4;6;3;5;2;7;3;3;3;2;3;3;2;7;3;2;2;2;1;2;2;2;2;2;2;3;2;3;3;3;2;3;2;2;2;2;2;2;2;2;2;3;1;2;1;1;2;1;3;1;2;8;8;8;6;8;7;8;2;2;2;2;3;3;7;7;3;2;2;6;6;1;1;3;1;6;3;6;7;5;3;6;1;5;3;1;4;5;8;1;3;3;3;2;2;1;2;2;2;2;2;2;1;1;1;1;3;3;3;3;2;2;2;2;1;1;410002;410002;410002;2;3;2;2;3;2;2;4;3;3;2;1;3;4;1;4;3;8;3;9;5;1;9;8;5;9;9;8;9;2;2;1;2;1;2;3;1;1981;36;3;2;1;1;1;410;410;410;1;2;1;2390;1;0;5;3;3;2;1;1;2;1;1;1;3;4;6;2;1;1;3;5;2;0;100000020;410004;1;1;1;0.49833333333333335;0.665;0.3698148148148148;0.4062962962962963;1.0;0.33;0.0;0.44333333333333336;0.66;1.0;1.0;0.8866666666666667;0.0;1.0;0.0;0.3333333333333333;0.33;0.33;0.33;0.33;0.0;1.0;1.0;0.6666666666666666;0.0;0.0;0.66;0.22;0.5555555555555556;0.5555555555555556;0.6666666666666666;0.5925925925925927;0.0;0.0;0.0;0.0;1.0;1.0;1.0;1.0;1.0;1.0;1.0;1.0;1.0;1.0;1.0;1.0;0;0;0;0;1;7;6;7;5;3;4;5;6;6;6;6;8;6;5;8;7;1;2;3;350;20000;2000;6;4;1;7;8;8;8;5;1;1;4;4;5;5;5;6;5;2;1;1;3;2;3;6;5;5;4
"1-5-0 (2020-11-16)";"doi.org/10.14281/18241.1";2018;410;"KOR";732;"ROK";410071243;20180116;201712;201801;12.47;13.07;20;1;410042;410008;7;4;3;1;1243;2390;"ko";2;1;1.0;0.8032128514056225;41453.815261044176;1;2;1;1;1;4;1;2;1;1;2;1;1;2;2;2;2;1;1;1;1;1;1;1;1;1;2;3;2;4;3;3;2;1;1;1;4;2;3;1;1;1;1;4;2;3;1;3;2;3;5;7;7;4;4;4;4;4;1;2;1;4;4;4;4;4;3;3;3;3;4;3;2;4;4;4;4;4;4;4;4;2;3;2;3;3;3;3;3;3;3;3;3;7;3;3;2;0;0;0;0;0;0;0;0;0;0;0;0;3;5;8;2;2;1;10;4;4;4;4;4;3;4;10;3;0;0;2;0;0;0;0;1;3;3;3;2;2;4;4;3;3;1;2;2;2;2;2;2;3;3;3;2;1;2;4;2;1;3;2;3;5;5;5;5;5;5;1;2;2;2;2;4;4;7;8;3;1;2;5;1;1;1;1;1;1;1;1;5;5;5;5;5;5;1;1;1;1;9;3;4;4;2;1;1;1;5;1;5;3;3;3;2;2;2;2;1;2;2;2;1;1;2;2;1;1;410002;410002;410002;1;4;4;4;2;2;2;4;2;2;1;3;3;4;2;4;2;9;1;10;9;1;10;9;5;5;10;6;6;3;2;4;2;4;4;4;1;1963;54;4;3;1;1;1;410;410;410;1;2;1;2390;1;2;5;3;3;2;0;1;0;1;4;1;-3;8;9;-3;2;2;3;4;2;0;100000020;410004;2;1;0;0.5258333333333333;0.7766666666666666;0.25203703703703706;0.33740740740740743;1.0;0.33;0.33;0.5533333333333333;1.0;1.0;1.0;1.0;0.0;0.0;0.0;0.0;0.66;0.66;0.33;0.5499999999999999;0.0;0.0;1.0;0.3333333333333333;0.25;0.33;1.0;0.5266666666666667;0.0;0.0;0.4444444444444444;0.14814814814814814;0.0;0.0;0.0;0.0;1.0;1.0;1.0;1.0;1.0;1.0;1.0;1.0;1.0;1.0;1.0;1.0;0;0;0;1;1;7;5;5;5;3;3;3;3;3;3;2;8;2;2;2;5;-3;-3;3;400;20000;1000;-3;2;1;-3;-3;-3;7;6;2;1;1;4;7;1;1;1;4;1;1;4;1;3;1;7;1;1;4
"1-5-0 (2020-11-16)";"doi.org/10.14281/18241.1";2018;410;"KOR";732;"ROK";410071244;20180116;201712;201801;12.52;13.17;25;1;410026;410002;8;5;2;1;1244;2390;"ko";2;1;1.0;0.8032128514056225;41453.815261044176;1;2;2;2;1;4;1;1;2;1;1;2;2;1;2;2;2;1;2;1;2;1;2;1;2;2;2;4;3;3;3;3;1;1;1;1;2;1;2;4;4;2;2;4;1;2;3;3;2;2;4;5;5;4;4;4;4;4;1;1;1;2;2;3;3;3;3;3;4;3;3;3;2;2;3;3;3;3;2;3;2;2;2;2;2;2;2;2;2;2;2;2;2;8;3;3;2;2;2;2;2;2;2;2;2;2;2;2;2;9;8;6;3;8;2;7;2;3;3;2;3;2;2;5;2;2;2;2;2;2;2;2;2;3;2;3;1;3;3;3;2;2;1;2;2;1;2;2;2;2;1;3;1;2;1;1;2;1;2;1;2;8;7;8;8;8;8;8;2;2;2;2;2;2;7;7;3;2;2;4;7;1;1;1;1;3;4;6;7;8;1;8;5;5;5;1;3;5;8;1;3;4;2;2;5;2;5;2;2;1;2;2;2;2;1;3;3;3;1;1;1;2;2;2;1;1;410002;410002;410002;2;4;3;3;2;2;2;3;3;3;2;1;3;4;2;4;1;8;1;10;5;1;9;8;6;8;9;8;8;2;3;1;1;1;2;3;2;1993;24;1;1;1;1;1;410;410;410;1;4;2;2390;6;0;7;3;-3;-3;3;2;5;3;1;-3;7;-3;6;2;2;2;3;5;2;0;100000020;410004;2;2;2;0.5533333333333333;0.8316666666666668;0.5216203703703703;0.4607407407407408;1.0;0.66;0.33;0.6633333333333334;1.0;1.0;1.0;1.0;0.0;0.0;0.0;0.0;0.66;0.66;0.33;0.5499999999999999;1.0;1.0;1.0;1.0;0.0;0.66;0.66;0.44;0.2222222222222222;0.5555555555555556;0.6666666666666666;0.48148148148148157;0.33;0.0;0.165;0.165;1.0;1.0;1.0;1.0;1.0;1.0;1.0;1.0;1.0;1.0;1.0;1.0;0;0;1;0;1;6;6;7;7;3;5;3;5;6;5;6;8;4;6;7;5;2;5;3;500;40000;3500;4;5;1;5;6;4;8;1;1;5;4;5;8;3;5;5;5;2;1;1;3;2;4;8;3;5;-3
"1-5-0 (2020-11-16)";"doi.org/10.14281/18241.1";2018;410;"KOR";732;"ROK";410071245;20180116;201712;201801;13.03;13.33;30;1;410044;410012;6;3;4;1;1245;2390;"ko";3;1;1.0;0.8032128514056225;41453.815261044176;2;2;2;2;2;3;1;1;1;1;2;2;1;2;2;2;2;1;1;1;2;1;2;2;2;1;2;2;2;2;2;2;2;1;2;1;2;1;4;2;2;2;2;2;2;3;1;2;2;2;9;9;6;4;4;4;4;4;1;2;2;2;2;3;3;3;3;2;3;2;2;2;2;2;3;2;2;3;2;3;2;2;2;2;2;2;2;2;2;2;2;2;2;10;3;1;2;0;0;0;0;0;0;0;0;0;1;0;0;7;8;2;4;7;1;9;2;2;2;2;2;1;3;9;3;2;2;2;2;2;2;2;2;3;2;3;3;3;3;4;2;3;1;2;2;2;2;2;2;3;3;3;1;2;2;4;1;3;1;1;2;8;8;8;8;8;8;2;2;2;2;2;3;2;6;7;3;1;2;5;1;1;1;1;1;1;1;1;1;1;1;1;1;1;1;1;1;1;1;4;4;4;2;2;3;1;5;1;5;2;5;1;2;2;2;2;2;2;2;2;2;2;2;2;1;1;410002;410002;410002;2;2;2;2;2;2;2;3;2;2;2;1;2;2;2;2;2;9;5;10;1;5;10;10;6;8;10;7;8;2;2;2;2;2;3;3;1;1956;61;5;3;1;1;1;410;410;410;1;2;1;2390;1;3;2;1;2;1;0;1;0;1;3;5;10;-5;9;2;1;2;3;1;1;0;100000020;410004;1;1;1;0.38694444444444454;0.608888888888889;0.2425;0.1516666666666667;0.5;0.33;0.33;0.3866666666666667;0.66;1.0;0.8333333333333334;0.8311111111111112;0.0;0.0;0.0;0.0;0.33;0.33;0.33;0.33;1.0;0.0;1.0;0.6666666666666666;0.25;0.33;0.33;0.3033333333333334;0.0;0.0;0.0;0.0;0.0;0.0;0.0;0.0;1.0;1.0;1.0;1.0;1.0;1.0;1.0;1.0;1.0;1.0;1.0;1.0;0;0;0;0;1;8;7;6;6;4;6;4;4;4;4;4;7;4;7;4;7;5;2;3;150;20000;4000;-3;1;1;-3;-3;-3;9;7;1;1;5;5;10;5;6;5;5;3;1;3;2;2;2;10;6;7;4
